0 0.555022715800101 0.14812775330396477 0.039878849066128215 0.05066079295154185
0 0.604492680464412 0.11811674008810573 0.06410903584048461 0.08645374449339208
0 0.44068652195860675 0.17263215859030837 0.0353356890459364 0.03909691629955947
0 0.4623927309439677 0.0955396475770925 0.05350832912670368 0.02918502202643172
0 0.23069156991418477 0.18777533039647576 0.03836446239273095 0.04185022026431718
0 0.3028773346794548 0.11095814977973568 0.0585562847046946 0.07654185022026432
0 0.196113074204947 0.08287444933920705 0.030792529025744572 0.03579295154185022
0 0.21504290762241293 0.10159691629955947 0.03634528016153458 0.04680616740088106
0 0.26779404341241797 0.16437224669603523 0.0933871781928319 0.12830396475770925
0 0.19409389197375063 0.15088105726872247 0.02675416456335184 0.019823788546255508
0 0.15320545179202422 0.07406387665198239 0.027763755678950026 0.03579295154185022
0 0.011862695608278647 0.0691079295154185 0.01867743563856638 0.025881057268722467
0 0.8599192327107521 0.4752202643171806 0.030792529025744572 0.042951541850220265
