1 0.4593604263824117 0.7179072276159655 0.019320453031312457 0.03128371089536138
1 0.47834776815456365 0.7203344120819849 0.021319120586275817 0.041531823085221145
1 0.7998001332445037 0.5903451995685005 0.008660892738174551 0.01348435814455232
1 0.7518321119253831 0.5768608414239482 0.0073284477015323115 0.014563106796116505
1 0.7588274483677548 0.5768608414239482 0.007994670219853431 0.01564185544768069
1 0.7721518987341772 0.5744336569579288 0.007994670219853431 0.02481121898597627
1 0.818454363757495 0.48381877022653724 0.005996002664890073 0.014023732470334413
1 0.8247834776815456 0.48705501618122976 0.005329780146568954 0.014023732470334413
1 0.829780146568954 0.4900215749730313 0.005996002664890073 0.01348435814455232
1 0.8371085942704863 0.4911003236245955 0.009993337774816789 0.01348435814455232
1 0.8401065956029313 0.49325782092772386 0.013324450366422385 0.008090614886731391
1 0.8421052631578947 0.4970334412081985 0.015989340439706862 0.008090614886731391
1 0.7581612258494337 0.43716289104638617 0.015989340439706862 0.005933117583603021
1 0.72618254497002 0.4506472491909385 0.013324450366422385 0.011326860841423949
1 0.7231845436375749 0.45496224379719524 0.011325782811459028 0.01348435814455232
1 0.748834110592938 0.39158576051779936 0.014656895403064623 0.006472491909385114
1 0.729180546302465 0.3748651564185545 0.016655562958027982 0.006472491909385114
1 0.7008660892738174 0.39751887810140235 0.03597601598934044 0.008629989212513484
1 0.6915389740173218 0.3565264293419633 0.017321785476349102 0.008629989212513484
1 0.6895403064623584 0.34951456310679613 0.014656895403064623 0.007551240560949299
1 0.6885409726848768 0.3389967637540453 0.013990672884743505 0.011326860841423949
1 0.6915389740173218 0.3422330097087379 0.015989340439706862 0.010248112189859764
1 0.776149233844104 0.2243797195253506 0.015989340439706862 0.036677454153182305
1 0.795802798134577 0.20711974110032363 0.02731512325116589 0.036677454153182305
1 0.8027981345769487 0.22869471413160733 0.019986675549633577 0.010787486515641856
1 0.8061292471685543 0.2348975188781014 0.011992005329780146 0.01348435814455232
1 0.8291139240506329 0.2273462783171521 0.015323117921385743 0.01348435814455232
1 0.8421052631578947 0.21548004314994607 0.007994670219853431 0.010248112189859764
1 0.9107261825449701 0.1831175836030205 0.009327115256495669 0.01564185544768069
1 0.8251165889407062 0.16639697950377563 0.008660892738174551 0.01348435814455232
1 0.2551632245169887 0.6990291262135923 0.015989340439706862 0.020496224379719527
1 0.24783477681545638 0.6947141316073355 0.010659560293137908 0.021574973031283712
1 0.2318454363757495 0.6936353829557713 0.009327115256495669 0.020496224379719527
1 0.012658227848101266 0.24325782092772383 0.007994670219853431 0.011866235167206042
1 0.021319120586275817 0.24460625674217906 0.005329780146568954 0.011326860841423949
1 0.02731512325116589 0.24568500539374324 0.007994670219853431 0.01348435814455232
1 0.033311125916055964 0.24703344120819848 0.003997335109926716 0.012944983818770227
1 0.03930712858094604 0.24568500539374324 0.005329780146568954 0.01348435814455232
1 0.04497001998667555 0.24460625674217906 0.005996002664890073 0.01348435814455232
1 0.05063291139240506 0.2464940668824164 0.006662225183211193 0.014023732470334413
1 0.056962025316455694 0.24514563106796117 0.005996002664890073 0.016720604099244876
1 0.06395736175882745 0.24514563106796117 0.010659560293137908 0.012405609492988134
3 0.8957361758827448 0.1650485436893204 0.061958694203864094 0.04854368932038835
3 0.8341105929380414 0.19336569579288027 0.06528980679546968 0.036138079827400214
3 0.7248500999333778 0.25269687162891047 0.031978680879413725 0.018878101402373247
3 0.6072618254497002 0.3772923408845739 0.013990672884743505 0.012405609492988134
3 0.7428381079280479 0.43581445523193096 0.019986675549633577 0.023732470334412083
3 0.8114590273151232 0.5064724919093851 0.047968021319120584 0.037756202804746494
3 0.7994670219853431 0.5733549083063646 0.04530313124583611 0.020496224379719527
1 0.39007328447701534 0.7046925566343042 0.03664223850766156 0.005933117583603021
0 0.5153231179213857 0.07335490830636461 0.04730179880079947 0.036677454153182305
0 0.6842105263157895 0.1650485436893204 0.09060626249167222 0.06040992448759439
0 0.6112591605596269 0.2187162891046386 0.07128580946035976 0.081445523193096
0 0.5619586942038641 0.27939590075512405 0.07661558960692871 0.07011866235167206
0 0.5749500333111259 0.3400755124056095 0.039973351099267154 0.04692556634304207
0 0.4866755496335776 0.31148867313915857 0.0832778147901399 0.040453074433656956
0 0.4943371085942705 0.3651564185544768 0.09060626249167222 0.06364617044228695
0 0.5133244503664224 0.4336569579288026 0.04596935376415723 0.04746494066882417
0 0.5253164556962026 0.46871628910463864 0.029980013324450366 0.02481121898597627
0 0.42771485676215854 0.4215210355987055 0.039973351099267154 0.04261057173678533
0 0.4417055296469021 0.4657497303128371 0.05596269153897402 0.04800431499460626
0 0.39040639573617586 0.35086299892125133 0.1039307128580946 0.06202804746494067
0 0.6292471685542972 0.5240021574973032 0.04730179880079947 0.05771305285868392
0 0.6798800799467022 0.4368932038834951 0.028647568287808126 0.040992448759439054
0 0.5842771485676216 0.5590614886731392 0.05596269153897402 0.039374325782092774
0 0.5463024650233178 0.5 0.041305796135909394 0.03559870550161812
0 0.4513657561625583 0.5053937432578209 0.06462358427714857 0.038834951456310676
0 0.4760159893404397 0.5250809061488673 0.07928047968021319 0.04261057173678533
0 0.39040639573617586 0.5124056094929881 0.041305796135909394 0.04422869471413161
0 0.5123251165889408 0.5574433656957929 0.05996002664890073 0.041531823085221145
0 0.7315123251165889 0.5795577130528586 0.05329780146568954 0.039374325782092774
0 0.5622918054630246 0.6267529665587918 0.047968021319120584 0.037756202804746494
0 0.42105263157894735 0.6423948220064725 0.041305796135909394 0.032362459546925564
0 0.36442371752165226 0.6283710895361381 0.07728181212524983 0.039913700107874865
0 0.3894070619586942 0.5426105717367853 0.020652898067954697 0.018338727076591153
0 0.4240506329113924 0.581984897518878 0.013990672884743505 0.014023732470334413
0 0.27714856762158563 0.622437971952535 0.07461692205196535 0.04854368932038835
0 0.36009327115256495 0.5525889967637541 0.04063957361758828 0.03398058252427184
0 0.2664890073284477 0.5485436893203883 0.0519653564290473 0.045307443365695796
0 0.27681545636242505 0.5037756202804746 0.04197201865423051 0.023732470334412083
0 0.17621585609593604 0.6456310679611651 0.056628914057295136 0.04854368932038835
0 0.17455029980013326 0.6059870550161812 0.0519653564290473 0.03505933117583603
0 0.07661558960692871 0.5981661272923409 0.14656895403064624 0.0895361380798274
0 0.05396402398401066 0.5105177993527508 0.06129247168554297 0.03182308522114347
0 0.21885409726848767 0.529126213592233 0.04063957361758828 0.034519956850053934
0 0.11925383077948035 0.5191477885652643 0.07994670219853431 0.043689320388349516
0 0.24850099933377748 0.36839266450916935 0.07061958694203864 0.04962243797195254
0 0.2524983344437042 0.21170442286947141 0.06928714190539641 0.09978425026968717
0 0.19187208527648233 0.21736785329018338 0.05729513657561625 0.07766990291262135
0 0.29980013324450366 0.12918015102481123 0.08127914723517655 0.06418554476806904
0 0.3580946035976016 0.0668824163969795 0.04730179880079947 0.06580366774541532
0 0.2918054630246502 0.04854368932038835 0.07994670219853431 0.08090614886731391
0 0.041305796135909394 0.3926645091693635 0.06795469686875416 0.04962243797195254
0 0.07628247834776815 0.3540992448759439 0.012658227848101266 0.008090614886731391
2 0.15556295802798134 0.3818770226537217 0.011325782811459028 0.007551240560949299
2 0.18121252498334445 0.39563106796116504 0.014656895403064623 0.009169363538295576
2 0.24883411059293803 0.35436893203883496 0.011325782811459028 0.008629989212513484
2 0.09360426382411725 0.3352211434735707 0.008660892738174551 0.011326860841423949
2 0.6572285143237842 0.4684466019417476 0.009993337774816789 0.016720604099244876
2 0.6802131912058628 0.4813915857605178 0.007994670219853431 0.01348435814455232
2 0.7055296469020653 0.4830097087378641 0.006662225183211193 0.011326860841423949
2 0.7081945369753497 0.4692556634304207 0.007994670219853431 0.011866235167206042
2 0.7058627581612259 0.43851132686084143 0.0073284477015323115 0.010787486515641856
2 0.6722185209860093 0.5215749730312838 0.006662225183211193 0.012944983818770227
2 0.6665556295802798 0.5428802588996764 0.009993337774816789 0.009169363538295576
2 0.701199200532978 0.5202265372168284 0.009993337774816789 0.012405609492988134
2 0.7068620919387075 0.5420711974110033 0.011992005329780146 0.005393743257820928
2 0.6745502998001333 0.5488133764832794 0.009993337774816789 0.008090614886731391
2 0.6562291805463024 0.5310140237324703 0.006662225183211193 0.011326860841423949
2 0.6568954030646236 0.5186084142394822 0.006662225183211193 0.009169363538295576
2 0.6402398401065956 0.5493527508090615 0.021319120586275817 0.008090614886731391
2 0.7504996668887408 0.5186084142394822 0.005996002664890073 0.011326860841423949
0 0.7285143237841439 0.5124056094929881 0.04863424383744171 0.04746494066882417
2 0.2468354430379747 0.32740021574973033 0.012658227848101266 0.010787486515641856
0 0.6232511658894071 0.43851132686084143 0.04863424383744171 0.045307443365695796
0 0.6955363091272485 0.5957389428263214 0.0519653564290473 0.04584681769147789
0 0.6572285143237842 0.6000539374325782 0.04863424383744171 0.039374325782092774
0 0.31712191872085277 0.5377562028047465 0.04530313124583611 0.03559870550161812
0 0.4643570952698201 0.5736245954692557 0.05463024650233178 0.03290183387270766
2 0.09193870752831446 0.4021035598705502 0.011992005329780146 0.009169363538295576
0 0.17754830113257827 0.52319309600863 0.04730179880079947 0.04638619201725998
0 0.48967355096602266 0.6418554476806904 0.09726848767488341 0.043149946062567425
