3 0.3663813599619591 0.5259289505920784 0.02330004755111745 0.016333197223356473
3 0.5425582501188778 0.6186198448346264 0.017118402282453638 0.014699877501020826
3 0.5499286733238231 0.6837484687627603 0.018544935805991442 0.015924867292772562
3 0.5052306229196386 0.7104940792160065 0.01759391345696624 0.013066557778685178
3 0.38896814075130764 0.7192731727235606 0.01806942463147884 0.014291547570436913
3 0.21160247265810747 0.7215189873417721 0.020922491678554447 0.01796651694569212
3 0.2660485021398003 0.7488770926908942 0.020446980504041846 0.012249897917517355
3 0.08678078934854969 0.7207023274806044 0.020446980504041846 0.013066557778685178
1 0.28863528292914886 0.7194773376888526 0.021873514027579647 0.009799918334013884
1 0.28530670470756064 0.7066149448754594 0.014265335235378032 0.009391588403429971
0 0.3185924869234427 0.5089832584728461 0.01806942463147884 0.01347488770926909
0 0.3281027104136947 0.4912209064924459 0.019020446980504042 0.021233156390363415
0 0.11887779362815026 0.5134748877092691 0.039942938659058486 0.042057982850142915
0 0.1364717070851165 0.5498162515312373 0.03233475986685687 0.0379746835443038
0 0.1433666191155492 0.5933033891384238 0.021398002853067047 0.026133115557370357
0 0.042796005706134094 0.5340955492037567 0.029481692819781264 0.030216414863209473
0 0.17475035663338087 0.5365455287872601 0.009985734664764621 0.010616578195181707
