0 0.02109704641350211 0.27541106128550075 0.01457614115841964 0.01868460388639761
0 0.019370924434215574 0.29334828101644245 0.015726889144610665 0.01868460388639761
4 0.042385884158036055 0.289237668161435 0.014192558496355964 0.03139013452914798
0 0.579018028385117 0.5194319880418535 0.0333716915995397 0.07772795216741404
0 0.6300345224395857 0.5500747384155455 0.028001534330648253 0.0687593423019432
0 0.6325278097429996 0.48393124065769805 0.02608362102032988 0.06950672645739911
0 0.5834292289988493 0.4196562032884903 0.03605677023398542 0.09043348281016443
0 0.56367472190257 0.43871449925261585 0.010356731875719217 0.029895366218236172
0 0.6342539317222862 0.4118086696562033 0.02339854238588416 0.06576980568011959
0 0.6505561948599923 0.36995515695067266 0.03068661296509398 0.07174887892376682
0 0.6896816263904871 0.3430493273542601 0.02454929037207518 0.07772795216741404
0 0.7525891829689298 0.3101644245142003 0.04142692750287687 0.11958146487294469
0 0.7637130801687764 0.20964125560538116 0.03145377828922133 0.06950672645739911
0 0.7161488300728807 0.19020926756352766 0.03145377828922133 0.07100149476831091
0 0.7334100498657461 0.19992526158445442 0.02531645569620253 0.05007473841554559
0 0.6800920598388953 0.20590433482810164 0.020713463751438434 0.05455904334828102
0 0.7368622938243191 0.23916292974588937 0.022247794399693134 0.052316890881913304
0 0.6446106635980053 0.22533632286995517 0.02339854238588416 0.03662182361733931
0 0.5901419255849636 0.25448430493273544 0.04487917146144994 0.11285500747384156
0 0.5740314537782892 0.17040358744394618 0.028768699654775604 0.06576980568011959
0 0.5343306482546989 0.20889387144992527 0.02915228231683928 0.06203288490284006
0 0.594361334867664 0.1038863976083707 0.02339854238588416 0.06576980568011959
0 0.602608362102033 0.15994020926756353 0.02531645569620253 0.05829596412556054
0 0.6233218258534714 0.148355754857997 0.02991944764096663 0.07548579970104634
0 0.6494054468738013 0.13490284005979072 0.03145377828922133 0.06950672645739911
0 0.6718450326045263 0.0960388639760837 0.02263137706175681 0.04857997010463378
0 0.6962025316455697 0.14648729446935724 0.02685078634445723 0.0687593423019432
0 0.8411967779056386 0.23168908819133036 0.03452243958573072 0.1031390134529148
0 0.8690065209052551 0.20515695067264575 0.019562715765247412 0.06203288490284006
0 0.8693901035673187 0.15695067264573992 0.02263137706175681 0.0343796711509716
0 0.9299961641733794 0.11285500747384156 0.0395090141925585 0.07922272047832586
0 0.958764863828155 0.11360239162929746 0.025700038358266206 0.061285500747384154
0 0.8208668968162639 0.1281763826606876 0.038358266206367474 0.09043348281016443
0 0.7792481779823552 0.09902840059790732 0.029535864978902954 0.08146487294469357
0 0.5914844649021864 0.03176382660687593 0.02991944764096663 0.04110612855007474
0 0.659186804756425 0.04820627802690583 0.03720751822017645 0.07249626307922272
0 0.7188339087073264 0.05829596412556054 0.02838511699271193 0.06726457399103139
0 0.6902570003835826 0.052690582959641255 0.04794783275795934 0.09940209267563528
0 0.5003835826620636 0.02952167414050822 0.029535864978902954 0.05754857997010463
0 0.5138089758342923 0.09118086696562033 0.0364403528960491 0.07324364723467862
0 0.5581127733026467 0.07623318385650224 0.023014959723820484 0.05530642750373692
