0 0.569055036344756 0.2487231869254341 0.036344755970924195 0.049029622063329927
0 0.5999480789200415 0.6195097037793666 0.02544132917964694 0.0296220633299285
3 0.6632917964693665 0.6953524004085802 0.01921079958463136 0.018896833503575076
4 0.6656282450674974 0.682073544433095 0.009345794392523364 0.010725229826353423
0 0.6739356178608515 0.7321246169560777 0.04569055036344756 0.042390194075587334
3 0.6892523364485982 0.7507660878447395 0.009865005192107996 0.010214504596527068
3 0.7183281412253375 0.7533197139938713 0.03790238836967809 0.0449438202247191
4 0.7095015576323987 0.7906026557711952 0.011941848390446522 0.013278855975485188
0 0.8548805815160956 0.9553115423901941 0.08566978193146417 0.08529111338100102
0 0.9387331256490135 0.22548518896833503 0.02699896157840083 0.032175689479060264
0 0.9283489096573209 0.26710929519918286 0.033229491173416406 0.04187946884576098
2 0.8691588785046729 0.4611848825331971 0.017653167185877467 0.007150153217568948
0 0.6508307372793354 0.708120531154239 0.024402907580477674 0.022982635342185902
