3 0.38038038038038036 0.6117107393416082 0.024024024024024024 0.01457096600107933
3 0.5057557557557557 0.6046950890447922 0.01951951951951952 0.025364274150026983
3 0.5625625625625625 0.634646519158122 0.022022022022022022 0.016189962223421478
3 0.6876876876876877 0.5898542903399892 0.02002002002002002 0.01834862385321101
3 0.8053053053053053 0.5712358337830545 0.02002002002002002 0.019967620075553156
3 0.8490990990990991 0.533189422558014 0.018518518518518517 0.02050728548300054
3 0.8385885885885885 0.4473826227738802 0.017517517517517518 0.017269293038316244
3 0.6504004004004004 0.33675121424716675 0.024524524524524523 0.017269293038316244
1 0.5845845845845846 0.5971397733405289 0.01901901901901902 0.011332973556395036
1 0.5805805805805806 0.5812196438208311 0.009009009009009009 0.008634646519158122
0 0.6006006006006006 0.317323259579061 0.021021021021021023 0.017269293038316244
0 0.6103603603603603 0.2949271451699946 0.016516516516516516 0.03291958985429034
0 0.3978978978978979 0.3378305450620615 0.036036036036036036 0.053966540744738264
0 0.4199199199199199 0.3842417701025364 0.03303303303303303 0.050728548300053966
0 0.40265265265265265 0.29276848354020507 0.00850850850850851 0.011332973556395036
0 0.32157157157157157 0.365353480841878 0.027527527527527528 0.03345925526173772
0 0.4296796796796797 0.4384781435509984 0.02252252252252252 0.02644360496492175
0 0.4574574574574575 0.36265515380464114 0.011011011011011011 0.014031300593631947
3 0.23548548548548548 0.649487317862925 0.02052052052052052 0.023205612520237454
3 0.16741741741741742 0.7752293577981652 0.018518518518518517 0.022126281705342688
3 0.047547547547547545 0.8982730706961684 0.01701701701701702 0.024284943335132217
3 0.09134134134134134 0.9333513221802483 0.015515515515515516 0.017808958445763627
3 0.14264264264264265 0.9511602806260119 0.01001001001001001 0.017808958445763627
