3 0.19965502371711943 0.6341724692019283 0.02242345838723588 0.020353508302088912
3 0.2602414833980164 0.6373861810391002 0.02112979732643381 0.023567220139260846
3 0.31479085812850366 0.6352437064809855 0.02328589909443726 0.016068559185859668
3 0.38033635187580855 0.6531869309051955 0.015523932729624839 0.027316550615961437
3 0.5321259163432513 0.5835565077664703 0.02328589909443726 0.03160149973219068
3 0.6168607158257869 0.5484734868773433 0.016817593790426907 0.020353508302088912
1 0.5508840017248814 0.5701660417782539 0.009918068132815868 0.02088912694161757
3 0.673781802501078 0.5605249062667381 0.018542475204829666 0.016604177825388325
3 0.7240189736955585 0.6009641135511515 0.018111254851228976 0.021424745581146223
1 0.7561448900388098 0.5278521692554901 0.02199223803363519 0.07552222817354044
1 0.7626131953428201 0.5093733261917515 0.013367830961621389 0.037493304767005894
1 0.7544200086244071 0.43679700053561865 0.008193186718413108 0.024102838778789503
1 0.7611039241052178 0.4405463310123192 0.01121172919361794 0.03160149973219068
1 0.6931867184131091 0.09614354579539368 0.01164294954721863 0.0144617032672737
1 0.6910306166451057 0.11033743974290305 0.009055627425614488 0.00856989823245849
4 0.723156532988357 0.0731119442956615 0.00517464424320828 0.008034279592929834
1 0.5644674428633032 0.16523835029459025 0.01121172919361794 0.015532940546331012
1 0.9424320827943079 0.40412426352437064 0.009055627425614488 0.018746652383502947
1 0.9266925398878827 0.4009105516871987 0.00603708495040966 0.01339046598821639
0 0.8934885726606295 0.3457418318157472 0.03967227253126347 0.05409748259239421
0 0.8930573523070289 0.30476700589180505 0.03363518758085381 0.03427959292983396
0 0.9596808969383355 0.32592394215318693 0.047003018542475204 0.05088377075522228
0 0.8602846054333765 0.2801285484734869 0.031910306166451054 0.0385645420460632
2 0.7296248382923674 0.20487412961971077 0.01034928848641656 0.01339046598821639
2 0.7455799913755929 0.1925549009105517 0.008624407072013798 0.012319228709159078
3 0.7619663648124192 0.20915907873594 0.009486847779215178 0.010176754151044456
0 0.6601983613626563 0.22763792179967862 0.030185424752048298 0.03535083020889127
0 0.5845191893057352 0.30208891269416177 0.02630444156964209 0.032137118371719335
0 0.6082363087537732 0.28735940010712374 0.02457956015523933 0.028387787895018748
0 0.5015092712376024 0.33851098018211034 0.053471323846485556 0.0578468130690948
0 0.538163001293661 0.4161756829137654 0.03622250970245795 0.03535083020889127
0 0.5944372574385511 0.3749330476700589 0.041828374299266925 0.046063202999464384
0 0.6444588184562311 0.37305838243170863 0.016817593790426907 0.05088377075522228
0 0.6168607158257869 0.3460096411355115 0.03320396722725313 0.051419389394750936
0 0.6276412246658042 0.3141403320835565 0.040965933592065545 0.04981253347616497
0 0.6608451918930573 0.3085163363685056 0.048727899956877964 0.06534547402249598
2 0.6595515308322553 0.2600428494911623 0.01078050884001725 0.006963042313872523
2 0.6798188874514877 0.24156400642742368 0.007330746011211729 0.007498660953401178
3 0.7143165157395429 0.21237279057311195 0.014230271668822769 0.015532940546331012
0 0.6914618369987063 0.28655597214783074 0.047865459249676584 0.07391537225495447
0 0.7414833980163864 0.25388323513658273 0.0728762397585166 0.03320835565077665
0 0.8139284174213023 0.2911087305838243 0.06252695127210005 0.09587573647562936
0 0.8169469598965071 0.20407070166041777 0.039241052177662786 0.0289234065345474
0 0.826218197498922 0.1783610069630423 0.03536006899525657 0.03427959292983396
0 0.8607158257869771 0.21719335832886985 0.04829667960327728 0.039100160685591856
0 0.8978007761966365 0.22013926084627744 0.026735661923242778 0.0385645420460632
0 0.925614489003881 0.23004820567755757 0.027166882276843468 0.028387787895018748
0 0.9570935748167313 0.23835029459025175 0.03320396722725313 0.02785216925549009
0 0.9428633031479086 0.25575790037493307 0.013367830961621389 0.01981788966256026
0 0.9665804225959466 0.2635243706480985 0.01250539025442001 0.023567220139260846
0 0.9633462699439413 0.2062131762185324 0.026735661923242778 0.023567220139260846
0 0.9823199655023717 0.2088912694161757 0.01034928848641656 0.011783610069630423
0 0.9898663216903838 0.20460632029994644 0.004743423889607589 0.007498660953401178
0 0.9862009486847779 0.25575790037493307 0.027598102630444158 0.06695232994108195
0 0.8145752479517033 0.0856989823245849 0.043122035360069 0.05249062667380825
0 0.8451918930573523 0.0723085163363685 0.031047865459249677 0.03535083020889127
0 0.8385079775765416 0.048205677557579006 0.009918068132815868 0.0096411355115158
2 0.9049159120310478 0.09212640599892877 0.009055627425614488 0.0096411355115158
0 0.46054333764553684 0.42501339046598824 0.0517464424320828 0.06802356722013926
0 0.3962915049590341 0.3963577932512051 0.0517464424320828 0.048205677557579006
0 0.42216472617507544 0.3851098018211034 0.01121172919361794 0.016068559185859668
0 0.32729624838292365 0.4276914836636315 0.03363518758085381 0.03802892340653455
2 0.41871496334626995 0.4343867166577397 0.007761966364812419 0.00856989823245849
2 0.42130228546787407 0.48018211033743974 0.009486847779215178 0.009105516871987145
2 0.41591203104786545 0.42501339046598824 0.009918068132815868 0.008034279592929834
0 0.27878395860284605 0.37252276379217997 0.028029322984044848 0.04552758435993572
0 0.2996981457524795 0.40787359400107126 0.04829667960327728 0.04659882163899304
0 0.2783527382492454 0.4306373861810391 0.02026735661923243 0.03642206748794858
0 0.29646399310047433 0.45259775040171396 0.027166882276843468 0.01821103374397429
0 0.3203967227253126 0.32726298875200854 0.03449762828805519 0.04177825388323514
0 0.4098749460974558 0.32726298875200854 0.07632600258732213 0.04499196572040707
2 0.4290642518326865 0.3575254418853776 0.009486847779215178 0.009105516871987145
0 0.20202673566192325 0.47054097482592394 0.03320396722725313 0.03053026245313337
0 0.12332902112979732 0.4584895554365292 0.004312203536006899 0.010712372790573112
0 0.20720137990513152 0.40278521692554903 0.035791289348857266 0.05356186395286556
0 0.22854678740836568 0.388055704338511 0.01034928848641656 0.03053026245313337
0 0.24126778783958602 0.387252276379218 0.016817593790426907 0.04177825388323514
0 0.2229409228115567 0.3438671665773969 0.04139715394566624 0.04392072844134976
0 0.21798188874514876 0.2986073915372255 0.045278137128072445 0.04659882163899304
0 0.17485985338507978 0.28950187466523836 0.01078050884001725 0.02945902517407606
0 0.28158689090125055 0.20728441349758972 0.05088400172488142 0.05463310123192287
0 0.23415265200517466 0.17005891805034815 0.04139715394566624 0.05088377075522228
0 0.2076326002587322 0.24906266738082486 0.05304010349288486 0.05356186395286556
0 0.15092712376024148 0.2032672737011248 0.04225959465286762 0.05731119442956615
0 0.18197498921949115 0.21746116764863418 0.04829667960327728 0.04392072844134976
0 0.07934454506252694 0.15666845206213176 0.043122035360069 0.05516871987145153
0 0.12871927554980594 0.09292983395822174 0.05390254420008624 0.06695232994108195
0 0.05109961190168176 0.02088912694161757 0.055627425614489 0.040707016604177824
0 0.9529969814575248 0.06668452062131762 0.0474342388960759 0.044456347080878415
2 0.8503665373005606 0.02919121585431173 0.0068995256576110395 0.009105516871987145
0 0.10500215610176801 0.1791644349223353 0.037516170763260026 0.047670058918050345
0 0.1257007330746011 0.19228709159078736 0.02371711944803795 0.032137118371719335
