0 0.8676827156217527 0.7400763358778626 0.07828195358503637 0.083206106870229
0 0.8553862140630413 0.7213740458015268 0.0682369241427087 0.08702290076335878
0 0.844302043643921 0.7022900763358778 0.05992379632836855 0.08549618320610687
0 0.8238656044336682 0.6603053435114504 0.05992379632836855 0.08244274809160305
0 0.7982334603394527 0.6290076335877862 0.06685140284031867 0.08244274809160305
0 0.7809144440595774 0.6125954198473282 0.052996189816418425 0.06030534351145038
0 0.7696570834776585 0.5889312977099237 0.05611361274679598 0.06183206106870229
0 0.7575337720817458 0.5591603053435115 0.040872878420505715 0.05267175572519084
0 0.767925181849671 0.5423664122137405 0.021475580187045377 0.031297709923664124
0 0.7564946311049532 0.5106870229007634 0.012469691721510218 0.02900763358778626
0 0.7461032213370281 0.47748091603053433 0.019397298233460338 0.05114503816793893
0 0.7310356771735366 0.45916030534351143 0.010737790093522688 0.026717557251908396
0 0.741946657429858 0.43740458015267175 0.012469691721510218 0.04732824427480916
0 0.7344994804295116 0.3881679389312977 0.019743678559057846 0.038931297709923665
0 0.7289573952199515 0.3145038167938931 0.022514721163837893 0.06717557251908397
0 0.7443713197090406 0.3061068702290076 0.017319016279875303 0.03206106870229008
0 0.7086941461724974 0.2648854961832061 0.03394527190855559 0.03816793893129771
0 0.7126775199168687 0.21068702290076335 0.039140976792518184 0.03358778625954199
0 0.6750952545895393 0.1851145038167939 0.012469691721510218 0.031297709923664124
0 0.6868721856598545 0.16984732824427481 0.018011776931070315 0.03740458015267176
0 0.7140630412192588 0.18129770992366412 0.04329754069968826 0.020610687022900764
0 0.6602009005888465 0.14198473282442747 0.013162452372705231 0.02748091603053435
0 0.3598891582958088 0.17442748091603053 0.019397298233460338 0.03282442748091603
0 0.4111534464842397 0.13396946564885495 0.019397298233460338 0.028244274809160305
0 0.4686525805334257 0.08511450381679389 0.024939383443020435 0.020610687022900764
0 0.5039833737443713 0.06679389312977099 0.01593349497748528 0.03435114503816794
3 0.27519916868721855 0.48091603053435117 0.0038101835815725666 0.013740458015267175
0 0.05819189470038102 0.07366412213740459 0.01593349497748528 0.04198473282442748
0 0.17353654312435055 0.21259541984732824 0.02909594735019051 0.025190839694656488
0 0.3214409421544856 0.20076335877862594 0.011776931070315206 0.012213740458015267
0 0.34499480429511603 0.5492366412213741 0.004156563907170073 0.02366412213740458
0 0.20245930031174228 0.47900763358778625 0.005195704883962591 0.012977099236641221
1 0.8792864565292692 0.6301526717557252 0.012816072047107724 0.008396946564885497
0 0.9224108070661586 0.6942748091603054 0.006927606511950121 0.031297709923664124
0 0.530827848978178 0.07290076335877863 0.02112919986144787 0.03435114503816794
0 0.5481468652580533 0.10801526717557251 0.02459300311742293 0.03740458015267176
0 0.6155178385867682 0.11946564885496183 0.06719778316591618 0.048091603053435114
0 0.6281607204710773 0.15152671755725192 0.013508832698302737 0.028244274809160305
0 0.017492206442674057 0.11564885496183207 0.01489435400069276 0.022137404580152672
0 0.03238656044336682 0.11145038167938931 0.016279875303082784 0.022900763358778626
3 0.9414617249740215 0.7396946564885496 0.0048493245583650845 0.015267175572519083
0 0.8874263941808105 0.6690839694656489 0.010391409767925183 0.019083969465648856
3 0.8903706269483893 0.4183206106870229 0.007273986837547627 0.013740458015267175
3 0.9710772428126082 0.3816793893129771 0.005195704883962591 0.015267175572519083
3 0.9908209213716661 0.3583969465648855 0.007273986837547627 0.012977099236641221
0 0.49896085902320747 0.10190839694656488 0.012123311395912712 0.026717557251908396
0 0.5190509179078628 0.09732824427480916 0.0114305507447177 0.026717557251908396
0 0.5303082784897818 0.10801526717557251 0.012469691721510218 0.04198473282442748
0 0.5992379632836855 0.13702290076335877 0.009005888465535157 0.026717557251908396
0 0.6113612746795982 0.14885496183206107 0.011084170419120194 0.02748091603053435
