0 0.623400365630713 0.3151001540832049 0.09597806215722121 0.07550077041602465
0 0.7152650822669104 0.18464304057524397 0.044789762340036565 0.13507960965588084
0 0.7842778793418648 0.45814072932717 0.06489945155393052 0.08012326656394453
0 0.7410877513711152 0.4861325115562404 0.03976234003656307 0.04776579352850539
0 0.6409963436928702 0.5077041602465331 0.03610603290676417 0.03338469440164355
0 0.6601919561243145 0.4381099126861839 0.05621572212065813 0.028762198253723677
0 0.6336837294332724 0.40164355418592707 0.016910420475319928 0.01848998459167951
0 0.5182815356489945 0.45377503852080125 0.051188299817184646 0.06831022085259374
0 0.4259597806215722 0.4293785310734463 0.029250457038391225 0.03287108371854135
0 0.44149908592321757 0.4460708782742681 0.03473491773308958 0.04673857216230098
0 0.42755941499085925 0.48510529019003595 0.013254113345521023 0.017976373908577297
0 0.4529250457038391 0.5243965074473549 0.03290676416819013 0.03697996918335902
0 0.48720292504570384 0.5002568053415511 0.0850091407678245 0.11710323574730354
0 0.526508226691042 0.5921931176168465 0.025594149908592323 0.022598870056497175
0 0.13276965265082266 0.6494607087827426 0.047989031078610606 0.03133025166923472
0 0.07746800731261426 0.5100154083204931 0.04981718464351006 0.046224961479198766
0 0.23720292504570384 0.4381099126861839 0.03930530164533821 0.050333846944016436
0 0.26371115173674586 0.4165382639958911 0.024680073126142597 0.025680534155110426
0 0.2273765996343693 0.3864920390344119 0.06078610603290677 0.040575243965074476
0 0.27856489945155394 0.3135593220338983 0.0443327239488117 0.05290190035952748
0 0.3393510054844607 0.3305084745762712 0.03153564899451554 0.05187467899332306
0 0.25342778793418647 0.2842835130970724 0.04616087751371115 0.05187467899332306
0 0.30415904936014626 0.2639958911145352 0.022394881170018283 0.02465331278890601
0 0.2113802559414991 0.2937853107344633 0.03336380255941499 0.035952747817154594
0 0.21846435100548445 0.21828454031843864 0.03656307129798903 0.03903441191576785
0 0.2129798903107861 0.16358500256805342 0.024680073126142597 0.027221366204417053
0 0.31924131627056673 0.12891628145865433 0.04524680073126142 0.0657421674370827
0 0.4586380255941499 0.13944530046224962 0.03336380255941499 0.030303030303030304
0 0.351691042047532 0.031073446327683617 0.034277879341864714 0.04262968669748331
0 0.23651736745886653 0.0724191063174114 0.022394881170018283 0.03697996918335902
0 0.15516453382084094 0.03954802259887006 0.018738574040219377 0.028762198253723677
0 0.11997257769652651 0.08885464817668208 0.029707495429616086 0.030816640986132512
0 0.15493601462522852 0.13097072419106318 0.04936014625228519 0.05238828967642527
0 0.19309872029250458 0.12609142270159218 0.03336380255941499 0.04571135079609656
0 0.13048446069469835 0.17231638418079095 0.02696526508226691 0.040575243965074476
0 0.11677330895795247 0.21006676938880328 0.029707495429616086 0.040061633281972264
0 0.1373400365630713 0.253723677452491 0.058043875685557585 0.06779661016949153
0 0.07198354661791591 0.3495120698510529 0.0443327239488117 0.04776579352850539
0 0.10717550274223035 0.33461736004108883 0.02330895795246801 0.01694915254237288
0 0.08935100548446069 0.3081664098613251 0.02330895795246801 0.022598870056497175
0 0.09117915904936015 0.2647663071391885 0.040676416819012795 0.034411915767847974
0 0.052559414990859234 0.2473035439137134 0.04204753199268738 0.03338469440164355
0 0.02102376599634369 0.3315356959424756 0.027422303473491772 0.023112480739599383
0 0.11083180987202924 0.4460708782742681 0.07358318098720293 0.04879301489470981
0 0.021480804387568556 0.4067796610169492 0.04204753199268738 0.054442732408834106
0 0.008226691042047532 0.3600410888546482 0.015539305301645339 0.04930662557781202
0 0.09414990859232175 0.12198253723677452 0.051188299817184646 0.060092449922958396
0 0.051645338208409504 0.09219311761684643 0.019195612431444242 0.025166923472008218
0 0.07426873857404022 0.03364149974319466 0.022394881170018283 0.034411915767847974
0 0.018281535648994516 0.9393939393939394 0.03290676416819013 0.04725218284540318
