3 0.04114230396902226 0.7294569918308506 0.02032913843175218 0.017299375300336376
3 0.12826718296224587 0.7835175396444017 0.010648596321393998 0.013935607880826525
3 0.16602129719264277 0.6364728495915425 0.02032913843175218 0.01874098990869774
1 0.08446272991287512 0.762614127823162 0.022749273959341725 0.01826045170591062
3 0.2437076476282672 0.5365209034118212 0.020813165537270088 0.01874098990869774
3 0.3850435624394966 0.5170591061989428 0.021781219748305904 0.015377222489187891
3 0.5075024201355276 0.5216242191254205 0.021781219748305904 0.019702066314271984
3 0.5580832526621491 0.5518981259010092 0.018393030009680542 0.012974531475252283
1 0.5822846079380445 0.5213839500240269 0.021297192642787996 0.012493993272465162
1 0.5803484995159729 0.5096107640557425 0.016456921587608905 0.014896684286400768
3 0.6812681510164569 0.5242671792407496 0.016940948693126814 0.017299375300336376
3 0.7962245885769603 0.5204228736184526 0.018393030009680542 0.015377222489187891
3 0.8402710551790901 0.48990869774147044 0.02032913843175218 0.01874098990869774
3 0.8368828654404646 0.4180682364247958 0.018393030009680542 0.01826045170591062
3 0.6655372700871249 0.308505526189332 0.023233301064859633 0.020182604517059107
0 0.6190706679574056 0.28880345987506006 0.018393030009680542 0.014416146083613647
0 0.6292352371732817 0.27054300816914945 0.021297192642787996 0.028832292167227293
0 0.4235237173281704 0.29625180201826046 0.031945788964181994 0.04372897645362806
0 0.34922555663117133 0.320038443056223 0.02758954501452081 0.03748197981739548
0 0.4407066795740561 0.33781835655934644 0.03146176185866408 0.04517059106198943
0 0.4453049370764763 0.383469485824123 0.02032913843175218 0.025949062950504566
0 0.47942884801548885 0.3214800576645843 0.009196515004840271 0.012493993272465162
