0 0.5936374549819928 0.8189360663738409 0.03481392557022809 0.04880429477794046
0 0.6434573829531812 0.8282088823816496 0.029611844737895156 0.04685212298682284
0 0.6462585034013606 0.7837969741337237 0.028811524609843937 0.043923865300146414
0 0.603641456582633 0.851634943875061 0.022809123649459785 0.027330405075646658
0 0.6462585034013606 0.7381649585163494 0.028811524609843937 0.04148365056124939
0 0.5956382553021209 0.7537823328452904 0.03561424569827931 0.05514885309907272
0 0.6632653061224489 0.7083943387018058 0.031612645058023206 0.04538799414348463
0 0.7024809923969588 0.6903367496339677 0.027611044417767107 0.050268423621278674
0 0.7695078031212484 0.6688628599316739 0.037615046018407365 0.05124450951683748
0 0.7543017206882753 0.6173743289409468 0.024809923969587835 0.027330405075646658
0 0.7785114045618248 0.5871156661786238 0.02921168467386955 0.04587603709126403
0 0.8587434973989596 0.5878477306002928 0.03681472589035614 0.07174231332357248
0 0.884953981592637 0.5590531966813079 0.025210084033613446 0.04343582235236701
0 0.8869547819127651 0.5309907271839922 0.022809123649459785 0.02440214738897023
0 0.6936774709883954 0.5946803318692044 0.021208483393357343 0.03465104929233773
0 0.7092837134853942 0.5527086383601757 0.02921168467386955 0.04538799414348463
0 0.7434973989595839 0.5766227428013665 0.03601440576230492 0.04636408003904344
0 0.6022408963585434 0.6403123474865788 0.04561824729891957 0.07320644216691069
0 0.5410164065626251 0.6168862859931674 0.031212484993997598 0.05173255246461689
0 0.6056422569027611 0.5397755002440214 0.026810724289715888 0.042947779404587605
0 0.6134453781512605 0.5741825280624695 0.027210884353741496 0.03465104929233773
0 0.6356542617046819 0.5641776476329917 0.034013605442176874 0.04489995119570522
0 0.662264905962385 0.5514885309907271 0.03201280512204882 0.04587603709126403
0 0.6842737094837935 0.5226939970717424 0.024009603841536616 0.031234748657881894
0 0.6710684273709484 0.4956076134699854 0.03841536614645858 0.04343582235236701
0 0.70328131252501 0.4914592484138604 0.047619047619047616 0.06246949731576379
0 0.7306922769107643 0.48657881893606636 0.031212484993997598 0.05075646656905808
0 0.7861144457783114 0.5212298682284041 0.03561424569827931 0.03709126403123475
0 0.8345338135254101 0.5353831137140068 0.027611044417767107 0.03904343582235237
0 0.5064025610244097 0.504880429477794 0.03481392557022809 0.05222059541239629
0 0.529811924769908 0.49365544167886777 0.026410564225690276 0.036603221083455345
0 0.563625450180072 0.530258662762323 0.031612645058023206 0.03953147877013177
0 0.5232092837134854 0.5478282088823816 0.036414565826330535 0.04636408003904344
0 0.5620248099239696 0.4470473401659346 0.030012004801920768 0.041971693509028796
0 0.5722288915566226 0.47266959492435334 0.020008003201280513 0.024890190336749635
0 0.6018407362945178 0.4763299170326989 0.03041216486594638 0.056612981942410934
0 0.6108443377350941 0.4577842850170815 0.023609443777511004 0.04685212298682284
0 0.6430572228891557 0.44167886774036114 0.029611844737895156 0.04685212298682284
0 0.7210884353741497 0.39702293801854566 0.03441376550620248 0.04343582235236701
0 0.5018007202881153 0.4255734504636408 0.03041216486594638 0.03806734992679356
0 0.4991996798719488 0.3904343582235237 0.022008803521408563 0.02635431918008785
0 0.5806322529011605 0.4011713030746706 0.035214085634253704 0.04978038067349927
0 0.6116446578631453 0.4143484626647145 0.026010404161664665 0.020497803806734993
0 0.5968387354941976 0.36798438262567107 0.03241296518607443 0.04587603709126403
0 0.6298519407763106 0.36700829673011226 0.03441376550620248 0.05173255246461689
0 0.7050820328131252 0.3518789653489507 0.041616646658663464 0.04978038067349927
0 0.5624249699879952 0.3201561737432894 0.036414565826330535 0.04685212298682284
0 0.530812324929972 0.29331381161542214 0.03241296518607443 0.043923865300146414
0 0.5798319327731093 0.28965348950707664 0.026410564225690276 0.03367496339677892
0 0.5848339335734294 0.31454367984382625 0.022008803521408563 0.025866276232308444
0 0.6162464985994398 0.32845290385553927 0.04801920768307323 0.043923865300146414
0 0.5962384953981593 0.30453879941434847 0.014405762304921969 0.019521717911176184
0 0.620048019207683 0.27574426549536357 0.045218087234893956 0.04782820888238165
0 0.6368547418967587 0.31259150805270863 0.03321328531412565 0.04538799414348463
0 0.6638655462184874 0.2984382625671059 0.03681472589035614 0.049292337725719865
0 0.7000800320128051 0.29111761835041483 0.04841936774709884 0.05222059541239629
0 0.529811924769908 0.22791605661298195 0.01520608243297319 0.018545632015617375
0 0.5948379351740696 0.2430453879941435 0.05322128851540616 0.05758906783796974
4 0.4237695078031212 0.24158125915080528 0.009603841536614645 0.013665202537823329
0 0.8321328531412565 0.39726695949243535 0.03321328531412565 0.03806734992679356
0 0.9471788715486195 0.4924353343094192 0.04321728691476591 0.04978038067349927
0 0.9737895158063226 0.4890190336749634 0.03721488595438175 0.043923865300146414
0 0.9305722288915567 0.35505124450951686 0.02040816326530612 0.048316251830161056
0 0.02040816326530612 0.7564665690580771 0.014405762304921969 0.01171303074670571
0 0.019407763105242098 0.7686676427525623 0.015606242496998799 0.015617374328940947
4 0.04321728691476591 0.760614934114202 0.01520608243297319 0.02000976085895559
0 0.6256502601040416 0.5261102977061981 0.010804321728691477 0.019521717911176184
0 0.6364545818327331 0.5009760858955588 0.009203681472589036 0.01903367496339678
0 0.6564625850340136 0.6129819424109322 0.025210084033613446 0.02537823328452904
0 0.8123249299719888 0.6256710590531966 0.009603841536614645 0.015617374328940947
0 0.5846338535414166 0.5907759882869692 0.031212484993997598 0.04343582235236701
