0 0.7782586558044806 0.5229848866498741 0.0269857433808554 0.04722921914357683
0 0.7744399185336049 0.48897984886649876 0.01120162932790224 0.018261964735516372
0 0.8230651731160896 0.5840680100755667 0.031059063136456212 0.04848866498740554
0 0.8205193482688391 0.6734886649874056 0.04531568228105906 0.05604534005037783
0 0.8546334012219959 0.6530226700251889 0.015784114052953158 0.030226700251889168
0 0.8052443991853361 0.7487405541561712 0.04124236252545825 0.06297229219143577
0 0.8834012219959266 0.7446473551637279 0.06109979633401222 0.05604534005037783
0 0.9371181262729125 0.7572418136020151 0.037169042769857434 0.058564231738035266
0 0.9134419551934827 0.7792821158690176 0.038696537678207736 0.05478589420654912
0 0.8938391038696538 0.8069899244332494 0.04429735234215886 0.05982367758186398
0 0.8890020366598778 0.8529596977329975 0.045824847250509164 0.05100755667506297
0 0.9302443991853361 0.8800377833753149 0.017311608961303463 0.01952141057934509
0 0.8424134419551935 0.8561083123425692 0.04429735234215886 0.05982367758186398
0 0.8108452138492872 0.8353274559193955 0.01680244399185336 0.01952141057934509
0 0.8329938900203666 0.7978589420654912 0.045824847250509164 0.055415617128463476
0 0.8785641547861507 0.9099496221662469 0.03920570264765784 0.07304785894206549
0 0.8363034623217923 0.9238035264483627 0.037169042769857434 0.05667506297229219
0 0.7965885947046843 0.8879093198992444 0.037169042769857434 0.05415617128463476
0 0.7762219959266803 0.9483627204030227 0.03309572301425662 0.06297229219143577
0 0.7395621181262729 0.9694584382871536 0.04938900203665988 0.058564231738035266
0 0.6868635437881874 0.9826826196473551 0.017311608961303463 0.020780856423173802
