0 0.6689119170984456 0.7741617357001972 0.05284974093264249 0.04043392504930966
0 0.10880829015544041 0.6466962524654832 0.027979274611398965 0.03698224852071006
0 0.1538860103626943 0.6930473372781065 0.03212435233160622 0.03895463510848126
0 0.14974093264248706 0.761094674556213 0.04766839378238342 0.04487179487179487
0 0.1844559585492228 0.746301775147929 0.016580310880829015 0.024161735700197237
0 0.2126943005181347 0.8178007889546351 0.06062176165803109 0.04388560157790927
0 0.26813471502590674 0.8274161735700197 0.03989637305699482 0.04437869822485207
0 0.24248704663212436 0.8431952662721893 0.04041450777202073 0.04339250493096647
0 0.22253886010362695 0.8653846153846154 0.047150259067357515 0.045364891518737675
0 0.21683937823834196 0.9026134122287969 0.04507772020725389 0.042899408284023666
0 0.16865284974093264 0.9053254437869822 0.04404145077720207 0.047337278106508875
0 0.16062176165803108 0.8604536489151874 0.04559585492227979 0.04339250493096647
0 0.12046632124352331 0.8284023668639053 0.03989637305699482 0.047337278106508875
0 0.12124352331606218 0.9304733727810651 0.03730569948186528 0.04240631163708087
0 0.16269430051813472 0.960552268244576 0.03730569948186528 0.047337278106508875
0 0.20544041450777203 0.9487179487179487 0.038860103626943004 0.05325443786982249
0 0.25777202072538863 0.9223372781065089 0.015025906735751295 0.01725838264299803
0 0.10129533678756476 0.980276134122288 0.03367875647668394 0.03944773175542406
