9 0.8606975754997873 0.2143935581278309 0.1246278179498086 0.08152994464016104
0 0.2507443641003828 0.2372924006039255 0.021692896639727774 0.046804227478610974
0 0.30093577201190985 0.24584801207851031 0.01658868566567418 0.026673376950176145
0 0.31901318587834965 0.24383492702566684 0.020416843896214378 0.03271263210870659
5 0.5867715865589112 0.32637141419224963 0.033602722245852826 0.02264720684448918
0 0.07145895363675032 0.044036235530951186 0.03317737133134836 0.05686965274282838
0 0.21437686091025096 0.17211877201811776 0.0289238621863037 0.042274786109713136
0 0.28753721820501915 0.03120281831907398 0.030625265844321566 0.03824861600402617
0 0.3341131433432582 0.04831404126824358 0.028498511271799233 0.03925515853044791
0 0.35963419821352616 0.009813789632611978 0.025946405784772437 0.018621036738802214
0 0.3815397703105062 0.09310518369401108 0.029774564015312633 0.03220936084549572
0 0.4011059123777116 0.029944640161046806 0.03317737133134836 0.058882737795671866
0 0.42960442364951085 0.021137393054856568 0.02552105487026797 0.0412682435832914
0 0.588472990216929 0.041016607951685956 0.036154827732879626 0.04479114242576749
0 0.5495533815397703 0.012078510317060896 0.01871544023819651 0.02315047810770005
4 0.7126754572522331 0.1054353296426774 0.0063802637175669925 0.006542526421741319
0 0.35133985538068907 0.1338701560140916 0.0289238621863037 0.03925515853044791
0 0.10399829859634198 0.02415702063412179 0.033602722245852826 0.04529441368897836
0 0.11420672054444916 0.0626572722697534 0.031901318587834966 0.046804227478610974
0 0.1490854955338154 0.04932058379466533 0.0301999149298171 0.03925515853044791
0 0.15504040833687793 0.08127830900855561 0.029349213100808166 0.035732259687971814
0 0.18268821777966823 0.02793155510820332 0.0327520204168439 0.054856567689984904
0 0.19204593789876648 0.07221942627075995 0.029349213100808166 0.03975842979365878
0 0.2005529561888558 0.1132360342224459 0.031050616758826033 0.04932058379466533
0 0.16928966397277753 0.13990941117262204 0.03658017864738409 0.06039255158530448
0 0.17949808592088473 0.1852038248616004 0.031475967673330496 0.043281328636134875
0 0.21586558911101658 0.014091595369904378 0.028498511271799233 0.027176648213387014
0 0.22075712462781796 0.0377453447408153 0.02552105487026797 0.028183190739808756
0 0.2275627392598894 0.06970306995470558 0.030625265844321566 0.04579768495218923
0 0.23798383666524883 0.10946149974836437 0.028498511271799233 0.03673880221439356
0 0.245427477669077 0.14217413185707095 0.0289238621863037 0.035732259687971814
0 0.2507443641003828 0.020130850528434826 0.027647809442790303 0.03120281831907398
0 0.26095278604849 0.046804227478610974 0.0301999149298171 0.04026170105686965
0 0.2660569970225436 0.0805234021137393 0.0301999149298171 0.03925515853044791
0 0.2743513398553807 0.11197785606441872 0.029774564015312633 0.04076497232008052
0 0.28689919183326246 0.009562154001006542 0.028498511271799233 0.017111222949169603
0 0.2841344108889834 0.15299446401610467 0.03317737133134836 0.051333668847508805
0 0.30923011484474694 0.10669350780070458 0.029774564015312633 0.03925515853044791
0 0.3185878349638452 0.14343231001509812 0.030625265844321566 0.04730749874182184
0 0.3411314334325819 0.08706592853548062 0.03317737133134836 0.0463009562154001
0 0.36856656741811994 0.03623553095118269 0.031901318587834966 0.04730749874182184
0 0.3900467886005955 0.1260694514343231 0.034028073160357296 0.04881731253145445
0 0.4113143343258188 0.06894816305988928 0.028073160357294766 0.03120281831907398
0 0.41769459804338577 0.10216406643180674 0.029774564015312633 0.0463009562154001
0 0.4440663547426627 0.057121288374433817 0.034028073160357296 0.050830397584297936
