0 0.3977216443784051 0.6256503642039543 0.017830609212481426 0.013007284079084287
0 0.4091134224863794 0.603537981269511 0.0237741456166419 0.03433922996878252
0 0.18845963348192174 0.6454214360041624 0.03516592372461615 0.05254942767950052
0 0.2072808320950966 0.6875650364203955 0.031203566121842496 0.04630593132154006
0 0.21495789995047054 0.735952133194589 0.017830609212481426 0.027575442247658687
0 0.24764735017335315 0.6675338189386056 0.008915304606240713 0.012486992715920915
0 0.10970777612679544 0.6766389177939646 0.03714710252600297 0.04526534859521332
3 0.4472511144130758 0.6436004162330905 0.021792966815255076 0.01664932362122789
3 0.6317483902922238 0.7559833506763788 0.01733531451213472 0.01664932362122789
3 0.6364536899455175 0.8340270551508845 0.017830609212481426 0.019771071800208116
3 0.5913818722139673 0.8686264308012487 0.020802377414561663 0.016129032258064516
3 0.46805349182763745 0.8800728407908429 0.018821198613174838 0.019250780437044746
3 0.33803863298662706 0.9167533818938606 0.022288261515601784 0.01768990634755463
1 0.36181277860326894 0.8831945889698231 0.02129767211490837 0.01404786680541103
1 0.36181277860326894 0.8681061394380853 0.02030708271421496 0.016129032258064516
3 0.28083209509658247 0.8868366285119667 0.020802377414561663 0.022372528616024973
3 0.14834076275383853 0.8876170655567117 0.027241208519068846 0.013527575442247659
