3 0.02157920549288867 0.9334198011240813 0.016674840608141245 0.01556420233463035
1 0.06302108876900442 0.9638996973627324 0.020107896027464444 0.014267185473411154
3 0.10912211868563021 0.9857328145265889 0.011280039234919078 0.012105490704712495
3 0.1525257479156449 0.8536532641591007 0.01569396763119176 0.019455252918287938
3 0.2319764590485532 0.7637267617812364 0.020598332515939184 0.01599654128837008
3 0.3769004413928396 0.7524859489840034 0.021088769004413928 0.01599654128837008
3 0.49975478175576266 0.7594033722438391 0.020598332515939184 0.01772589710332901
3 0.5505149583128984 0.7883700821444012 0.020107896027464444 0.011673151750972763
3 0.6750858263854831 0.767833981841764 0.01716527709661599 0.01297016861219196
3 0.7927905836194212 0.767833981841764 0.020107896027464444 0.013834846519671422
3 0.8384011770475723 0.7421098140942499 0.019127023050514957 0.01599654128837008
3 0.8366846493379108 0.675961954172071 0.01765571358509073 0.01599654128837008
0 0.42202059833251593 0.5497189796800692 0.03089749877390878 0.040207522697795074
0 0.43992153016184404 0.5879809770860355 0.02746444335458558 0.038910505836575876
0 0.3482099068170672 0.56441850410722 0.022560078469838155 0.023778642455685256
0 0.4428641490926925 0.6303501945525292 0.018636586562040217 0.01988759187202767
0 0.6218734673859735 0.5518806744487679 0.0196174595389897 0.011673151750972763
0 0.6329082883766552 0.5348032857760484 0.025993133889161354 0.02248162559446606
3 0.6679744973025993 0.5706874189364461 0.02157920549288867 0.016428880242109815
