0 0.5400981996726678 0.9176060118089103 0.03273322422258593 0.042404723564143855
0 0.3821603927986907 0.7426194310252281 0.048554282596835786 0.06602254428341385
0 0.46481178396072015 0.6325818572195384 0.05346426623022368 0.06172839506172839
0 0.31642116748499727 0.6994095544820182 0.05128205128205128 0.06548577563070317
0 0.3486088379705401 0.7179280730005367 0.0436442989634479 0.05958132045088567
0 0.3630660120021822 0.6580783682232958 0.03982542280414621 0.04723564143853999
0 0.27168576104746317 0.6129898013955984 0.05564648117839607 0.062265163714439076
0 0.3243316966721222 0.5807836822329576 0.04964539007092199 0.062265163714439076
0 0.34397163120567376 0.5429414922168545 0.045280960174577195 0.04455179817498658
0 0.3625204582651391 0.533011272141707 0.031096563011456628 0.023617820719269995
0 0.38570649208947083 0.509393451422437 0.03055100927441353 0.024691358024691357
0 0.2877795962902346 0.4830917874396135 0.03873431533006001 0.05475040257648953
2 0.4511729405346427 0.4994632313472893 0.014184397163120567 0.015566290928609769
0 0.30414620840152756 0.3752012882447665 0.03436988543371522 0.04938271604938271
0 0.2825968357883252 0.2667740203972088 0.0425531914893617 0.05152979066022544
0 0.22231314784506273 0.6672034353193773 0.05619203491543917 0.06870638754696726
0 0.17212220403709766 0.749597423510467 0.055100927441352976 0.04669887278582931
0 0.17430441898527005 0.7979066022544283 0.08237861429350792 0.06494900697799248
0 0.16557555919258046 0.8607085346215781 0.060556464811783964 0.06280193236714976
0 0.088379705400982 0.7514761137949544 0.062193126022913256 0.04508856682769726
0 0.3709765411893072 0.37493290391841116 0.05455537370430987 0.08856682769726248
0 0.4064375340971086 0.5705850778314546 0.07310420076377523 0.08266237251744499
