0 0.21899626710908338 0.04626660558863949 0.019908751555371217 0.028401282638570773
7 0.27955205309000414 0.04031149793861658 0.0904189133139776 0.06962895098488318
2 0.3950642886768976 0.07123224919835089 0.010369141435089175 0.011452130096197893
0 0.6951472418083783 0.24965643609711408 0.03152218996267109 0.027485112230874943
3 0.8336789713811696 0.3685295464956482 0.06304437992534218 0.08199725148877691
0 0.8075487349647449 0.43724232707283556 0.027374533388635422 0.02977553825011452
0 0.8643716300290336 0.46014658726523133 0.027374533388635422 0.02977553825011452
0 0.6074243052675239 0.4896930829134219 0.021153048527581916 0.017407237746220796
0 0.5464537536291995 0.5776454420522217 0.026959767731231855 0.028401282638570773
0 0.5736209041891331 0.586578103527256 0.02903359601824969 0.017865322950068714
0 0.6020323517212774 0.5712322491983509 0.01783492326835338 0.02565277141548328
0 0.6213189547905433 0.5790196976637655 0.021567814184985483 0.023820430600091615
0 0.6491082538365823 0.6076500229042602 0.02986312733305682 0.04168575355016033
0 0.6310659477395272 0.6946862116353641 0.03442554956449606 0.03160787906550618
0 0.6594773952716715 0.7432432432432432 0.019908751555371217 0.02244617498854787
0 0.7198257984238905 0.6103985341273477 0.03193695562007466 0.03527256069628951
0 0.7235586893405226 0.6493357764544205 0.025300705101617586 0.02153000458085204
0 0.7231439236831191 0.7196518552450756 0.021153048527581916 0.01923957856161246
0 0.7428452924097885 0.723316536875859 0.024056408129406886 0.024736601007787448
0 0.7799668187474077 0.7104901511681173 0.026959767731231855 0.02656894182317911
0 0.800705101617586 0.7139257901969767 0.02364164247200332 0.03710490151168117
0 0.7335130651182082 0.7979844251030692 0.02613023641642472 0.022904260192395786
0 0.7430526752384903 0.7808062299587724 0.011198672749896308 0.018781493357764543
0 0.7598506843633347 0.8048557031607879 0.025715470759021152 0.031149793861658268
0 0.786395686437163 0.826156665139716 0.025715470759021152 0.018781493357764543
0 0.8222729158025716 0.8389830508474576 0.03940273745333887 0.04260192395785616
0 0.8307756117793447 0.7830966559780119 0.03732890916632103 0.02977553825011452
0 0.6567814184985483 0.8550160329821347 0.01783492326835338 0.02153000458085204
0 0.6764827872252177 0.869674759505268 0.023226876814599753 0.03160787906550618
3 0.6932807963500622 0.8737975263398993 0.00953961012028204 0.010535959688502062
0 0.7119452509332227 0.8879981676591846 0.019493985897967647 0.02153000458085204
0 0.7272915802571547 0.9017407237746221 0.02198257984238905 0.02244617498854787
0 0.7602654500207383 0.8962437013284471 0.027374533388635422 0.03527256069628951
0 0.7467855661551224 0.9349519010535959 0.026959767731231855 0.02656894182317911
0 0.7492741600995437 0.9638112688960147 0.025300705101617586 0.03298213467704993
0 0.7594359187059312 0.8554741181859826 0.03318125259228536 0.030691708657810353
0 0.7857735379510576 0.8799816765918461 0.026959767731231855 0.029317453046266605
0 0.8231024471173787 0.8925790196976637 0.03027789299046039 0.04260192395785616
0 0.7818332642057237 0.9372423270728355 0.03235172127747823 0.027485112230874943
0 0.8535877229365408 0.8554741181859826 0.02073828287017835 0.02885936784241869
0 0.8405226047283285 0.8728813559322034 0.02613023641642472 0.027943197434722858
2 0.8664454583160515 0.8286761337608796 0.006636250518457071 0.015574896930829134
0 0.8954790543343011 0.803939532753092 0.028204064703442555 0.03756298671552909
0 0.8654085441725425 0.7633989922125516 0.02861883036084612 0.038021071919377
0 0.9431771049357113 0.7430142006413193 0.034010783907092494 0.030233623453962438
4 0.9450435503940273 0.8103527256069629 0.00953961012028204 0.010077874484654145
0 0.874533388635421 0.6981218506642235 0.03608461219411033 0.04122766834631241
0 0.9504355039402738 0.6452130096197893 0.02861883036084612 0.03893724232707284
0 0.9614267938614682 0.6168117269812186 0.03152218996267109 0.038021071919377
0 0.9742845292409789 0.581768208886853 0.018249688925756947 0.021071919377004124
0 0.979883865615927 0.5625286303252405 0.02198257984238905 0.027485112230874943
0 0.9877644131065948 0.6763628034814475 0.024471173786810452 0.03344021988089785
0 0.949191206968063 0.7059092991296381 0.03359601824968893 0.027485112230874943
