0 0.4006746626686657 0.585464333781965 0.05022488755622189 0.07133243606998654
0 0.4177286356821589 0.6285329744279946 0.02361319340329835 0.06056527590847914
0 0.4625187406296852 0.6544414535666218 0.034482758620689655 0.059892328398384924
0 0.49512743628185907 0.6315612382234186 0.044977511244377814 0.06662180349932706
0 0.5007496251874063 0.7072678331090175 0.03973013493253373 0.06998654104979811
0 0.3403298350824588 0.5868102288021534 0.014992503748125937 0.02557200538358008
0 0.37162668665667165 0.6167563930013459 0.03935532233883059 0.06258411843876177
0 0.39280359820089955 0.648721399730821 0.014992503748125937 0.04172274562584118
0 0.4124812593703148 0.6971736204576043 0.02586206896551724 0.05518169582772544
0 0.43103448275862066 0.7462987886944819 0.024737631184407798 0.05787348586810229
0 0.37368815592203897 0.6948183041722745 0.03223388305847077 0.06258411843876177
0 0.34557721139430286 0.6668909825033648 0.025487256371814093 0.063257065948856
0 0.4051724137931034 0.7483176312247645 0.02923538230884558 0.05652759084791386
0 0.3903673163418291 0.7977792732166891 0.03335832083958021 0.0639300134589502
0 0.4171664167916042 0.8119111709286676 0.023238380809595203 0.03028263795423957
0 0.444527736131934 0.8334454912516823 0.0239880059970015 0.058546433378196504
0 0.514055472263868 0.7597577388963661 0.029610194902548726 0.05518169582772544
0 0.5003748125937032 0.8852624495289367 0.044977511244377814 0.08950201884253028
0 0.5219265367316341 0.8707940780619112 0.0356071964017991 0.06191117092866756
0 0.3197151424287856 0.860699865410498 0.02848575712143928 0.04979811574697174
0 0.37387556221889057 0.857335127860027 0.025112443778110945 0.06729475100942127
0 0.40554722638680657 0.8919919246298789 0.020239880059970013 0.07200538358008075
0 0.41829085457271364 0.8633916554508748 0.021739130434782608 0.05787348586810229
0 0.3167166416791604 0.8149394347240915 0.018740629685157422 0.03768506056527591
0 0.47919790104947524 0.9104979811574697 0.04010494752623688 0.07806191117092867
0 0.5067466266866567 0.9646702557200538 0.027736131934032984 0.058546433378196504
0 0.4625187406296852 0.9707267833109018 0.03073463268365817 0.05720053835800808
0 0.41304347826086957 0.9730820995962315 0.0239880059970015 0.04979811574697174
0 0.3268365817091454 0.9636608344549125 0.029985007496251874 0.06594885598923284
0 0.3787481259370315 0.9707267833109018 0.02361319340329835 0.0477792732166891
0 0.6416791604197901 0.5639300134589502 0.01424287856071964 0.04845222072678331
0 0.614880059970015 0.7254374158815612 0.03110944527736132 0.052489905787348586
0 0.5740254872563718 0.8997308209959624 0.031859070464767617 0.05652759084791386
0 0.6398050974512743 0.9596231493943472 0.03523238380809595 0.07806191117092867
0 0.6647301349325337 0.9152086137281292 0.02361319340329835 0.05652759084791386
0 0.6158170914542729 0.9024226110363391 0.025487256371814093 0.04576043068640646
0 0.6634182908545727 0.8707940780619112 0.019490254872563718 0.039030955585464336
0 0.7190779610194903 0.8132570659488559 0.03935532233883059 0.06527590847913863
0 0.742503748125937 0.7994616419919246 0.03523238380809595 0.06729475100942127
0 0.7025862068965517 0.6022880215343204 0.015367316341829085 0.047106325706594884
0 0.566904047976012 0.9811574697173621 0.02811094452773613 0.034993270524899055
