0 0.42801107521919707 0.8643246517262265 0.04014766958929396 0.06904906117504543
0 0.4420858329487771 0.9030890369473047 0.022150438394093218 0.031496062992125984
0 0.4889247808029534 0.8773470623864325 0.031841255191509 0.05875227135069655
0 0.4912321181356714 0.823137492428831 0.03461005999077065 0.05572380375529982
0 0.49100138440239965 0.7646880678376742 0.03137978772496539 0.0514839491217444
0 0.4312413474850023 0.7816474863718958 0.043839409321642826 0.06965475469412477
0 0.5122288878634056 0.7283464566929134 0.04060913705583756 0.056329497274379164
0 0.5572219658514075 0.7071471835251363 0.029995385325334564 0.06117504542701393
0 0.6340562990309183 0.6826165960024227 0.04337794185509922 0.06662628709872805
0 0.6419012459621597 0.5835857056329498 0.03599446239040148 0.056329497274379164
0 0.7337332718043378 0.5890369473046638 0.04337794185509922 0.09024833434282253
0 0.6121365943700969 0.6153846153846154 0.026303645592985696 0.031496062992125984
0 0.7634979233964005 0.5569351907934585 0.02814951545916013 0.0514839491217444
0 0.765343793262575 0.5199878861296184 0.02814951545916013 0.030890369473046637
0 0.8345639132441163 0.47819503331314356 0.046608214120904476 0.06238643246517262
0 0.8710198431010614 0.4742580254391278 0.029072450392247345 0.05208964264082374
0 0.708814028610983 0.5048455481526347 0.047069681587448085 0.07934585099939431
0 0.6492847254268574 0.5021199273167777 0.04060913705583756 0.039975772259236826
0 0.7009690816797416 0.354633555420957 0.04060913705583756 0.04542701393095094
0 0.5431472081218274 0.5902483343428225 0.024919243193354867 0.041792852816474865
0 0.5613751730502999 0.5372501514233797 0.03091832025842178 0.04603270745003028
0 0.5881402861098293 0.5708661417322834 0.03461005999077065 0.052695336159903086
0 0.6075219197046609 0.5769230769230769 0.026303645592985696 0.03815869170199879
0 0.5053068758652515 0.5354330708661418 0.03599446239040148 0.054512416717141125
0 0.4720812182741117 0.5523924894003635 0.03876326718966313 0.061780738946093275
0 0.44831564374711586 0.5632949727437916 0.03553299492385787 0.039975772259236826
0 0.4397784956160591 0.5181708055723804 0.030456852791878174 0.0514839491217444
0 0.4183202584217813 0.5790430042398547 0.03368712505768343 0.050878255602665054
0 0.43816335948315643 0.6417322834645669 0.050299953853253344 0.08782556026650515
0 0.3650207660359945 0.6078134463961236 0.03876326718966313 0.06723198061780739
0 0.34425473004153206 0.5205935796486978 0.04522381172127365 0.06480920654149
0 0.39155514536225194 0.5039370078740157 0.03645592985694508 0.050878255602665054
0 0.5316105214582372 0.5018170805572381 0.0267651130595293 0.03815869170199879
0 0.5191508998615597 0.467595396729255 0.03876326718966313 0.04966686856450636
0 0.553068758652515 0.465778316172017 0.05768343331795108 0.07631738340399757
0 0.5812182741116751 0.4551786795881284 0.031841255191509 0.05511811023622047
0 0.3253345639132441 0.468503937007874 0.03968620212275035 0.05875227135069655
0 0.3504845408398708 0.45790430042398544 0.031841255191509 0.047244094488188976
0 0.31495154591601293 0.32980012113870383 0.022611905860636824 0.03210175651120533
0 0.3181818181818182 0.3737129012719564 0.0373788647900323 0.050878255602665054
0 0.3890170742962621 0.40520896426408237 0.03322565759113982 0.05208964264082374
0 0.40147669589293955 0.434282253179891 0.022150438394093218 0.03270745003028468
0 0.43839409321642825 0.4327680193821926 0.04337794185509922 0.08055723803755299
0 0.48177203507152744 0.39763779527559057 0.032302722658052604 0.05511811023622047
0 0.5692201199815413 0.3497880072683222 0.03645592985694508 0.05390672319806178
0 0.4104753114905399 0.34766807995154453 0.04014766958929396 0.06056935190793458
0 0.4455468389478542 0.3649303452453059 0.029072450392247345 0.027256208358570563
0 0.46631287494231655 0.306480920654149 0.03830179972311952 0.06056935190793458
0 0.5537609598523304 0.29043004239854636 0.04891555145362252 0.05754088431253786
0 0.38878634056299033 0.24682010902483342 0.04107060452238117 0.05511811023622047
0 0.4298569450853715 0.30829800121138706 0.03645592985694508 0.05572380375529982
0 0.3977849561605907 0.2976983646274985 0.023073373327180433 0.02483343428225318
0 0.44993077988001845 0.2616596002422774 0.0535302261190586 0.05208964264082374
0 0.5036917397323488 0.2271350696547547 0.043839409321642826 0.05693519079345851
0 0.5452238117212737 0.21380981223500908 0.05676049838486387 0.06420351302241066
0 0.40839870789109367 0.21320411871592973 0.03137978772496539 0.039975772259236826
0 0.4185509921550531 0.2383403997577226 0.03322565759113982 0.03815869170199879
0 0.4543147208121827 0.1980617807389461 0.049377018920166126 0.058146577831617204
0 0.34979233964005535 0.2113870381586917 0.03876326718966313 0.05208964264082374
0 0.4252422704199354 0.15172622652937615 0.06045223811721274 0.07207752877044216
0 0.351407475772958 0.13294972743791642 0.015228426395939087 0.019987886129618413
0 0.38509460083064145 0.17504542701393094 0.05122288878634056 0.061780738946093275
0 0.816105214582372 0.30587522713506965 0.02168897092754961 0.050878255602665054
