0 0.5987081146548244 0.1888745148771022 0.021800565199838515 0.054333764553686936
0 0.9077513120710536 0.2186287192755498 0.04804198627371821 0.07761966364812418
0 0.906943883730319 0.29301423027166884 0.05450141299959629 0.08020698576972833
0 0.9132014533710133 0.3421733505821475 0.03391199031085991 0.050452781371280724
0 0.7379895034315704 0.3754851228978008 0.03714170367379895 0.08085381630012936
0 0.7716996366572467 0.4052393272962484 0.03350827614049253 0.08602846054333764
0 0.7989503431570448 0.4188227684346701 0.03794913201453371 0.08085381630012936
0 0.7573677836092046 0.481888745148771 0.03714170367379895 0.0724450194049159
0 0.676423092450545 0.5168175937904269 0.04319741622930965 0.07503234152652005
0 0.7381913605167542 0.6044631306597671 0.03512313282196205 0.06144890038809832
2 0.6990310859911183 0.6675291073738681 0.011707710940654016 0.02069857697283312
0 0.7464675010092854 0.6545924967658473 0.020993136859103756 0.03492884864165589
0 0.7634234961647154 0.6238680465717982 0.020185708518368994 0.03169469598965071
0 0.7817924909164312 0.609961190168176 0.03512313282196205 0.06080206985769728
0 0.7997577714977796 0.5604786545924968 0.036334275333064193 0.07697283311772316
0 0.8407347597900686 0.5122897800776197 0.04238998788857489 0.0724450194049159
0 0.8330641905530884 0.6691461836998707 0.03270084779975777 0.07179818887451488
0 0.8752523213564796 0.4476067270375162 0.04360113039967703 0.08020698576972833
0 0.9751715785224061 0.3389391979301423 0.04319741622930965 0.055627425614489
0 0.8191360516754138 0.7972186287192755 0.017763423496164714 0.06144890038809832
0 0.8399273314493338 0.9265847347994826 0.02624142107387969 0.0666235446313066
0 0.7646346386758175 0.8108020698576973 0.041178845377472746 0.11060802069857698
