0 0.041596873255164715 0.8718428437792329 0.034059184812953655 0.07857811038353602
0 0.4676158570630932 0.9466791393826005 0.06532663316582915 0.10102899906454631
0 0.7816862088218872 0.47988774555659497 0.05025125628140704 0.08606173994387278
0 0.8062534896705751 0.40645463049579045 0.04578447794528197 0.09260991580916744
0 0.7473478503629257 0.6323666978484564 0.051926298157453935 0.08044901777362021
0 0.8291457286432161 0.5710944808231992 0.05025125628140704 0.07764265668849392
0 0.884142936906756 0.6117867165575304 0.047459519821328865 0.09354536950420954
0 0.8492462311557789 0.6608980355472404 0.04578447794528197 0.07951356407857811
0 0.804857621440536 0.7263797942001871 0.05415968732551647 0.0832553788587465
0 0.7470686767169179 0.8933582787652011 0.08040201005025126 0.07670720299345182
0 0.8799553322166388 0.804022450888681 0.04690117252931323 0.06454630495790459
0 0.8280290340591848 0.8362956033676333 0.0446677833612507 0.06361085126286249
0 0.9346733668341709 0.7273152478952292 0.08375209380234507 0.13189897100093545
0 0.9651032942490229 0.8091674462114126 0.0664433277498604 0.1253507951356408
0 0.7928531546621999 0.6122544434050514 0.03908431044109436 0.0813844714686623
