0 0.03411764705882353 0.7442748091603053 0.01411764705882353 0.015267175572519083
0 0.03176470588235294 0.7625954198473283 0.014901960784313726 0.021374045801526718
4 0.05568627450980392 0.7557251908396947 0.01647058823529412 0.030534351145038167
0 0.6039215686274509 0.9305343511450381 0.03372549019607843 0.08091603053435115
0 0.6547058823529411 0.9534351145038168 0.02784313725490196 0.0732824427480916
0 0.6568627450980392 0.8835877862595419 0.027450980392156862 0.07099236641221374
0 0.6074509803921568 0.8274809160305343 0.034509803921568626 0.08549618320610687
0 0.5866666666666667 0.8480916030534351 0.01411764705882353 0.03358778625954199
0 0.662156862745098 0.8095419847328245 0.016862745098039214 0.06641221374045801
0 0.6741176470588235 0.7648854961832061 0.02980392156862745 0.07480916030534351
0 0.7150980392156863 0.7366412213740458 0.02392156862745098 0.08091603053435115
0 0.7794117647058824 0.7122137404580152 0.03803921568627451 0.08244274809160305
0 0.7613725490196078 0.6335877862595419 0.02 0.03358778625954199
0 0.6119607843137255 0.6538167938931297 0.044313725490196076 0.1183206106870229
0 0.6658823529411765 0.6187022900763359 0.02431372549019608 0.03587786259541985
0 0.7066666666666667 0.5923664122137404 0.014901960784313726 0.0549618320610687
0 0.7396078431372549 0.5732824427480916 0.03058823529411765 0.0732824427480916
0 0.7574509803921569 0.582442748091603 0.025490196078431372 0.050381679389312976
0 0.7886274509803921 0.5893129770992367 0.03058823529411765 0.0717557251908397
0 0.5523529411764706 0.6106870229007634 0.02784313725490196 0.07022900763358779
0 0.5947058823529412 0.5687022900763359 0.03019607843137255 0.06870229007633588
0 0.6235294117647059 0.5526717557251909 0.025098039215686273 0.05648854961832061
0 0.615686274509804 0.49770992366412214 0.023529411764705882 0.06564885496183206
0 0.643921568627451 0.5404580152671755 0.03215686274509804 0.07786259541984733
0 0.6711764705882353 0.5225190839694657 0.032549019607843135 0.07099236641221374
0 0.6364705882352941 0.4816793893129771 0.010980392156862745 0.02900763358778626
0 0.5172549019607843 0.42404580152671756 0.03215686274509804 0.07557251908396946
0 0.5388235294117647 0.4125954198473282 0.02823529411764706 0.05877862595419847
0 0.5333333333333333 0.4935114503816794 0.0392156862745098 0.08015267175572519
0 0.5749019607843138 0.47366412213740455 0.02823529411764706 0.06030534351145038
0 0.6082352941176471 0.3969465648854962 0.023529411764705882 0.0900763358778626
0 0.6213725490196078 0.3732824427480916 0.02392156862745098 0.0717557251908397
0 0.5725490196078431 0.3530534351145038 0.02588235294117647 0.06793893129770992
0 0.5835294117647059 0.39122137404580154 0.017254901960784313 0.038931297709923665
0 0.652156862745098 0.34618320610687026 0.02823529411764706 0.07099236641221374
0 0.6468627450980392 0.4438931297709924 0.009019607843137255 0.022137404580152672
0 0.6807843137254902 0.4351145038167939 0.03686274509803922 0.0717557251908397
0 0.6937254901960784 0.47938931297709925 0.022745098039215685 0.050381679389312976
0 0.7198039215686275 0.5282442748091603 0.024705882352941175 0.06717557251908397
0 0.712156862745098 0.4351145038167939 0.04862745098039216 0.10534351145038168
0 0.7398039215686274 0.4309160305343511 0.03333333333333333 0.07862595419847328
0 0.5117647058823529 0.300381679389313 0.03058823529411765 0.05877862595419847
0 0.5094117647058823 0.2480916030534351 0.02196078431372549 0.044274809160305344
0 0.590392156862745 0.28053435114503816 0.032549019607843135 0.07557251908396946
0 0.6201960784313726 0.3011450381679389 0.024705882352941175 0.03282442748091603
0 0.6072549019607844 0.2316793893129771 0.032549019607843135 0.07251908396946564
0 0.5864705882352941 0.21374045801526717 0.00980392156862745 0.024427480916030534
0 0.5843137254901961 0.18740458015267175 0.007058823529411765 0.02366412213740458
0 0.7278431372549019 0.2881679389312977 0.02980392156862745 0.06641221374045801
0 0.8674509803921568 0.6072519083969465 0.03686274509803922 0.11374045801526718
0 0.8949019607843137 0.5213740458015267 0.021176470588235293 0.035114503816793895
0 0.8931372549019608 0.5687022900763359 0.023137254901960783 0.06412213740458016
0 0.8441176470588235 0.49809160305343514 0.04196078431372549 0.1
0 0.7941176470588235 0.4912213740458015 0.03607843137254902 0.06183206106870229
0 0.9550980392156863 0.47061068702290076 0.041176470588235294 0.0816793893129771
0 0.984313725490196 0.4687022900763359 0.02666666666666667 0.06412213740458016
0 0.8398039215686275 0.3064885496183206 0.030980392156862744 0.06030534351145038
0 0.9376470588235294 0.27022900763358776 0.014901960784313726 0.07633587786259542
0 0.6394117647058823 0.22824427480916032 0.03333333333333333 0.08396946564885496
0 0.7147058823529412 0.21106870229007635 0.04196078431372549 0.07557251908396946
0 0.7074509803921568 0.1148854961832061 0.047058823529411764 0.0816793893129771
0 0.672156862745098 0.13206106870229006 0.03529411764705882 0.0717557251908397
0 0.625686274509804 0.1687022900763359 0.04666666666666667 0.06717557251908397
0 0.5725490196078431 0.15076335877862596 0.034509803921568626 0.07404580152671755
0 0.5901960784313726 0.10687022900763359 0.02823529411764706 0.0549618320610687
0 0.5984313725490196 0.14083969465648855 0.027450980392156862 0.0450381679389313
0 0.6215686274509804 0.0900763358778626 0.03137254901960784 0.0732824427480916
0 0.6417647058823529 0.11870229007633588 0.021568627450980392 0.07557251908396946
0 0.5456862745098039 0.09465648854961832 0.02 0.06412213740458016
0 0.6047058823529412 0.03816793893129771 0.05176470588235294 0.07480916030534351
