0 0.3544378698224852 0.9517568321249302 0.020118343195266272 0.01728945900725042
0 0.4162721893491124 0.9464584495259342 0.058579881656804736 0.053541550474065815
0 0.4591715976331361 0.9283324037925265 0.0378698224852071 0.05856107083100948
0 0.5313609467455621 0.912994980479643 0.04260355029585799 0.0501952035694367
0 0.5825443786982248 0.9007250418293363 0.05029585798816568 0.06023424428332404
0 0.4958579881656805 0.9796430563301729 0.011834319526627219 0.010596765197992191
0 0.7784023668639053 0.9584495259341885 0.03017751479289941 0.019520356943669825
0 0.6431952662721894 0.8764640267707753 0.021301775147928994 0.01728945900725042
0 0.5940828402366863 0.8524818739542666 0.054437869822485205 0.051868377021751254
0 0.5381656804733728 0.8513664249860569 0.052662721893491124 0.051868377021751254
0 0.4831360946745562 0.8759063022866704 0.042011834319526625 0.046291132180702736
0 0.5304733727810651 0.8000557724484105 0.05384615384615385 0.049637479085331844
0 0.5035502958579882 0.8351924149470161 0.01893491124260355 0.01728945900725042
0 0.6005917159763313 0.8100948131622978 0.05207100591715976 0.054099274958170664
0 0.6254437869822486 0.786670384829894 0.04497041420118343 0.04852203011712214
0 0.6535502958579882 0.7693809258226436 0.042011834319526625 0.051868377021751254
0 0.5899408284023668 0.7540435025097602 0.06863905325443787 0.049079754601226995
0 0.4887573964497041 0.754601226993865 0.03076923076923077 0.049079754601226995
0 0.5171597633136095 0.6860011154489682 0.0485207100591716 0.049079754601226995
0 0.5576923076923077 0.6720580033463469 0.018343195266272188 0.025655326268823202
0 0.5236686390532544 0.6076408254322365 0.033136094674556214 0.04294478527607362
0 0.4701183431952663 0.5454545454545454 0.03017751479289941 0.042387060791968766
0 0.4677514792899408 0.5158951477969883 0.01242603550295858 0.015616285554935862
7 0.24585798816568047 0.41494701617401003 0.020710059171597635 0.044617958728388175
