0 0.2115036231884058 0.7627238454288408 0.03170289855072464 0.03817153628652215
0 0.17459239130434784 0.5073044297832233 0.04846014492753623 0.06173421300659755
0 0.09352355072463768 0.600612629594722 0.04664855072463768 0.05230914231856739
0 0.057971014492753624 0.5812912346842601 0.059782608695652176 0.06267672007540057
0 0.08944746376811594 0.5214420358152686 0.04846014492753623 0.05419415645617342
0 0.03940217391304348 0.55937794533459 0.05253623188405797 0.058435438265786996
0 0.05434782608695652 0.45829406220546653 0.04528985507246377 0.05796418473138549
0 0.07993659420289854 0.42507068803016024 0.03940217391304348 0.03958529688972667
0 0.0973731884057971 0.4158812441093308 0.025362318840579712 0.02403393025447691
0 0.12024456521739131 0.3977379830348728 0.030344202898550724 0.02639019792648445
2 0.17730978260869565 0.39585296889726673 0.014039855072463768 0.01413760603204524
0 0.034420289855072464 0.3715834118755891 0.035326086956521736 0.05136663524976438
0 0.06046195652173913 0.2761545711592837 0.030344202898550724 0.04429783223374175
0 0.0541213768115942 0.17813383600377003 0.03306159420289855 0.04524033930254477
0 0.016983695652173912 0.484684260131951 0.03215579710144927 0.050424128180961356
0 0.11933876811594203 0.27733270499528745 0.035778985507246376 0.0824693685202639
0 0.13134057971014493 0.45193213949104616 0.0625 0.07917059377945335
