0 0.24629519857735627 0.4247691472026073 0.03260225251926497 0.046713742531233025
0 0.34054534676941317 0.3897338403041825 0.04919976289270895 0.052688756110809344
0 0.36158861885002963 0.4380771319934818 0.036751630112625965 0.05594785442694188
0 0.37136929460580914 0.49103747963063554 0.023117960877296978 0.028245518739815317
0 0.4078245406046236 0.41825095057034223 0.015411973918197985 0.018468223791417708
0 0.5838767042086545 0.37180879956545354 0.024896265560165973 0.017925040738728953
0 0.5966212211025489 0.34980988593155893 0.025489033787788974 0.028245518739815317
3 0.12596324836988737 0.6922868006518197 0.027860106698280974 0.021184139054861488
3 0.3070539419087137 0.6588810429114612 0.026081802015411975 0.01955458989679522
3 0.4593953764078245 0.6550787615426399 0.026081802015411975 0.022813688212927757
3 0.5263781861292235 0.6868549701249321 0.024896265560165973 0.017925040738728953
3 0.6775340841730884 0.6455730581205866 0.023710729104919975 0.021184139054861488
3 0.8230586840545346 0.6330798479087453 0.024303497332542976 0.023356871265616513
3 0.8752222880853586 0.5928843020097773 0.025489033787788974 0.023356871265616513
3 0.8669235328986367 0.5095057034220533 0.023117960877296978 0.020640956002172733
3 0.6443390634262004 0.39435089625203695 0.02963841138114997 0.01955458989679522
1 0.553941908713693 0.6488321564367192 0.025489033787788974 0.012493210211841391
1 0.5489033787788975 0.6333514394350896 0.013040901007705987 0.010863661053775122
3 0.03793716656787196 0.8177620858229223 0.024896265560165973 0.022270505160239002
