3 0.5626572722697534 0.44221105527638194 0.04529441368897836 0.03796761585706309
0 0.4386009058882738 0.4341150195421552 0.046804227478610974 0.04522613065326633
0 0.42299949672873677 0.48939140145170296 0.034725717161550075 0.047459519821328865
3 0.45822848515349773 0.48380792853154664 0.029693004529441368 0.026242322724734785
3 0.38324106693507803 0.4824120603015075 0.013588324106693507 0.01340033500837521
0 0.0968797181680926 0.519821328866555 0.04579768495218923 0.03685092127303183
3 0.12783090085556115 0.5390843104410944 0.028183190739808756 0.030709101060859854
0 0.2539003522898842 0.5466219988833054 0.04579768495218923 0.03908431044109436
0 0.30573729240060393 0.596035734226689 0.04781077000503271 0.034059184812953655
0 0.22571716155007548 0.4946957007258515 0.013588324106693507 0.01340033500837521
