3 0.7937725631768953 0.4613083366573594 0.029783393501805054 0.030714000797766254
3 0.8154332129963899 0.4278021539688871 0.029783393501805054 0.027522935779816515
3 0.8359657039711191 0.42102114080574393 0.013086642599277979 0.010769844435580374
3 0.7181859205776173 0.4379736737136019 0.013086642599277979 0.014359792580773833
3 0.7260830324909747 0.4242122058236937 0.017148014440433214 0.014758675708017551
3 0.7127707581227437 0.4036697247706422 0.02391696750902527 0.02792181890706023
0 0.7409747292418772 0.41204627044276027 0.016245487364620937 0.031112883925009972
4 0.7436823104693141 0.37455125648185084 0.013537906137184115 0.013562026326286399
0 0.7691787003610109 0.38272836059034704 0.03023465703971119 0.029916234543278818
3 0.8131768953068592 0.33905065815715996 0.011732851985559567 0.009573195053849222
3 0.8235559566787004 0.3256880733944954 0.013537906137184115 0.012365376944555246
3 0.799187725631769 0.31810929397686477 0.0351985559566787 0.030714000797766254
3 0.7547382671480144 0.3113282808137216 0.03023465703971119 0.03310729956122856
3 0.7479693140794224 0.293777423214998 0.013086642599277979 0.012365376944555246
3 0.7644404332129964 0.27044276027124053 0.019855595667870037 0.012764260071798962
3 0.793095667870036 0.2672516952532908 0.012184115523465704 0.012764260071798962
3 0.8097924187725631 0.27323494216194655 0.028429602888086644 0.032708416433984845
0 0.8005415162454874 0.24511368169126446 0.02707581227436823 0.030714000797766254
0 0.8215252707581228 0.2425209413641803 0.0194043321299639 0.014359792580773833
0 0.7353339350180506 0.27522935779816515 0.026624548736462094 0.03430394894295971
0 0.6996841155234657 0.24950139609094535 0.020306859205776174 0.017151974471479856
0 0.6392148014440433 0.27702433187076186 0.020306859205776174 0.02114080574391703
0 0.6944945848375451 0.21938571998404469 0.02707581227436823 0.03510171519744715
3 0.6604241877256317 0.21100917431192662 0.018501805054151624 0.030315117670522536
3 0.6678700361010831 0.1916633426406063 0.01263537906137184 0.010769844435580374
0 0.6735108303249098 0.16154766653370561 0.014891696750902527 0.028719585161547666
3 0.6401173285198556 0.06860789788591942 0.021209386281588447 0.030315117670522536
0 0.6933664259927798 0.05345033905065816 0.03203971119133574 0.03669724770642202
0 0.7186371841155235 0.09234144395692062 0.027527075812274367 0.03310729956122856
