0 0.31995073891625614 0.7644876325088339 0.00935960591133005 0.010954063604240283
0 0.408128078817734 0.6871024734982332 0.04384236453201971 0.030035335689045935
0 0.4886699507389163 0.6358657243816255 0.014778325123152709 0.011660777385159011
0 0.35123152709359606 0.6971731448763251 0.026600985221674877 0.022614840989399292
0 0.2899014778325123 0.7040636042402827 0.03103448275862069 0.022968197879858657
0 0.3741379310344828 0.6517667844522969 0.02019704433497537 0.020848056537102474
0 0.3866995073891626 0.6438162544169611 0.011822660098522168 0.014840989399293287
0 0.40665024630541874 0.6245583038869258 0.017241379310344827 0.016607773851590107
0 0.5192118226600986 0.5832155477031802 0.024630541871921183 0.022968197879858657
0 0.46921182266009853 0.5931095406360424 0.026108374384236452 0.0215547703180212
0 0.475615763546798 0.5627208480565371 0.047783251231527095 0.024381625441696114
0 0.4044334975369458 0.5950530035335689 0.05714285714285714 0.0353356890459364
0 0.29482758620689653 0.6452296819787986 0.07339901477832513 0.058657243816254416
0 0.29064039408866993 0.6676678445229682 0.034482758620689655 0.022968197879858657
0 0.25911330049261083 0.668904593639576 0.02857142857142857 0.02049469964664311
0 0.22857142857142856 0.665017667844523 0.03251231527093596 0.019787985865724382
0 0.23423645320197045 0.631095406360424 0.02807881773399015 0.023321554770318022
0 0.3007389162561576 0.6107773851590106 0.046798029556650245 0.03568904593639576
0 0.3270935960591133 0.643286219081272 0.02561576354679803 0.024381625441696114
0 0.3482758620689655 0.6339222614840989 0.029556650246305417 0.0353356890459364
0 0.3440886699507389 0.6726148409893993 0.026108374384236452 0.026501766784452298
0 0.3054187192118227 0.5885159010600707 0.024630541871921183 0.020141342756183747
0 0.3258620689655172 0.5782685512367491 0.027093596059113302 0.02508833922261484
0 0.3399014778325123 0.5637809187279152 0.03251231527093596 0.023674911660777384
0 0.35517241379310344 0.5537102473498233 0.029556650246305417 0.019787985865724382
0 0.31305418719211825 0.5482332155477032 0.03300492610837438 0.030742049469964665
0 0.38275862068965516 0.5259717314487633 0.05024630541871921 0.025795053003533568
0 0.4246305418719212 0.49858657243816257 0.03251231527093596 0.02402826855123675
0 0.44113300492610835 0.4842756183745583 0.034975369458128076 0.01872791519434629
0 0.39064039408866996 0.45777385159010603 0.026600985221674877 0.020848056537102474
0 0.40911330049261085 0.47597173144876326 0.021182266009852218 0.02120141342756184
0 0.5002463054187192 0.4581272084805654 0.02413793103448276 0.01802120141342756
4 0.3623152709359606 0.45530035335689045 0.010344827586206896 0.0088339222614841
4 0.32315270935960594 0.4736749116607774 0.012807881773399015 0.00812720848056537
0 0.32783251231527094 0.4531802120141343 0.027093596059113302 0.0215547703180212
0 0.33669950738916254 0.44098939929328623 0.02413793103448276 0.015547703180212015
0 0.36798029556650247 0.4381625441696113 0.02857142857142857 0.025441696113074206
0 0.3933497536945813 0.43392226148409896 0.01921182266009852 0.024734982332155476
0 0.41748768472906406 0.569964664310954 0.03399014778325123 0.023321554770318022
0 0.31157635467980294 0.42809187279151945 0.029064039408866996 0.02508833922261484
0 0.5433497536945813 0.5136042402826855 0.030541871921182268 0.020141342756183747
0 0.5736453201970443 0.518904593639576 0.03596059113300493 0.02791519434628975
4 0.6061576354679803 0.5512367491166078 0.00935960591133005 0.009893992932862191
0 0.2775862068965517 0.46607773851590106 0.022167487684729065 0.0176678445229682
0 0.25689655172413794 0.47985865724381627 0.02807881773399015 0.02402826855123675
0 0.2701970443349754 0.5010600706713781 0.03891625615763547 0.025441696113074206
0 0.3137931034482759 0.5121908127208481 0.04334975369458128 0.044169611307420496
0 0.3295566502463054 0.49840989399293284 0.03152709359605911 0.02862190812720848
0 0.3694581280788177 0.49275618374558305 0.02857142857142857 0.022968197879858657
0 0.21970443349753693 0.472791519434629 0.017733990147783252 0.023321554770318022
0 0.22660098522167488 0.4588339222614841 0.023645320197044337 0.013780918727915195
0 0.2376847290640394 0.4381625441696113 0.02807881773399015 0.024734982332155476
0 0.21847290640394088 0.5030035335689046 0.03103448275862069 0.024381625441696114
0 0.237192118226601 0.5171378091872791 0.02019704433497537 0.012367491166077738
0 0.22192118226600985 0.5337455830388692 0.034975369458128076 0.026501766784452298
0 0.2399014778325123 0.5484098939929328 0.027586206896551724 0.02120141342756184
0 0.24901477832512314 0.5318021201413428 0.03103448275862069 0.02120141342756184
0 0.2524630541871921 0.5411660777385159 0.026108374384236452 0.0215547703180212
0 0.2270935960591133 0.5579505300353357 0.02167487684729064 0.01696113074204947
0 0.24753694581280788 0.5736749116607773 0.03103448275862069 0.02791519434628975
0 0.275615763546798 0.5731448763250884 0.03399014778325123 0.0303886925795053
0 0.2665024630541872 0.5909893992932862 0.02857142857142857 0.023674911660777384
0 0.2399014778325123 0.6014134275618375 0.027586206896551724 0.02402826855123675
0 0.25935960591133006 0.6024734982332155 0.017241379310344827 0.012720848056537103
0 0.19556650246305418 0.5954063604240283 0.029556650246305417 0.02756183745583039
0 0.158128078817734 0.6045936395759718 0.03152709359605911 0.028268551236749116
0 0.17536945812807883 0.5561837455830388 0.026600985221674877 0.029681978798586573
0 0.18029556650246306 0.6408127208480565 0.03251231527093596 0.031448763250883395
0 0.1832512315270936 0.6659010600706714 0.011822660098522168 0.0088339222614841
0 0.1960591133004926 0.6858657243816254 0.03152709359605911 0.025441696113074206
0 0.17536945812807883 0.6982332155477032 0.026600985221674877 0.024734982332155476
0 0.19655172413793104 0.7007067137809188 0.016748768472906402 0.008480565371024734
0 0.24113300492610837 0.7328621908127209 0.03201970443349754 0.023321554770318022
0 0.08201970443349754 0.6637809187279152 0.026108374384236452 0.025795053003533568
0 0.08793103448275862 0.6865724381625442 0.022167487684729065 0.019787985865724382
0 0.13201970443349753 0.6150176678445229 0.02561576354679803 0.025795053003533568
0 0.12315270935960591 0.5844522968197879 0.019704433497536946 0.0176678445229682
0 0.09137931034482759 0.5671378091872792 0.034975369458128076 0.024734982332155476
0 0.10443349753694581 0.5547703180212014 0.03152709359605911 0.023321554770318022
0 0.12463054187192119 0.5667844522968198 0.012807881773399015 0.008480565371024734
0 0.11280788177339901 0.5710247349823322 0.01083743842364532 0.009893992932862191
0 0.053694581280788176 0.5157243816254417 0.03152709359605911 0.023674911660777384
0 0.08251231527093596 0.49151943462897524 0.030049261083743842 0.025441696113074206
0 0.15270935960591134 0.5067137809187279 0.02561576354679803 0.029681978798586573
0 0.17635467980295566 0.515017667844523 0.02561576354679803 0.022968197879858657
0 0.1894088669950739 0.48851590106007065 0.026108374384236452 0.0215547703180212
0 0.19901477832512315 0.508833922261484 0.02857142857142857 0.023321554770318022
0 0.21600985221674876 0.5745583038869257 0.03201970443349754 0.025441696113074206
0 0.02142857142857143 0.49187279151943464 0.03793103448275862 0.02685512367491166
0 0.03152709359605911 0.4777385159010601 0.013793103448275862 0.009187279151943463
0 0.15886699507389163 0.43745583038869257 0.04482758620689655 0.03180212014134275
0 0.15566502463054188 0.46519434628975265 0.024630541871921183 0.01872791519434629
0 0.1896551724137931 0.45936395759717313 0.023645320197044337 0.021908127208480566
0 0.1960591133004926 0.44752650176678443 0.024630541871921183 0.027208480565371024
0 0.1608374384236453 0.4060070671378092 0.03891625615763547 0.028268551236749116
3 0.1413793103448276 0.4226148409893993 0.01083743842364532 0.008480565371024734
