0 0.42392344497607654 0.5244533947065593 0.027751196172248804 0.043153049482163405
0 0.39880382775119616 0.3866513233601841 0.028229665071770334 0.03682393555811277
0 0.39066985645933017 0.34004602991944766 0.02727272727272727 0.039125431530494824
0 0.35933014354066983 0.3095512082853855 0.0354066985645933 0.05063291139240506
0 0.3610047846889952 0.39010356731875717 0.025358851674641147 0.04027617951668585
0 0.32057416267942584 0.3567318757192175 0.022966507177033493 0.03567318757192175
0 0.2997607655502392 0.4177215189873418 0.03397129186602871 0.06098964326812428
0 0.31602870813397127 0.44735327963176064 0.028229665071770334 0.025891829689298044
0 0.2389952153110048 0.4352704257767549 0.03110047846889952 0.03624856156501726
0 0.25191387559808615 0.38924050632911394 0.029186602870813396 0.06041426927502877
0 0.2007177033492823 0.41254315304948214 0.025358851674641147 0.04027617951668585
0 0.16483253588516747 0.42750287686996546 0.02727272727272727 0.04142692750287687
0 0.15167464114832535 0.38578826237054087 0.007655502392344498 0.012082853855005753
0 0.20239234449760765 0.30264672036823936 0.04114832535885168 0.04027617951668585
0 0.22870813397129186 0.30350978135788265 0.027751196172248804 0.045454545454545456
0 0.23971291866028707 0.26611047180667435 0.028708133971291867 0.029344073647871116
0 0.2557416267942584 0.2940161104718067 0.02057416267942584 0.026467203682393557
0 0.27248803827751195 0.2773302646720368 0.03014354066985646 0.03567318757192175
0 0.30574162679425837 0.2810701956271576 0.04114832535885168 0.045454545454545456
0 0.3287081339712919 0.2761795166858458 0.012440191387559809 0.014959723820483314
0 0.2026315789473684 0.1786536248561565 0.03301435406698565 0.05005753739930955
0 0.6590909090909091 0.03711162255466053 0.034928229665071774 0.04430379746835443
0 0.7043062200956938 0.07019562715765247 0.03923444976076555 0.05293440736478711
0 0.7447368421052631 0.07566168009205984 0.03779904306220096 0.04430379746835443
0 0.6703349282296651 0.0949367088607595 0.042105263157894736 0.02991944764096663
0 0.6174641148325359 0.06300345224395858 0.011004784688995215 0.014384349827387802
0 0.1215311004784689 0.02243958573072497 0.020095693779904306 0.03452243958573072
0 0.3519138755980861 0.3619102416570771 0.015789473684210527 0.023014959723820484
