3 0.5392518440463646 0.07128446536650974 0.08798735511064278 0.12642905178211164
0 0.5139620653319283 0.203093476798924 0.037407797681770286 0.0484196368527236
0 0.5911485774499473 0.23604572965702758 0.0410958904109589 0.04976462676529926
0 0.25316122233930455 0.28917283120376597 0.02792413066385669 0.022864828513786146
0 0.21101159114857745 0.4132481506388702 0.03635405690200211 0.03026227303295225
0 0.17623814541622762 0.3964357767316745 0.038461538461538464 0.03698722259583053
0 0.27370916754478397 0.40652320107599194 0.03424657534246575 0.03967720242098184
0 0.31111696522655424 0.44115669132481505 0.03635405690200211 0.05514458641560188
0 0.2905690200210748 0.5467383994620041 0.04162276080084299 0.04976462676529926
0 0.4088514225500527 0.46503026227303296 0.03898840885142255 0.05043712172158709
0 0.41412012644889357 0.5144586415601883 0.03371970495258166 0.03765971755211836
0 0.3308746048472076 0.6180228648285138 0.02845100105374078 0.03496973772696705
0 0.4117492096944152 0.601546738399462 0.03635405690200211 0.03833221250840619
0 0.44362486828240255 0.6022192333557498 0.032665964172813484 0.03026227303295225
0 0.4328240252897787 0.7000672494956288 0.03424657534246575 0.03362474781439139
0 0.3292939936775553 0.753866845998655 0.026343519494204427 0.029589778076664425
0 0.3566912539515279 0.7797579018157363 0.03371970495258166 0.04640215198386012
3 0.3788198103266596 0.7868190988567586 0.011591148577449948 0.01613987895090787
0 0.4062170706006322 0.8127101546738399 0.026343519494204427 0.03295225285810356
0 0.4262381454162276 0.8362474781439139 0.030558482613277135 0.03295225285810356
0 0.4567966280295047 0.890719569603228 0.03582718651211802 0.03967720242098184
0 0.46944151738672285 0.7821116341627438 0.045310853530031614 0.04034969737726967
0 0.4670706006322445 0.7118359112306658 0.037407797681770286 0.04371217215870881
0 0.5063224446786091 0.7481506388702085 0.03161222339304531 0.028917283120376596
0 0.5031612223393045 0.8227975790181573 0.037934668071654375 0.04640215198386012
0 0.5555848261327714 0.8433086751849361 0.03424657534246575 0.05245460659045057
0 0.5634878819810326 0.8705447209145931 0.02897787144362487 0.026227303295225286
0 0.5835089567966281 0.8328850033624747 0.02370916754478398 0.03295225285810356
0 0.589041095890411 0.796906523201076 0.0410958904109589 0.04572965702757229
2 0.6114330874604847 0.7595830531271015 0.005795574288724974 0.02219233355749832
0 0.5547945205479452 0.769334229993275 0.0547945205479452 0.06321452589105582
3 0.5018440463645943 0.796906523201076 0.011064278187565859 0.00941492938802959
0 0.49420442571127504 0.5995292535305985 0.03371970495258166 0.03026227303295225
0 0.5150158061116965 0.6055817081371889 0.030031612223393046 0.04505716207128446
0 0.6140674394099052 0.5652320107599192 0.04373024236037935 0.05716207128446537
0 0.6080084299262382 0.6684599865501009 0.032665964172813484 0.05379959650302623
4 0.554004214963119 0.6429051782111634 0.010010537407797681 0.014794889038332213
0 0.5608535300316122 0.695359784801614 0.05426765015806112 0.04169468728984533
0 0.6480505795574288 0.714862138533961 0.0368809272918862 0.05110961667787491
0 0.7049525816649105 0.6116341627437795 0.0368809272918862 0.04505716207128446
4 0.71390937829294 0.7303295225285811 0.0136986301369863 0.01613987895090787
0 0.7131190727081138 0.5622057834566241 0.03951527924130664 0.04438466711499664
0 0.7652792413066386 0.50773369199731 0.037407797681770286 0.0484196368527236
0 0.7031085353003161 0.4784801613987895 0.04794520547945205 0.05716207128446537
0 0.720231822971549 0.4347679892400807 0.040042149631190724 0.0531271015467384
0 0.7410432033719705 0.3655010087424344 0.03951527924130664 0.05850706119704102
0 0.7017913593256059 0.32178883658372565 0.04214963119072708 0.05043712172158709
0 0.78609062170706 0.4694014794889038 0.03371970495258166 0.0484196368527236
0 0.8140147523709168 0.44788164088769333 0.03371970495258166 0.03765971755211836
3 0.8242887249736565 0.41728312037659715 0.01422550052687039 0.01546738399462004
0 0.8695995785036881 0.3913920645595158 0.03635405690200211 0.03362474781439139
0 0.4733930453108535 0.839946200403497 0.037407797681770286 0.05379959650302623
0 0.5081664910432033 0.9068594485541358 0.03530031612223393 0.04371217215870881
0 0.4607481559536354 0.9337592468056489 0.03530031612223393 0.05043712172158709
0 0.8422023182297155 0.10726294552790853 0.05426765015806112 0.08271687962340282
0 0.8951527924130663 0.11667787491593813 0.051633298208640675 0.03160726294552791
0 0.9138566912539515 0.1449226630800269 0.02160168598524763 0.04909213180901143
0 0.8640674394099052 0.15030262273032952 0.01053740779768177 0.023537323470073975
