0 0.8826508146191105 0.9137931034482759 0.04007045354469397 0.04091954022988506
0 0.9592690444738001 0.8505747126436781 0.017173051519154558 0.016551724137931035
0 0.9894319682959049 0.7839080459770115 0.021136063408190225 0.028505747126436783
0 0.9528841919859093 0.7540229885057471 0.041391457507705856 0.03218390804597701
0 0.9451783355350066 0.7931034482758621 0.022457067371202115 0.028505747126436783
0 0.8859533245266402 0.7937931034482759 0.05019815059445178 0.04367816091954023
0 0.9002642007926024 0.7604597701149425 0.02686041391457508 0.029425287356321838
0 0.8262879788639366 0.8940229885057471 0.023337736679876705 0.035402298850574714
0 0.8309114927344782 0.9255172413793104 0.02025539409951563 0.03126436781609195
0 0.7754293262879789 0.9347126436781609 0.026420079260237782 0.03218390804597701
0 0.7285336856010568 0.9726436781609196 0.028621752531924262 0.029885057471264367
0 0.7802730074856892 0.8875862068965518 0.027300748568912372 0.029885057471264367
0 0.8126376045794804 0.8540229885057471 0.023337736679876705 0.030804597701149426
0 0.7831351827388815 0.8563218390804598 0.05856450902686042 0.07862068965517241
0 0.8315719947159842 0.8434482758620689 0.02509907529722589 0.04551724137931035
0 0.8542492294143549 0.8664367816091954 0.02025539409951563 0.028045977011494253
0 0.7992073976221928 0.8239080459770115 0.02289740202553941 0.02574712643678161
0 0.821003963011889 0.8057471264367816 0.02509907529722589 0.03264367816091954
0 0.7309555261999119 0.8354022988505747 0.024658740642888595 0.030344827586206897
0 0.7492294143549098 0.8864367816091954 0.024218405988551298 0.027586206896551724
0 0.7223690004403347 0.8804597701149425 0.029502421840598855 0.023908045977011495
0 0.6726111845002202 0.922528735632184 0.022457067371202115 0.028045977011494253
0 0.6906649053280494 0.9275862068965517 0.013650374284456186 0.009655172413793104
0 0.691545574636724 0.9071264367816092 0.029502421840598855 0.03494252873563218
0 0.6818582122413034 0.8786206896551724 0.010127697049757816 0.010114942528735632
0 0.6814178775869661 0.8528735632183908 0.02509907529722589 0.029425287356321838
0 0.6765741963892559 0.8344827586206897 0.017173051519154558 0.015632183908045976
0 0.7848965213562308 0.8006896551724138 0.024218405988551298 0.02436781609195402
0 0.7987670629678556 0.7797701149425287 0.021136063408190225 0.02574712643678161
0 0.8161602818141788 0.7682758620689655 0.024218405988551298 0.03218390804597701
4 0.797886393659181 0.7560919540229885 0.008806693086745927 0.010574712643678161
0 0.7384412153236459 0.7960919540229885 0.02553940995156319 0.031724137931034485
0 0.7553940995156319 0.7974712643678161 0.016292382210479964 0.01885057471264368
0 0.7635402906208718 0.7832183908045977 0.023778071334214 0.031724137931034485
0 0.7468075737560546 0.7606896551724138 0.026420079260237782 0.03264367816091954
0 0.7714663143989432 0.76 0.029942756494936152 0.038620689655172416
0 0.6988110964332893 0.7894252873563219 0.026420079260237782 0.03494252873563218
0 0.6644649933949802 0.7993103448275862 0.030823425803610745 0.037241379310344824
0 0.6404667547335975 0.8135632183908046 0.019815059445178335 0.03264367816091954
0 0.8196829590488771 0.7372413793103448 0.05239982386613826 0.05563218390804598
0 0.8452223690004403 0.7347126436781609 0.02686041391457508 0.027586206896551724
0 0.8720827829150154 0.7022988505747126 0.04711580801409071 0.03816091954022988
0 0.6349625715543813 0.7710344827586207 0.017613386173491855 0.022988505747126436
3 0.6904447380008807 0.7450574712643678 0.009687362395420519 0.016091954022988506
0 0.6818582122413034 0.7305747126436781 0.020695728753852928 0.03126436781609195
0 0.7190664905328049 0.7597701149425288 0.026420079260237782 0.031724137931034485
0 0.7274328489652135 0.705287356321839 0.029942756494936152 0.03586206896551724
0 0.730295024218406 0.7381609195402299 0.019815059445178335 0.01885057471264368
0 0.742844561867019 0.7262068965517241 0.023778071334214 0.028045977011494253
0 0.7553940995156319 0.7179310344827586 0.02157639806252752 0.028045977011494253
0 0.7523117569352709 0.7048275862068966 0.025979744605900485 0.023908045977011495
0 0.8121972699251431 0.6797701149425287 0.03830911492734478 0.05655172413793103
0 0.7745486569793043 0.6639080459770115 0.031704095112285335 0.03402298850574713
0 0.7424042272126816 0.6855172413793104 0.021136063408190225 0.014712643678160919
0 0.8617349185380889 0.6558620689655172 0.027300748568912372 0.034482758620689655
0 0.9117129018053721 0.6666666666666666 0.028621752531924262 0.028505747126436783
0 0.9236019374724791 0.6487356321839081 0.02509907529722589 0.02574712643678161
0 0.8943196829590488 0.635632183908046 0.02906208718626156 0.028045977011494253
0 0.8844121532364597 0.6103448275862069 0.022457067371202115 0.027126436781609194
4 0.8593130779392338 0.6073563218390805 0.010127697049757816 0.011954022988505748
0 0.8661382650814619 0.5857471264367816 0.02553940995156319 0.03310344827586207
0 0.885512989872303 0.5811494252873564 0.02025539409951563 0.030344827586206897
0 0.9832672831351827 0.6160919540229886 0.021136063408190225 0.028505747126436783
0 0.7822545134302069 0.6174712643678161 0.01893439013650374 0.021149425287356322
4 0.8234258036107441 0.6296551724137931 0.011448701012769706 0.013333333333333334
0 0.7617789520035226 0.6319540229885058 0.01673271686481726 0.023448275862068966
0 0.7291941875825627 0.6271264367816092 0.017613386173491855 0.03310344827586207
0 0.7274328489652135 0.6659770114942529 0.02553940995156319 0.03264367816091954
0 0.6889035667107001 0.6811494252873563 0.022457067371202115 0.029885057471264367
0 0.7018934390136504 0.6466666666666666 0.022016732716864818 0.02528735632183908
0 0.7091589608102158 0.6737931034482758 0.022457067371202115 0.03264367816091954
0 0.6664464993394981 0.6680459770114943 0.019815059445178335 0.03770114942528736
0 0.6741523557904007 0.6137931034482759 0.021136063408190225 0.023908045977011495
0 0.7045354469396742 0.6075862068965517 0.021136063408190225 0.029885057471264367
0 0.7113606340819022 0.592183908045977 0.019815059445178335 0.03494252873563218
0 0.6796565389696169 0.5777011494252874 0.039189784236019376 0.04275862068965517
0 0.6085424922941436 0.6491954022988505 0.022016732716864818 0.03218390804597701
0 0.6213121972699251 0.6505747126436782 0.009687362395420519 0.012873563218390805
0 0.5790400704535447 0.6783908045977012 0.028181417877586965 0.031724137931034485
0 0.6213121972699251 0.7308045977011495 0.026420079260237782 0.031724137931034485
0 0.607661822985469 0.7468965517241379 0.031704095112285335 0.031724137931034485
0 0.6378247468075737 0.7471264367816092 0.011889035667107 0.011954022988505748
0 0.5537208278291501 0.6445977011494253 0.03126376045794804 0.03586206896551724
0 0.5625275209158961 0.6264367816091954 0.013650374284456186 0.012413793103448275
0 0.682738881549978 0.5370114942528735 0.033905768383971815 0.03770114942528736
0 0.7380008806693087 0.6089655172413793 0.018494055482166448 0.01793103448275862
0 0.7494495816820784 0.5804597701149425 0.017613386173491855 0.030804597701149426
0 0.8157199471598415 0.5708045977011494 0.02509907529722589 0.031724137931034485
0 0.8276089828269485 0.6045977011494252 0.023337736679876705 0.030344827586206897
0 0.8405988551298987 0.5949425287356321 0.02289740202553941 0.03218390804597701
4 0.7635402906208718 0.6827586206896552 0.010568031704095112 0.011954022988505748
0 0.5911492734478203 0.8774712643678161 0.020695728753852928 0.030804597701149426
0 0.5970937912813739 0.9045977011494253 0.017613386173491855 0.028045977011494253
