3 0.47723468362905924 0.92865275142315 0.023769668563776363 0.029601518026565465
3 0.42015400066956815 0.9115749525616699 0.010043521928356211 0.014421252371916509
3 0.42551054569802477 0.8977229601518026 0.014730498828255775 0.014041745730550285
3 0.4158018078339471 0.879696394686907 0.016069635085369936 0.02808349146110057
3 0.4934717107465685 0.8958254269449716 0.020756611985269503 0.02922201138519924
3 0.5082022095748242 0.8891840607210626 0.008034817542684968 0.009867172675521821
3 0.4445932373619016 0.7869070208728652 0.022095748242383664 0.030740037950664136
3 0.4780716437897556 0.7907020872865275 0.026113157013726147 0.030740037950664136
3 0.4973217274857717 0.7960151802656547 0.011717442249748912 0.012523719165085389
3 0.489454301975226 0.8098671726755218 0.007365249414127887 0.007590132827324478
3 0.43973886842986276 0.7700189753320683 0.010378305992634751 0.012144212523719165
3 0.4869434214931369 0.7466793168880456 0.02042182792099096 0.03149905123339659
3 0.47288249079343825 0.7415559772296015 0.009708737864077669 0.014421252371916509
3 0.45212587880816874 0.7464895635673624 0.013056578506863073 0.01366223908918406
3 0.37161031134917977 0.6962049335863377 0.018747907599598258 0.028462998102466792
3 0.35470371610311346 0.5633776091081594 0.017073987278205558 0.02922201138519924
0 0.3955473719450954 0.547438330170778 0.023100100435219283 0.03377609108159393
0 0.4158018078339471 0.5821631878557875 0.018078339471041177 0.029601518026565465
0 0.3828255775025109 0.6485768500948766 0.011717442249748912 0.026565464895635674
3 0.37830599263475057 0.6776091081593928 0.008704385671242048 0.011005692599620493
0 0.3988952125878808 0.7024667931688805 0.02176096417810512 0.03415559772296015
0 0.4040843655841982 0.7301707779886148 0.016069635085369936 0.014421252371916509
0 0.3590559089387345 0.7603415559772296 0.015065282892534315 0.02314990512333966
0 0.4305323066622029 0.7535104364326376 0.020756611985269503 0.03453510436432638
0 0.4775694676933378 0.7208728652751423 0.01774355540676264 0.026185958254269448
0 0.49397388684298627 0.7163187855787476 0.013726146635420154 0.014041745730550285
4 0.43739537997991296 0.8487666034155598 0.007030465349849347 0.00872865275142315
0 0.45748242383662535 0.8548387096774194 0.023769668563776363 0.030740037950664136
0 0.4360562437227988 0.8842504743833017 0.013726146635420154 0.029601518026565465
