8 0.21592442645074225 0.86 0.13225371120107962 0.07011764705882353
8 0.36009896536212327 0.9084705882352941 0.13090418353576247 0.06447058823529411
8 0.4959514170040486 0.9461176470588235 0.13090418353576247 0.05976470588235294
8 0.6329284750337382 0.9767058823529412 0.1313540260908682 0.046588235294117646
3 0.27237966711650924 0.8955294117647059 0.014844804318488529 0.025411764705882352
3 0.28992352676563204 0.8931764705882353 0.017543859649122806 0.015058823529411765
3 0.1054880791722897 0.8176470588235294 0.006747638326585695 0.00988235294117647
3 0.14642375168690958 0.8411764705882353 0.017543859649122806 0.02023529411764706
3 0.4280251911830859 0.9355294117647058 0.013945119208277103 0.016
3 0.5634278002699056 0.9729411764705882 0.013045434098065677 0.013647058823529411
8 0.7206477732793523 0.9924705882352941 0.038686459739091315 0.015058823529411765
