0 0.8772189349112426 0.9055133079847909 0.01257396449704142 0.012547528517110267
0 0.7681213017751479 0.8819391634980989 0.023668639053254437 0.03231939163498099
3 0.7830991124260355 0.888212927756654 0.009245562130177515 0.01064638783269962
3 0.7797707100591716 0.8720532319391635 0.007766272189349112 0.007984790874524715
3 0.7668269230769231 0.8574144486692015 0.009245562130177515 0.0076045627376425855
3 0.7385355029585798 0.932319391634981 0.011834319526627219 0.014448669201520912
0 0.8021449704142012 0.8184410646387833 0.034023668639053255 0.06653992395437262
0 0.7392751479289941 0.8211026615969582 0.02440828402366864 0.030798479087452472
0 0.7438979289940828 0.8431558935361216 0.026997041420118342 0.014828897338403042
0 0.7056213017751479 0.841254752851711 0.019230769230769232 0.03307984790874525
0 0.7126479289940828 0.8800380228136883 0.01775147928994083 0.02699619771863118
0 0.7252218934911243 0.8994296577946768 0.011094674556213017 0.01634980988593156
0 0.6678994082840237 0.8209125475285171 0.02514792899408284 0.02737642585551331
0 0.6910133136094675 0.7665399239543726 0.027736686390532544 0.03193916349809886
0 0.7666420118343196 0.7718631178707225 0.02440828402366864 0.029657794676806085
0 0.8587278106508875 0.7678707224334601 0.03698224852071006 0.04144486692015209
0 0.7995562130177515 0.7422053231939163 0.020710059171597635 0.022813688212927757
0 0.7786612426035503 0.7370722433460076 0.02477810650887574 0.028517110266159697
0 0.7921597633136095 0.7138783269961977 0.03106508875739645 0.03384030418250951
0 0.6595784023668639 0.8952471482889733 0.021819526627218935 0.03155893536121673
0 0.6423816568047337 0.8933460076045627 0.011834319526627219 0.007984790874524715
0 0.7104289940828402 0.9173003802281369 0.01775147928994083 0.03307984790874525
4 0.6976701183431953 0.8895437262357414 0.01220414201183432 0.012547528517110267
0 0.6015162721893491 0.9112167300380228 0.04031065088757396 0.03003802281368821
0 0.566198224852071 0.8855513307984791 0.030325443786982247 0.029657794676806085
4 0.8748150887573964 0.7313688212927757 0.012943786982248521 0.013307984790874524
4 0.8637204142011834 0.7336501901140684 0.007766272189349112 0.007984790874524715
