8 0.7619754133107249 0.8917331095258078 0.13522679101314117 0.16701636592530425
3 0.7395082662144977 0.8248006714225766 0.024162780839338704 0.025597985732270248
3 0.7117422636710471 0.8073856483424255 0.01271725307333616 0.013428451531682753
3 0.7038999576091565 0.7715065044062107 0.015684612123781264 0.014687368862778011
3 0.6869436201780416 0.751573646663869 0.0072064434082238235 0.007553503986571549
1 0.6373463331920305 0.7308015107007974 0.019923696481559984 0.024758707511540076
3 0.642433234421365 0.7012169534200587 0.01907587961000424 0.017624842635333614
8 0.6066129715981348 0.6397398237515737 0.10767274268757948 0.1296684851028116
3 0.559559135226791 0.5893831305077634 0.02628232301822806 0.023919429290809903
8 0.5269181856718949 0.5232899706252623 0.10852055955913523 0.1292488459924465
3 0.5356083086053413 0.5249685270667226 0.013988978380669776 0.015107007973143098
3 0.48601102161933024 0.47041544271926145 0.015684612123781264 0.014267729752412925
8 0.4406528189910979 0.41691145614771297 0.08944467994913098 0.11875786823331934
8 0.3662568885120814 0.3078052874527906 0.09156422212802034 0.11540075535039866
3 0.36095803306485796 0.26898866974402014 0.013988978380669776 0.01174989509022241
3 0.3327681220856295 0.24884599244649602 0.01526070368800339 0.01678556441460344
1 0.28529037727850787 0.28409567771716326 0.018651971174226366 0.029374737725556023
8 0.27871979652395085 0.1888375996642887 0.10809665112335735 0.12337389844733529
3 0.2999152183128444 0.18128409567771717 0.01483679525222552 0.015107007973143098
1 0.26006782534972445 0.18170373478808224 0.016532428995337006 0.02517834662190516
3 0.2638830012717253 0.13533361309274025 0.009749894022891056 0.008812421317666807
8 0.20305214073760067 0.07616449853126311 0.09156422212802034 0.10784725136382711
3 0.24162780839338702 0.1200167855644146 0.016108520559559136 0.01594628619387327
3 0.17125900805426028 0.019932857742341586 0.01695633743111488 0.017205203524968526
3 0.19626960576515473 0.03965589592950063 0.011869436201780416 0.012169534200587495
3 0.21195421788893598 0.11624003357112883 0.01949978804578211 0.02433906840117499
8 0.15091140313692242 0.012169534200587495 0.03730394234845273 0.022660511959714646
