8 0.3712613784135241 0.474025974025974 0.11573472041612484 0.09881422924901186
8 0.49696575639358476 0.5471485036702428 0.11920242739488514 0.08921513269339357
8 0.6200693541395752 0.6050254093732355 0.11833550065019506 0.08639186900056466
8 0.7696142175986129 0.6854884246188594 0.1798872995231903 0.13551665725578768
3 0.3092761161681838 0.4438170525127047 0.012570437798006068 0.021456804065499716
3 0.4202427394885132 0.5194805194805194 0.013437364542696142 0.02710333145115754
3 0.43389683571738186 0.5191981931112366 0.014737754659731253 0.015245623941276116
3 0.5561335067186822 0.5830039525691699 0.014737754659731253 0.019762845849802372
3 0.47139141742522755 0.551948051948052 0.021239705244906804 0.01637492941840768
3 0.6790203727785002 0.6428571428571429 0.012570437798006068 0.01637492941840768
3 0.7717815344603381 0.6691134952004517 0.016038144776766364 0.019198193111236588
3 0.8495882097962723 0.7106154714850367 0.008669267446900737 0.011857707509881422
3 0.2756827048114434 0.41332580463015245 0.008669267446900737 0.014680971202710334
