3 0.2698522622345337 0.20435244161358812 0.008771929824561403 0.041401273885350316
1 0.26061865189289013 0.19585987261146498 0.007848568790397045 0.029723991507430998
1 0.3125577100646353 0.19134819532908706 0.014773776546629732 0.029193205944798302
3 0.3619575253924284 0.17197452229299362 0.018467220683287166 0.01592356687898089
3 0.48361034164358263 0.25743099787685775 0.014312096029547553 0.022292993630573247
3 0.47229916897506924 0.6549893842887473 0.020313942751615882 0.016985138004246284
3 0.42128347183748843 0.7462845010615711 0.017082179132040628 0.016985138004246284
3 0.5198522622345337 0.5310509554140127 0.014773776546629732 0.020700636942675158
1 0.43190212373037856 0.17728237791932058 0.004155124653739612 0.021231422505307854
1 0.4196675900277008 0.898619957537155 0.023084025854108958 0.016985138004246284
1 0.4009695290858726 0.9386942675159236 0.02169898430286242 0.011146496815286623
1 0.4018928901200369 0.9477176220806794 0.02631578947368421 0.016454352441613588
