0 0.4589640094180962 0.8220241518113859 0.02186343760511268 0.03622771707878091
0 0.4919273461150353 0.7668200115008625 0.02119071644803229 0.03737780333525014
0 0.5326269761183989 0.7438182863714778 0.01580894719138917 0.03852788959171938
0 0.508577194752775 0.8542265669925244 0.006054490413723511 0.017826336975273145
0 0.5701311806256307 0.7208165612420931 0.029599730911537166 0.04772857964347326
0 0.5294315506222671 0.7052903967797585 0.016145307769929364 0.04542840713053479
0 0.4944500504540868 0.7044278320874066 0.016818028927009756 0.03565267395054629
0 0.47426841574167505 0.706728004600345 0.018163471241170535 0.029902242668200116
0 0.45408678102926336 0.7006900517538815 0.021527077026572486 0.035077630822311676
0 0.43104608139926 0.7374928119608971 0.02119071644803229 0.03852788959171938
0 0.417255297679112 0.7593444508338125 0.017154389505549948 0.039677975848188614
0 0.4302051799529095 0.7630822311673375 0.010090817356205853 0.011500862564692352
0 0.5501177262024891 0.6679125934445084 0.011772620248906828 0.035077630822311676
0 0.5341405987218298 0.6463484761357102 0.018836192398250923 0.04945370902817711
0 0.5196770938446014 0.6566992524439333 0.016145307769929364 0.03795284646348476
0 0.4989909182643794 0.6644623346751006 0.04339051463168517 0.09258194364577343
0 0.4594685502859065 0.6417481311098332 0.016145307769929364 0.03795284646348476
0 0.4244870501177262 0.6702127659574468 0.018836192398250923 0.03622771707878091
0 0.424150689539186 0.7024151811385854 0.006727211570803902 0.01437607820586544
0 0.41910528086108306 0.6492236917768832 0.012781701984527414 0.02185163887291547
0 0.35755129498822735 0.7167912593444509 0.016818028927009756 0.039677975848188614
0 0.3624285233770602 0.7518688901667625 0.013118062563067608 0.030477285796434734
0 0.4105280861083081 0.6063829787234043 0.02186343760511268 0.04427832087406555
0 0.43592330978809285 0.590281771132835 0.019508913555331315 0.04312823461759632
0 0.39354187689202824 0.6279470960322024 0.016818028927009756 0.039102932719954
0 0.3891691893710057 0.5761932144910868 0.011436259670366633 0.02875215641173088
0 0.3787420114362597 0.5276020701552616 0.019508913555331315 0.039677975848188614
0 0.3686511940800538 0.5488786658999425 0.024217961654894045 0.04082806210465785
0 0.39152371342078707 0.5460034502587694 0.008745375042045072 0.013225991949396205
0 0.42297342751429534 0.5175388154111559 0.01648166834846956 0.03680276020701553
3 0.4290279179280188 0.5365152386428982 0.007736293306424487 0.016101207590569294
0 0.34746047763202154 0.46607245543415754 0.022872519340733265 0.03852788959171938
0 0.36781029263370335 0.42668200115008625 0.01984527413387151 0.0425531914893617
4 0.37823747056844936 0.42639447958596893 0.008409014463504878 0.01667625071880391
0 0.32727884291960985 0.4261069580218516 0.025563403969054828 0.04370327774583094
0 0.3336696939118735 0.40023001725129387 0.008745375042045072 0.019551466359977
0 0.4507231752438614 0.5537665324899368 0.019508913555331315 0.039102932719954
0 0.46552304069963 0.5925819436457734 0.017490750084090144 0.04082806210465785
0 0.5063908509922637 0.6043703277745831 0.02791792801883619 0.05750431282346176
0 0.5250588631012445 0.5968947671075331 0.018163471241170535 0.03680276020701553
0 0.5082408341742348 0.5681426106958022 0.015472586612848975 0.029902242668200116
0 0.48301379078372014 0.5727429557216791 0.016818028927009756 0.03795284646348476
0 0.48923646148671374 0.5442783208740656 0.02253615876219307 0.04772857964347326
0 0.470736629667003 0.5483036227717079 0.01849983181971073 0.041978148361127086
0 0.4582912882610158 0.5230017251293847 0.013118062563067608 0.024726854514088556
0 0.46770938446014126 0.50747556066705 0.01849983181971073 0.03162737205290397
0 0.515472586612849 0.5008625646923519 0.02186343760511268 0.048303622771707876
0 0.5327951564076691 0.5258769407705578 0.018163471241170535 0.03622771707878091
0 0.5210225361587622 0.5514663599769982 0.017490750084090144 0.041403105232892465
0 0.5726538849646822 0.5756181713628522 0.035990581903800875 0.05750431282346176
0 0.6130171543895055 0.5678550891316849 0.013118062563067608 0.0327774583093732
0 0.5728220652539522 0.621909143185739 0.010090817356205853 0.024726854514088556
0 0.6261352169525731 0.6345600920069006 0.013118062563067608 0.01897642323174238
0 0.6490077362933064 0.5552041403105233 0.01580894719138917 0.03622771707878091
0 0.62075344769593 0.5192639447958597 0.03128153380423814 0.04025301897642323
0 0.5830810628994282 0.5319148936170213 0.020517995290951902 0.034502587694077054
0 0.5417087117389842 0.5080506037952847 0.01917255297679112 0.0327774583093732
0 0.5334678775647494 0.48936170212765956 0.012781701984527414 0.018401380103507763
0 0.5174907500840902 0.4416331224841863 0.02791792801883619 0.07245543415756182
0 0.5615539858728557 0.46175963197239794 0.0339724184325597 0.044853364002300174
0 0.5901446350487722 0.41288096607245545 0.02119071644803229 0.03680276020701553
0 0.5543222334342415 0.40626797009775734 0.019508913555331315 0.03852788959171938
0 0.5282542885973764 0.4183438757906843 0.020517995290951902 0.04082806210465785
0 0.48940464177598386 0.42668200115008625 0.024890682811974436 0.04370327774583094
0 0.4552640430541541 0.4327199539965497 0.01917255297679112 0.03852788959171938
0 0.45627312478977466 0.4807360552041403 0.02253615876219307 0.04025301897642323
0 0.47628657921291623 0.4945370902817711 0.016145307769929364 0.034502587694077054
0 0.4110326269761184 0.44249568717653825 0.015472586612848975 0.04542840713053479
0 0.4276824756138581 0.4557216791259344 0.01648166834846956 0.03852788959171938
0 0.4382778338378742 0.410580793559517 0.016145307769929364 0.029902242668200116
0 0.4438277833837874 0.44680851063829785 0.017154389505549948 0.047153536515238646
0 0.4811638076017491 0.390166762507188 0.017154389505549948 0.03622771707878091
4 0.4825092499159099 0.4482461184588844 0.009081735620585268 0.017826336975273145
4 0.5255634039690549 0.3757906843013226 0.007736293306424487 0.013225991949396205
4 0.5521358896737303 0.34445083381253594 0.006390850992263707 0.011500862564692352
0 0.49630003363605785 0.3663024726854514 0.013790783720148 0.02875215641173088
0 0.45627312478977466 0.38326624496837264 0.015136226034308779 0.03852788959171938
0 0.41590985536495123 0.375215641173088 0.01648166834846956 0.029327199539965498
0 0.4381096535486041 0.3625646923519264 0.01580894719138917 0.03622771707878091
0 0.42045072317524385 0.3266244968372628 0.028254288597376387 0.05290396779758482
3 0.40817356205852673 0.30218516388729155 0.008409014463504878 0.01437607820586544
0 0.4180961991254625 0.27717078780908566 0.018836192398250923 0.04025301897642323
0 0.4692230070635722 0.32518688901667625 0.014127144298688193 0.03622771707878091
0 0.4434914228052472 0.3438757906843013 0.01580894719138917 0.041403105232892465
0 0.4630003363605785 0.3562392179413456 0.01446350487722839 0.015526164462334674
0 0.5201816347124117 0.3024726854514089 0.017154389505549948 0.04025301897642323
0 0.529263370332997 0.3441633122484186 0.01849983181971073 0.0327774583093732
0 0.5358224016145308 0.324036802760207 0.013454423141607804 0.02127659574468085
0 0.5556676757484023 0.31569867740080504 0.018836192398250923 0.041403105232892465
0 0.572485704675412 0.3108108108108108 0.011436259670366633 0.03737780333525014
0 0.5696266397578204 0.3467510063254744 0.017154389505549948 0.034502587694077054
0 0.5783720147998654 0.3755031627372053 0.01984527413387151 0.03680276020701553
0 0.5987218298015473 0.39160437032777456 0.019508913555331315 0.03220241518113859
0 0.6424487050117726 0.34761357101782636 0.016145307769929364 0.03622771707878091
0 0.6676757484022873 0.44508338125359403 0.020181634712411706 0.03105232892466935
0 0.6888664648503195 0.4542840713053479 0.020854355869492094 0.041403105232892465
0 0.5080726538849647 0.5356526739505463 0.006390850992263707 0.012075905692926969
0 0.4737638748738648 0.4769982748706153 0.020517995290951902 0.029327199539965498
0 0.4667003027245207 0.4537090281771133 0.015136226034308779 0.019551466359977
