4 0.0628063725490196 0.04538745387453875 0.015318627450980392 0.01992619926199262
4 0.1792279411764706 0.07306273062730627 0.015318627450980392 0.020664206642066422
4 0.5741421568627451 0.09667896678966789 0.012254901960784314 0.017712177121771217
0 0.37316176470588236 0.04538745387453875 0.04534313725490196 0.05387453874538745
0 0.4181985294117647 0.061254612546125464 0.04718137254901961 0.06051660516605166
3 0.42463235294117646 0.0952029520295203 0.015931372549019607 0.011808118081180811
3 0.45618872549019607 0.06162361623616236 0.04105392156862745 0.06568265682656826
0 0.5223651960784313 0.046863468634686344 0.037377450980392156 0.05092250922509225
0 0.5876225490196079 0.04317343173431734 0.041666666666666664 0.05830258302583026
0 0.6237745098039216 0.06346863468634686 0.03308823529411765 0.03690036900369004
0 0.39797794117647056 0.017712177121771217 0.052083333333333336 0.03394833948339483
0 0.4375 0.016605166051660517 0.04044117647058824 0.03173431734317343
0 0.4877450980392157 0.015129151291512915 0.03799019607843137 0.028782287822878228
0 0.5214460784313726 0.00996309963099631 0.03553921568627451 0.01845018450184502
