0 0.7648231190832088 0.9646201873048907 0.03388141504733433 0.04890738813735692
0 0.7277030393622322 0.6724765868886576 0.036372695565520675 0.04214360041623309
0 0.6910812157448929 0.553850156087409 0.03886397608370702 0.08064516129032258
0 0.6714000996512207 0.49141519250780435 0.03238664673642252 0.040062434963579606
0 0.6183358246138515 0.45681581685744016 0.046836073741903336 0.07388137356919876
0 0.6268061783756851 0.3777315296566077 0.03886397608370702 0.06451612903225806
4 0.4927752864972596 0.5431841831425598 0.01195814648729447 0.013527575442247659
0 0.5560538116591929 0.08064516129032258 0.05480817140009965 0.047866805411030174
0 0.6474838066766317 0.039802289281997916 0.03537618335824614 0.03798126951092612
0 0.5652715495764823 0.02445369406867846 0.04633781763826607 0.03225806451612903
2 0.6106128550074739 0.07466181061394381 0.004484304932735426 0.016129032258064516
4 0.7102640757349278 0.05254942767950052 0.0114598903836572 0.011446409989594173
0 0.5553064275037369 0.13605619146722164 0.0343796711509716 0.04214360041623309
0 0.5630293971101146 0.15894901144641 0.026905829596412557 0.022372528616024973
0 0.5834578973592427 0.12851196670135276 0.0229197807673144 0.026014568158168574
0 0.5909317389138017 0.10145681581685743 0.037867463876432486 0.036420395421436005
0 0.5072247135027405 0.12018730489073881 0.03886397608370702 0.04162330905306972
0 0.5089686098654709 0.18002081165452655 0.0343796711509716 0.03329864724245578
0 0.46387643248629795 0.1990114464099896 0.03288490284005979 0.03902185223725286
0 0.458395615346288 0.16571279916753381 0.03487792725460887 0.033818938605619145
0 0.4773293472845042 0.12877211238293446 0.03687095166915795 0.041103017689906346
0 0.4748380667663179 0.08662851196670135 0.04484304932735426 0.03485952133194589
0 0.5089686098654709 0.062434963579604576 0.0343796711509716 0.022892819979188347
0 0.6098654708520179 0.011966701352757543 0.025909317389138018 0.022892819979188347
0 0.47234678624813153 0.0345993756503642 0.03687095166915795 0.03485952133194589
0 0.4404583956153463 0.021852237252861603 0.03288490284005979 0.022892819979188347
0 0.36472346786248133 0.07596253902185224 0.03388141504733433 0.03850156087408949
0 0.4115595416043846 0.10327783558792925 0.02391629297458894 0.02445369406867846
0 0.4307424015944195 0.12486992715920915 0.03238664673642252 0.030176899063475548
