0 0.9142350157728707 0.9334736842105263 0.018533123028391166 0.031157894736842107
0 0.8596214511041009 0.9618947368421052 0.027602523659305992 0.029894736842105262
3 0.7919952681388013 0.9317894736842105 0.016167192429022082 0.013473684210526317
0 0.8201892744479495 0.9816842105263158 0.02444794952681388 0.02231578947368421
0 0.8507492113564669 0.9932631578947368 0.014589905362776025 0.013473684210526317
0 0.5234621451104101 0.9355789473684211 0.02641955835962145 0.031157894736842107
0 0.353903785488959 0.8071578947368421 0.024842271293375396 0.04126315789473684
0 0.3901813880126183 0.7981052631578948 0.029574132492113565 0.03326315789473684
0 0.4116719242902208 0.7964210526315789 0.01892744479495268 0.031578947368421054
0 0.4514984227129338 0.7557894736842106 0.04574132492113565 0.03621052631578947
0 0.3998422712933754 0.7608421052631579 0.0473186119873817 0.04126315789473684
