0 0.6103411513859275 0.6798483206933911 0.04157782515991471 0.06717226435536294
0 0.6058102345415778 0.7619176598049837 0.051705756929637525 0.07746478873239436
4 0.47388059701492535 0.8615926327193932 0.01279317697228145 0.013542795232936078
0 0.6617803837953091 0.7955037919826652 0.03464818763326226 0.04279523293607801
0 0.6823027718550106 0.8594257854821236 0.04051172707889126 0.08396533044420368
0 0.722547974413646 0.9796858071505958 0.037846481876332626 0.03737811484290358
0 0.43976545842217485 0.49837486457204766 0.035181236673773986 0.04008667388949079
0 0.48720682302771856 0.47697724810400866 0.03731343283582089 0.03412784398699892
0 0.43443496801705755 0.4645178764897075 0.03837953091684435 0.03412784398699892
0 0.5354477611940298 0.4303900325027086 0.036780383795309166 0.04279523293607801
0 0.5455756929637526 0.4526002166847237 0.02931769722814499 0.02112676056338028
0 0.5631663113006397 0.4217226435536295 0.030383795309168442 0.029794149512459372
0 0.48374200426439234 0.41359696641386784 0.041044776119402986 0.040628385698808236
0 0.453091684434968 0.4233477789815818 0.03837953091684435 0.04604550379198267
0 0.4051172707889126 0.4219934994582882 0.029850746268656716 0.030335861321776816
2 0.5935501066098081 0.36511375947995667 0.005863539445628998 0.01733477789815818
0 0.3837953091684435 0.40005417118093173 0.026652452025586353 0.025460455037919827
0 0.44696162046908317 0.3786565547128927 0.04317697228144989 0.032502708559046585
0 0.48640724946695096 0.3531960996749729 0.03464818763326226 0.02275189599133261
0 0.5367803837953091 0.36971830985915494 0.05543710021321962 0.047128927410617555
0 0.572228144989339 0.39328277356446373 0.03997867803837953 0.03791982665222102
0 0.5914179104477612 0.2903575297941495 0.0314498933901919 0.041170097508125676
0 0.5447761194029851 0.3120260021668472 0.04904051172707889 0.03466955579631636
0 0.4474946695095949 0.3271939328277356 0.037846481876332626 0.0390032502708559
0 0.412046908315565 0.314192849404117 0.03411513859275053 0.02600216684723727
0 0.3312899786780384 0.3721560130010834 0.037846481876332626 0.035752979414951244
0 0.30650319829424305 0.3529252437703142 0.02771855010660981 0.0276273022751896
0 0.42430703624733473 0.29577464788732394 0.014925373134328358 0.021668472372697724
0 0.4240405117270789 0.24079089924160346 0.03251599147121535 0.02437703141928494
0 0.31023454157782515 0.2434994582881907 0.024520255863539446 0.025460455037919827
0 0.26892324093816633 0.18743228602383533 0.041044776119402986 0.03466955579631636
0 0.39552238805970147 0.16603466955579632 0.031982942430703626 0.025460455037919827
0 0.39072494669509594 0.233477789815818 0.03731343283582089 0.02600216684723727
0 0.47601279317697226 0.2348320693391116 0.035181236673773986 0.022210184182015168
0 0.498134328358209 0.24106175514626219 0.02931769722814499 0.03683640303358613
0 0.5980810234541578 0.20693391115926327 0.046908315565031986 0.04550379198266522
0 0.6327292110874201 0.3290899241603467 0.035181236673773986 0.04279523293607801
0 0.6876332622601279 0.24485373781148428 0.04477611940298507 0.035752979414951244
0 0.69909381663113 0.20530877573131096 0.037846481876332626 0.035752979414951244
0 0.689498933901919 0.13624052004333695 0.048507462686567165 0.04496208017334778
0 0.7092217484008528 0.10590465872156013 0.0453091684434968 0.047128927410617555
0 0.7276119402985075 0.04929577464788732 0.04477611940298507 0.047670639219934995
0 0.7526652452025586 0.16224268689057422 0.039445628997867806 0.03954496208017335
0 0.7739872068230277 0.13109425785482123 0.03624733475479744 0.04008667388949079
0 0.8038379530916845 0.11078006500541712 0.035181236673773986 0.03737811484290358
3 0.8155650319829424 0.0880281690140845 0.014925373134328358 0.014626218851570965
0 0.8592750533049041 0.06744312026002167 0.031982942430703626 0.026543878656554713
0 0.38992537313432835 0.12730227518959913 0.04211087420042644 0.03683640303358613
0 0.2918443496801706 0.10400866738894908 0.037846481876332626 0.04008667388949079
0 0.15538379530916843 0.06960996749729144 0.041044776119402986 0.028710725893824486
0 0.18976545842217485 0.0828819068255688 0.03624733475479744 0.02275189599133261
0 0.2510660980810235 0.0766522210184182 0.035181236673773986 0.026543878656554713
4 0.6988272921108742 0.3418201516793066 0.01279317697228145 0.013001083423618635
