4 0.0751672569854388 0.2033549146556798 0.011019283746556474 0.01942319011183049
4 0.3349075167256985 0.19099470276633312 0.009445100354191263 0.01353737492642731
4 0.29771743408107043 0.06121247792819305 0.011412829594647777 0.01883460859329017
0 0.20149547422274694 0.16568569746909947 0.029909484454939 0.04414361389052384
0 0.3449429358520268 0.14596821659799883 0.02558048012593467 0.04473219540906415
0 0.367375049193231 0.15891701000588582 0.02085792994883904 0.0329605650382578
0 0.3004722550177096 0.15361977633902296 0.023219205037386857 0.04237786933490288
0 0.23140495867768596 0.17274867569158328 0.029122392758756395 0.04885226603884638
3 0.23494687131050768 0.2004120070629782 0.008658008658008658 0.010005885815185403
0 0.25600157418339237 0.17245438493231313 0.02872884691066509 0.05414949970570924
0 0.21310507674144039 0.12360211889346674 0.04132231404958678 0.06003531489111242
0 0.2748917748917749 0.11653914067098294 0.026367571822117276 0.05179517363154797
0 0.2941755214482487 0.10241318422601531 0.03345139708776072 0.052972336668628606
4 0.3274301456119638 0.10829899941141848 0.011806375442739079 0.012948793407886992
0 0.24144037780401417 0.1124190700412007 0.03345139708776072 0.06945261918775751
0 0.20425029515938606 0.051206592113007654 0.0149547422274695 0.04120070629782225
0 0.22510822510822512 0.03649205414949971 0.01810310901219992 0.03884638022366098
0 0.1993309720582448 0.017363154796939378 0.013774104683195593 0.02177751618599176
0 0.26210153482880755 0.01971748087110065 0.022825659189295553 0.026486168334314303
