3 0.9450846236946345 0.9792560801144492 0.02484695714800144 0.0357653791130186
3 0.8853078862081383 0.9635193133047211 0.011163125675189053 0.01764425369575584
3 0.8903492978033849 0.9451597520267048 0.015484335613971912 0.020982355746304245
3 0.8797263233705438 0.9237005245588936 0.018005041411595247 0.03528850739151168
3 0.962009362621534 0.9382451120648545 0.02340655383507382 0.0357653791130186
3 0.9778537990637378 0.9294229852169766 0.009722722362261434 0.01335240820219361
3 0.9105149441843716 0.8047210300429185 0.02412675549153763 0.04053409632808774
3 0.9051134317608931 0.7832618025751072 0.011883327331652862 0.013829279923700524
3 0.9461649261793302 0.8063900810681927 0.02844796543032049 0.03719599427753934
3 0.9578682030968672 0.8285646161182642 0.008642419877565718 0.008106819265617548
3 0.9666906733885487 0.8116356700047688 0.012603528988116673 0.01335240820219361
3 0.9178970111631257 0.751788268955651 0.01584443644220382 0.016690510252742013
3 0.9387828592005761 0.7436814496900334 0.009362621534029529 0.014783023366714354
3 0.954447245228664 0.751311397234144 0.02124594886568239 0.03862660944206009
3 0.8309326611451207 0.695517405817835 0.01692473892689953 0.03481163567000477
3 0.8381346777097587 0.670004768717215 0.009002520705797623 0.016213638531235097
3 0.8120273676629456 0.5340963280877444 0.017284839755131436 0.03814973772055317
0 0.8536190133237307 0.5102527420123987 0.02412675549153763 0.03814973772055317
0 0.8773856679870363 0.5503099666189795 0.01980554555275477 0.03528850739151168
0 0.8419157364061938 0.6368621840724845 0.012243428159884768 0.030996661897949453
0 0.8604609290601368 0.7014783023366714 0.0219661505221462 0.04101096804959466
0 0.8655023406553836 0.7381974248927039 0.01692473892689953 0.020028612303290415
0 0.8937702556715881 0.7618025751072961 0.021606049693914296 0.039580352885073916
0 0.9458048253510983 0.7184072484501669 0.018365142239827152 0.0357653791130186
0 0.962009362621534 0.7110157367668097 0.014764133957508103 0.017167381974248927
0 0.8185091825711199 0.7784930853600381 0.016564638098667626 0.026227944682880304
0 0.8656823910694995 0.8838817358130663 0.013683831472812387 0.029089175011921792
0 0.9016924738926899 0.9279923700524559 0.015124234785740008 0.03719599427753934
0 0.9238386748289521 0.8874582737243681 0.02556715880446525 0.03528850739151168
