0 0.17879890809827115 0.8537165873306481 0.018198362147406732 0.03698279018674478
0 0.2700181983621474 0.3610399121201025 0.022292993630573247 0.026363969242035885
0 0.27638762511373977 0.3830098864884658 0.019563239308462238 0.021969974368363236
0 0.47770700636942676 0.4635664591724643 0.010009099181073703 0.011717319663127059
0 0.5680163785259327 0.3824606371292567 0.03958143767060965 0.03185646283412669
0 0.5138762511373977 0.3943610399121201 0.020473157415832575 0.022702306847308677
0 0.5097816196542311 0.36964481874771143 0.022292993630573247 0.028194800439399488
0 0.5395814376706096 0.3454778469425119 0.017288444040036398 0.023068473086781397
0 0.46314831665150136 0.3647015745148297 0.028207461328480437 0.024166971805199562
0 0.4565514103730664 0.4022336140607836 0.028662420382165606 0.025997803002563165
0 0.40900818926296634 0.4362870743317466 0.028207461328480437 0.023068473086781397
0 0.3521383075523203 0.3952764555108019 0.023657870791628753 0.024533138044672283
0 0.3723839854413103 0.38227755400952035 0.029572338489535943 0.025631636763090444
0 0.37101910828025475 0.3987550347857928 0.01592356687898089 0.007323324789454412
0 0.40559599636032756 0.3606737458806298 0.029572338489535943 0.021237641889417794
0 0.42311191992720654 0.3674478213108751 0.00818926296633303 0.007689491028927133
0 0.43289353958143767 0.36396924203588427 0.02684258416742493 0.021969974368363236
0 0.36282984531392176 0.33870377151226655 0.02684258416742493 0.021969974368363236
0 0.3632848043676069 0.35994141340168434 0.010464058234758872 0.008055657268399853
0 0.4137852593266606 0.3227755400952032 0.023202911737943584 0.023068473086781397
0 0.3575978161965423 0.3246063712925668 0.018198362147406732 0.012083485902599781
0 0.467697907188353 0.34053460270963015 0.06187443130118289 0.06517759062614427
0 0.4970427661510464 0.337422189674112 0.024112829845313922 0.025265470523617724
0 0.5170609645131938 0.3291834492859758 0.025932666060054597 0.03661662394727206
0 0.4786169244767971 0.30281948004393994 0.040036396724294813 0.0373489564262175
0 0.5056869881710646 0.2993409007689491 0.023202911737943584 0.023068473086781397
0 0.34622383985441313 0.29677773709264005 0.03002729754322111 0.025997803002563165
0 0.3221110100090992 0.307945807396558 0.018198362147406732 0.024899304284145003
0 0.5564149226569609 0.29531307213474917 0.01910828025477707 0.022336140607835956
0 0.5723384895359418 0.3194800439399487 0.015468607825295723 0.014280483339436104
0 0.5407188353048226 0.32533870377151225 0.010464058234758872 0.013548150860490663
0 0.551410373066424 0.33833760527279383 0.010009099181073703 0.015378982057854266
0 0.5784804367606915 0.2823141706334676 0.024112829845313922 0.023434639326254118
0 0.5812101910828026 0.2960454046136946 0.03230209281164695 0.013548150860490663
0 0.4822565969062784 0.27975100695715854 0.023657870791628753 0.019772976931526912
0 0.422884440400364 0.2923837422189674 0.02502274795268426 0.025997803002563165
0 0.3814831665150136 0.2878066642255584 0.02684258416742493 0.027828634199926768
0 0.4030937215650591 0.2638227755400952 0.029117379435850774 0.027462467960454047
0 0.4315286624203822 0.2638227755400952 0.02502274795268426 0.027462467960454047
0 0.456778889899909 0.26309044306114976 0.030937215650591446 0.031124130355181252
0 0.44745222929936307 0.2823141706334676 0.02502274795268426 0.026363969242035885
0 0.31710646041856233 0.27554009520322226 0.017288444040036398 0.019406810692054192
0 0.2893539581437671 0.25668253387037715 0.030937215650591446 0.024899304284145003
0 0.3039126478616925 0.24514829732698645 0.0272975432211101 0.028194800439399488
0 0.3202911737943585 0.2559502013914317 0.01091901728844404 0.009520322226290736
0 0.3093721565059145 0.26217502746246796 0.011828935395814377 0.010252654705236177
0 0.36578707916287534 0.24112046869278653 0.020928116469517744 0.02380080556572684
3 0.3737488626023658 0.253570120834859 0.011373976342129208 0.010618820944708897
0 0.41446769790718835 0.2467960454046137 0.020018198362147407 0.016111314536799707
0 0.42720655141037306 0.23745880629805932 0.026387625113739762 0.021603808128890515
0 0.4940855323020928 0.23654339069937752 0.028207461328480437 0.03002563163676309
0 0.5179708826205641 0.253570120834859 0.028662420382165606 0.025997803002563165
0 0.502729754322111 0.26949835225192237 0.025477707006369428 0.024166971805199562
0 0.48498635122838946 0.25851336506774075 0.00818926296633303 0.008787989747345295
0 0.5884895359417652 0.26125961186378616 0.02684258416742493 0.023068473086781397
0 0.5309372156505915 0.2431343830098865 0.0272975432211101 0.019772976931526912
0 0.5200181983621474 0.23031856462834127 0.017288444040036398 0.013181984621017943
0 0.41173794358507737 0.21951666056389602 0.03002729754322111 0.025997803002563165
0 0.44017288444040037 0.22958623214939583 0.024112829845313922 0.019772976931526912
0 0.43448589626933576 0.21201025265470524 0.03184713375796178 0.027828634199926768
0 0.49727024567788897 0.19864518491395095 0.0373066424021838 0.04503844745514463
0 0.5152411282984531 0.1849139509337239 0.025932666060054597 0.027096301720981326
0 0.5586897179253867 0.21475649945075065 0.047315741583257506 0.027462467960454047
0 0.551410373066424 0.1812522885389967 0.0272975432211101 0.021969974368363236
0 0.4601910828025478 0.18711094837056022 0.033212010919017286 0.02856096667887221
0 0.41173794358507737 0.1896741120468693 0.0272975432211101 0.023434639326254118
0 0.37261146496815284 0.20194068106920543 0.020928116469517744 0.021603808128890515
0 0.3494085532302093 0.19223727572317834 0.018198362147406732 0.027828634199926768
0 0.38603275705186535 0.17264738191138776 0.024112829845313922 0.022336140607835956
0 0.3955868971792539 0.1969974368363237 0.024112829845313922 0.027828634199926768
0 0.2895814376706096 0.17813987550347857 0.025932666060054597 0.025997803002563165
4 0.304140127388535 0.17923837422189673 0.010464058234758872 0.007689491028927133
0 0.23612374886260237 0.17539362870743316 0.03002729754322111 0.027828634199926768
0 0.2429481346678799 0.15928231417063346 0.01091901728844404 0.012449652142072502
0 0.26160145586897177 0.20175759794946907 0.026387625113739762 0.024899304284145003
0 0.36442220200181985 0.08696448187477114 0.023657870791628753 0.024533138044672283
0 0.3575978161965423 0.14902965946539729 0.02183803457688808 0.01904064445258147
0 0.3889899909008189 0.14372024899304284 0.020928116469517744 0.023068473086781397
0 0.3976342129208371 0.13035518125228854 0.01910828025477707 0.027828634199926768
0 0.3562329390354868 0.10948370560234347 0.02183803457688808 0.020505309410472353
0 0.37147406733393995 0.12303185646283413 0.02502274795268426 0.024899304284145003
0 0.4335759781619654 0.12010252654705236 0.015468607825295723 0.021969974368363236
0 0.4237943585077343 0.1411570853167338 0.01683348498635123 0.011351153423654338
0 0.41492265696087355 0.1572683998535335 0.020018198362147407 0.022336140607835956
0 0.44767970882620567 0.16147931160746978 0.018198362147406732 0.01757597949469059
0 0.45222929936305734 0.17045038447455144 0.017288444040036398 0.011351153423654338
0 0.47042766151046406 0.14866349322592456 0.020018198362147407 0.016843647015745148
0 0.5040946314831665 0.10984987184181619 0.025477707006369428 0.026363969242035885
0 0.5186533212010919 0.1369461735627975 0.022747952684258416 0.022702306847308677
4 0.5106915377616015 0.15763456609300622 0.012283894449499545 0.009886488465763456
4 0.5484531392174704 0.1384108385206884 0.010464058234758872 0.009520322226290736
0 0.5295723384895359 0.13017209813255218 0.023657870791628753 0.025265470523617724
0 0.555277525022748 0.12120102526547052 0.024112829845313922 0.027096301720981326
0 0.5780254777070064 0.11735627975100696 0.01592356687898089 0.024533138044672283
0 0.5739308462238398 0.14170633467594287 0.023202911737943584 0.021969974368363236
0 0.5868971792538672 0.16074697912852434 0.020928116469517744 0.020505309410472353
0 0.6010009099181074 0.18546320029293298 0.0272975432211101 0.02380080556572684
0 0.6135122838944495 0.17191504943244232 0.02684258416742493 0.019406810692054192
0 0.6314831665150137 0.2872574148663493 0.020928116469517744 0.021603808128890515
0 0.6781164695177434 0.27920175759794946 0.024112829845313922 0.023068473086781397
0 0.6460418562329391 0.33083119736360306 0.01364877161055505 0.012083485902599781
0 0.6410373066424022 0.25631636763090443 0.04367606915377616 0.025631636763090444
0 0.6742493175614195 0.14555108019040644 0.023657870791628753 0.021603808128890515
0 0.707916287534122 0.20816550714024168 0.03002729754322111 0.020871475649945074
0 0.7374886260236578 0.21567191504943245 0.03002729754322111 0.027828634199926768
