8 0.21284271284271283 0.8166512915129152 0.14766714766714767 0.059501845018450183
8 0.37445887445887444 0.8553966789667896 0.14574314574314573 0.056734317343173434
8 0.5226070226070226 0.8890682656826568 0.14574314574314573 0.05581180811808118
8 0.6988936988936989 0.9181273062730627 0.19624819624819625 0.06134686346863469
3 0.13588263588263588 0.8030442804428044 0.012987012987012988 0.01845018450184502
3 0.2775372775372775 0.8487084870848709 0.01827801827801828 0.024907749077490774
3 0.2950937950937951 0.8480166051660517 0.019721019721019722 0.01429889298892989
3 0.4454064454064454 0.8782287822878229 0.015392015392015393 0.015682656826568265
3 0.596921596921597 0.9065959409594095 0.01443001443001443 0.01614391143911439
3 0.8023088023088023 0.9342712177121771 0.00962000962000962 0.011531365313653136
3 0.0885040885040885 0.7829797047970479 0.008658008658008658 0.008763837638376383
