8 0.8611111111111112 0.8570071258907364 0.2311111111111111 0.2755344418052256
3 0.7672222222222222 0.7287410926365796 0.022222222222222223 0.015201900237529691
3 0.8280555555555555 0.7942992874109264 0.01611111111111111 0.0171021377672209
3 0.8533333333333334 0.867458432304038 0.034444444444444444 0.025653206650831355
3 0.95 0.9947743467933492 0.02 0.010451306413301662
8 0.7125 0.6648456057007126 0.11055555555555556 0.13919239904988123
8 0.6252777777777778 0.5344418052256532 0.11166666666666666 0.1311163895486936
8 0.5222222222222223 0.3959619952494062 0.13333333333333333 0.14299287410926365
3 0.6227777777777778 0.49287410926365793 0.014444444444444444 0.014726840855106888
3 0.5875 0.4667458432304038 0.019444444444444445 0.01852731591448931
3 0.5502777777777778 0.3900237529691211 0.020555555555555556 0.016152019002375298
1 0.49944444444444447 0.38717339667458434 0.024444444444444446 0.027553444180522565
1 0.5147222222222222 0.48883610451306414 0.02388888888888889 0.039904988123515436
3 0.5083333333333333 0.3342042755344418 0.012222222222222223 0.009976247030878859
3 0.4963888888888889 0.33467933491686463 0.011666666666666667 0.013776722090261283
3 0.4413888888888889 0.30926365795724464 0.025 0.030403800475059382
3 0.47944444444444445 0.3161520190023753 0.017777777777777778 0.0166270783847981
8 0.4311111111111111 0.26199524940617575 0.10777777777777778 0.12494061757719715
3 0.39555555555555555 0.19667458432304039 0.022222222222222223 0.018052256532066508
3 0.42694444444444446 0.22161520190023754 0.017222222222222222 0.0166270783847981
3 0.29694444444444446 0.061045130641330166 0.02388888888888889 0.019477434679334917
3 0.38916666666666666 0.1660332541567696 0.012777777777777779 0.015676959619952493
8 0.33666666666666667 0.13159144893111638 0.11666666666666667 0.1339667458432304
8 0.25833333333333336 0.0344418052256532 0.07666666666666666 0.0660332541567696
8 0.8619444444444444 0.25724465558194776 0.049444444444444444 0.033729216152019
