8 0.05274671852211959 0.8044871794871795 0.07632474477394263 0.2
8 0.10184735051045211 0.6298076923076923 0.06951871657754011 0.1737179487179487
8 0.14560038891589694 0.44006410256410255 0.06757413709285368 0.19423076923076923
8 0.1971317452600875 0.2221153846153846 0.09285367039377734 0.27371794871794874
3 0.08240155566358776 0.7272435897435897 0.012153621779290228 0.025
3 0.08604764219737482 0.7487179487179487 0.0213903743315508 0.019230769230769232
3 0.12907146329606223 0.5439102564102564 0.01798736023334954 0.021153846153846155
3 0.17233835683033544 0.35224358974358977 0.01701507049100632 0.025
3 0.22265435099659697 0.0798076923076923 0.0106951871657754 0.014743589743589743
3 0.02989790957705396 0.9067307692307692 0.016042780748663103 0.01987179487179487
1 0.7297034516285853 0.6349358974358974 0.014584346135148274 0.03653846153846154
1 0.7902284880894507 0.5682692307692307 0.018959649975692758 0.028846153846153848
1 0.79606222654351 0.5602564102564103 0.020904229460379193 0.028205128205128206
1 0.8237724842002917 0.5253205128205128 0.01798736023334954 0.026282051282051282
3 0.8962080700048615 0.37051282051282053 0.016042780748663103 0.023076923076923078
3 0.9786096256684492 0.29775641025641025 0.020418084589207585 0.01987179487179487
0 0.8451628585318425 0.7352564102564103 0.03159941662615459 0.03205128205128205
0 0.9358288770053476 0.7830128205128205 0.02819640252795333 0.0391025641025641
