0 0.7566233766233766 0.34134615384615385 0.033766233766233764 0.04230769230769231
0 0.7903896103896104 0.390625 0.02857142857142857 0.03798076923076923
3 0.694025974025974 0.35697115384615385 0.024935064935064935 0.03990384615384615
0 0.7397402597402597 0.4776442307692308 0.0187012987012987 0.03413461538461538
3 0.7283116883116884 0.5379807692307692 0.022857142857142857 0.03653846153846154
3 0.7345454545454545 0.5149038461538461 0.013506493506493506 0.014423076923076924
0 0.7696103896103896 0.5490384615384616 0.036883116883116886 0.041346153846153845
4 0.6781818181818182 0.5716346153846154 0.017142857142857144 0.019230769230769232
0 0.7072727272727273 0.6146634615384615 0.025454545454545455 0.027403846153846154
0 0.7774025974025974 0.5858173076923077 0.025454545454545455 0.020673076923076922
0 0.8233766233766234 0.6189903846153846 0.03324675324675325 0.04567307692307692
3 0.857922077922078 0.6139423076923077 0.0212987012987013 0.01826923076923077
3 0.8911688311688312 0.6141826923076923 0.015064935064935066 0.016826923076923076
3 0.9122077922077922 0.6206730769230769 0.03324675324675325 0.041346153846153845
0 0.8958441558441559 0.5858173076923077 0.03064935064935065 0.03798076923076923
0 0.921038961038961 0.583173076923077 0.023896103896103898 0.016346153846153847
3 0.8376623376623377 0.6408653846153847 0.015064935064935066 0.0125
3 0.8483116883116883 0.6622596153846154 0.03844155844155844 0.041826923076923074
3 0.9015584415584416 0.675 0.04103896103896104 0.04326923076923077
3 0.931948051948052 0.6846153846153846 0.0187012987012987 0.01730769230769231
0 0.8716883116883117 0.7483173076923076 0.03636363636363636 0.03894230769230769
0 0.8371428571428572 0.7831730769230769 0.02025974025974026 0.038461538461538464
4 0.8374025974025974 0.7389423076923077 0.01038961038961039 0.011538461538461539
3 0.918961038961039 0.7009615384615384 0.011428571428571429 0.011538461538461539
3 0.8038961038961039 0.7713942307692307 0.026493506493506493 0.03413461538461538
3 0.8233766233766234 0.7973557692307692 0.015584415584415584 0.017788461538461538
3 0.815064935064935 0.8146634615384616 0.016623376623376623 0.020673076923076922
3 0.9046753246753246 0.8459134615384616 0.03792207792207792 0.03798076923076923
3 0.9293506493506494 0.8038461538461539 0.03532467532467533 0.03653846153846154
3 0.951948051948052 0.796875 0.012987012987012988 0.01201923076923077
