0 0.2136340598073999 0.24902248289345064 0.03497212366953877 0.03763440860215054
3 0.5838824125696909 0.27370478983382207 0.022301064368981247 0.020527859237536656
0 0.6857577293461733 0.3296676441837732 0.0466294982260517 0.03763440860215054
0 0.6269640141915864 0.3563049853372434 0.035478966041561075 0.03519061583577713
0 0.6664977192093259 0.3924731182795699 0.03345159655347187 0.04105571847507331
0 0.42853522554485557 0.38514173998044965 0.03801317790167258 0.04007820136852395
0 0.3134820070957932 0.3670576735092864 0.03395843892549417 0.03812316715542522
0 0.2372022301064369 0.42057673509286414 0.021287379624936646 0.02785923753665689
0 0.32387227572225036 0.5488758553274682 0.035478966041561075 0.042033235581622676
0 0.3258996452103396 0.6544477028347996 0.039533705017739486 0.03225806451612903
0 0.35428281804358847 0.6551808406647116 0.027369488089204256 0.039589442815249266
3 0.36264571718195643 0.6243890518084066 0.026862645717181957 0.025904203323558164
0 0.3808920425747592 0.6493157380254154 0.021794221996958945 0.02297165200391007
0 0.39888494678155095 0.6339198435972629 0.030410542321338063 0.03421309872922776
0 0.4328433857070451 0.6351417399804496 0.0456158134820071 0.04056695992179863
0 0.4901165737455651 0.6605571847507331 0.03852002027369488 0.04252199413489736
0 0.5015205271160669 0.6436950146627566 0.02280790674100355 0.020527859237536656
0 0.5248352762290928 0.6830400782013685 0.03294475418144957 0.036656891495601175
0 0.5331981753674607 0.7233626588465298 0.03243791180942727 0.03225806451612903
0 0.49113025848960973 0.7206744868035191 0.030410542321338063 0.04838709677419355
0 0.45210339584389253 0.706256109481916 0.030410542321338063 0.03616813294232649
0 0.4252407501267106 0.7573313782991202 0.035478966041561075 0.051319648093841645
0 0.4457678661936138 0.7795698924731183 0.031931069437404966 0.02346041055718475
0 0.3760770400405474 0.7338709677419355 0.03649265078560568 0.04936461388074291
0 0.3707551951343132 0.7732160312805474 0.050177394830207805 0.03225806451612903
0 0.32361885453623923 0.7524437927663734 0.02280790674100355 0.03470185728250244
0 0.27268119614799796 0.7338709677419355 0.00912316269640142 0.012218963831867057
0 0.28813988849467814 0.7683284457478006 0.031931069437404966 0.03616813294232649
0 0.8051191079574253 0.4274193548387097 0.04004054738976178 0.04056695992179863
0 0.7615306639635073 0.4479472140762463 0.011657374556512924 0.011241446725317693
0 0.8198175367460719 0.4738514173998045 0.05119107957425241 0.025904203323558164
0 0.8540293968575773 0.45356793743890517 0.04358844399391789 0.044965786901270774
0 0.8958438925494171 0.4560117302052786 0.03801317790167258 0.03812316715542522
0 0.7321338063862138 0.37561094819159335 0.029903699949315764 0.010263929618768328
0 0.7546882919412062 0.3081622678396872 0.026355803345159655 0.03274682306940371
0 0.5595539787126204 0.8394428152492669 0.03243791180942727 0.03567937438905181
0 0.36315255955397874 0.3477517106549365 0.029903699949315764 0.028836754643206255
