0 0.13173475429248077 0.19715560513106525 0.03019538188277087 0.03402119353039598
7 0.2539964476021314 0.13496932515337423 0.1882770870337478 0.18627997769102064
2 0.38809946714031973 0.2253206915783603 0.013617525162818236 0.016731734523145567
0 0.6172291296625222 0.8513664249860569 0.04203670811130847 0.03067484662576687
0 0.6571936056838366 0.8614054656999443 0.03907637655417407 0.023982152816508645
3 0.7027827116637063 0.7370329057445622 0.037892243931320305 0.023982152816508645
0 0.7246891651865008 0.8505298382598996 0.02960331557134399 0.026770775237032907
0 0.7631734754292481 0.8823201338538762 0.04144464179988159 0.04796430563301729
0 0.8679692125518058 0.8948689347462354 0.04262877442273535 0.03067484662576687
0 0.8750740082889283 0.9353039598438372 0.037892243931320305 0.031232571109871723
0 0.8268206039076377 0.4486893474623536 0.045589105979869746 0.03625209146681539
