0 0.879021879021879 0.2967479674796748 0.03088803088803089 0.036585365853658534
0 0.8524238524238524 0.2891260162601626 0.027456027456027456 0.031504065040650404
0 0.8142428142428142 0.2146849593495935 0.02145002145002145 0.020833333333333332
0 0.694980694980695 0.1760670731707317 0.027456027456027456 0.03709349593495935
0 0.7142857142857143 0.17251016260162602 0.023166023166023165 0.036077235772357726
4 0.6900471900471901 0.19994918699186992 0.009867009867009866 0.013719512195121951
0 0.7155727155727156 0.20426829268292682 0.02145002145002145 0.029471544715447155
0 0.7271557271557272 0.23246951219512196 0.024882024882024883 0.03404471544715447
0 0.749034749034749 0.26448170731707316 0.02145002145002145 0.03201219512195122
0 0.7597597597597597 0.24568089430894308 0.02059202059202059 0.025914634146341462
0 0.6962676962676962 0.2550813008130081 0.026598026598026597 0.03048780487804878
0 0.6441441441441441 0.15675813008130082 0.02445302445302445 0.036077235772357726
0 0.6645216645216645 0.18877032520325204 0.027456027456027456 0.043191056910569105
0 0.6613041613041613 0.25940040650406504 0.028743028743028743 0.0391260162601626
0 0.614972114972115 0.20960365853658536 0.01673101673101673 0.028963414634146343
0 0.706992706992707 0.3041158536585366 0.04461604461604462 0.041158536585365856
0 0.645002145002145 0.2769308943089431 0.03732303732303732 0.061991869918699184
0 0.5939510939510939 0.22738821138211382 0.02445302445302445 0.033028455284552845
0 0.6078936078936079 0.2576219512195122 0.03003003003003003 0.03556910569105691
0 0.6452166452166452 0.32596544715447157 0.02917202917202917 0.04420731707317073
0 0.6688116688116688 0.3488313008130081 0.02574002574002574 0.033028455284552845
0 0.681038181038181 0.3363821138211382 0.02702702702702703 0.031504065040650404
0 0.7368082368082368 0.36585365853658536 0.029601029601029602 0.03353658536585366
0 0.7915057915057915 0.3595020325203252 0.042042042042042045 0.0350609756097561
0 0.829043329043329 0.38948170731707316 0.02445302445302445 0.036077235772357726
0 0.7835692835692836 0.4037093495934959 0.021021021021021023 0.03404471544715447
0 0.7256542256542257 0.3988821138211382 0.05019305019305019 0.04878048780487805
0 0.7273702273702274 0.44664634146341464 0.014157014157014158 0.021341463414634148
0 0.8022308022308022 0.46722560975609756 0.014586014586014585 0.017784552845528455
4 0.9066924066924067 0.3412093495934959 0.009867009867009866 0.012703252032520325
0 0.7273702273702274 0.5342987804878049 0.041613041613041614 0.046239837398373985
0 0.6698841698841699 0.508130081300813 0.022737022737022737 0.034552845528455285
0 0.6758901758901759 0.5416666666666666 0.021879021879021878 0.03556910569105691
0 0.6973401973401974 0.47815040650406504 0.019305019305019305 0.03353658536585366
0 0.6735306735306735 0.4532520325203252 0.027456027456027456 0.04878048780487805
0 0.6548691548691549 0.4613821138211382 0.02531102531102531 0.03556910569105691
0 0.6259116259116259 0.4613821138211382 0.06263406263406264 0.08739837398373984
0 0.6235521235521235 0.4926321138211382 0.02531102531102531 0.03404471544715447
0 0.6199056199056199 0.5421747967479674 0.028314028314028315 0.03556910569105691
0 0.5941655941655941 0.49110772357723576 0.028314028314028315 0.029979674796747968
0 0.5643500643500643 0.48297764227642276 0.030459030459030458 0.025914634146341462
0 0.5345345345345346 0.5116869918699187 0.028314028314028315 0.039634146341463415
0 0.5165165165165165 0.5284552845528455 0.023166023166023165 0.03556910569105691
0 0.5718575718575719 0.4372459349593496 0.023166023166023165 0.036077235772357726
0 0.5220935220935221 0.44740853658536583 0.027456027456027456 0.048272357723577235
0 0.5021450021450021 0.39176829268292684 0.029601029601029602 0.04369918699186992
0 0.5364650364650365 0.3856707317073171 0.02531102531102531 0.03861788617886179
0 0.5821535821535821 0.3945630081300813 0.03432003432003432 0.03404471544715447
0 0.5993135993135993 0.38363821138211385 0.024024024024024024 0.03861788617886179
0 0.6226941226941227 0.4016768292682927 0.02445302445302445 0.030995934959349592
0 0.6387816387816387 0.4255589430894309 0.024882024882024883 0.036077235772357726
0 0.6606606606606606 0.4070121951219512 0.024024024024024024 0.04065040650406504
0 0.6550836550836551 0.3671239837398374 0.027456027456027456 0.038109756097560975
0 0.6366366366366366 0.38058943089430897 0.024882024882024883 0.031504065040650404
0 0.6091806091806092 0.36051829268292684 0.03088803088803089 0.043191056910569105
0 0.5845130845130845 0.3597560975609756 0.027885027885027884 0.041666666666666664
0 0.5553410553410554 0.35238821138211385 0.027885027885027884 0.038109756097560975
0 0.5662805662805663 0.3330792682926829 0.018018018018018018 0.023882113821138213
0 0.5774345774345775 0.32164634146341464 0.026598026598026597 0.032520325203252036
0 0.5896610896610897 0.3122459349593496 0.023595023595023596 0.033028455284552845
0 0.5622050622050622 0.297510162601626 0.030459030459030458 0.03709349593495935
0 0.5180180180180181 0.3208841463414634 0.021879021879021878 0.029979674796747968
3 0.5255255255255256 0.3399390243902439 0.011154011154011155 0.017276422764227643
0 0.5587730587730588 0.2550813008130081 0.02702702702702703 0.037601626016260166
0 0.5220935220935221 0.2728658536585366 0.023166023166023165 0.03556910569105691
0 0.49785499785499787 0.2543191056910569 0.021021021021021023 0.043191056910569105
0 0.45645645645645644 0.3160569105691057 0.024024024024024024 0.032520325203252036
0 0.44294294294294295 0.3315548780487805 0.03131703131703132 0.038109756097560975
0 0.4703989703989704 0.36102642276422764 0.01673101673101673 0.02693089430894309
0 0.4731874731874732 0.33485772357723576 0.011154011154011155 0.013211382113821139
0 0.4347919347919348 0.4641768292682927 0.01758901758901759 0.036077235772357726
0 0.4397254397254397 0.49796747967479676 0.019734019734019732 0.029471544715447155
0 0.44015444015444016 0.22713414634146342 0.024882024882024883 0.037601626016260166
0 0.5062205062205062 0.15497967479674796 0.039468039468039465 0.0508130081300813
0 0.5403260403260404 0.17505081300813008 0.022737022737022737 0.043191056910569105
0 0.5341055341055341 0.19004065040650406 0.02059202059202059 0.031504065040650404
0 0.49914199914199914 0.20223577235772358 0.02445302445302445 0.026422764227642278
0 0.58000858000858 0.16488821138211382 0.026598026598026597 0.038109756097560975
0 0.56006006006006 0.21341463414634146 0.022737022737022737 0.036585365853658534
0 0.5669240669240669 0.19258130081300814 0.020163020163020164 0.018292682926829267
0 0.38288288288288286 0.21976626016260162 0.03303303303303303 0.04217479674796748
0 0.410982410982411 0.2576219512195122 0.024882024882024883 0.036585365853658534
0 0.5081510081510081 0.11255081300813008 0.035607035607035604 0.041158536585365856
0 0.646932646932647 0.6361788617886179 0.010296010296010296 0.01524390243902439
