0 0.20775792038992688 0.5809748427672956 0.0231519090170593 0.03930817610062893
0 0.19496344435418358 0.5442872117400419 0.008123476848090982 0.012054507337526206
0 0.23761169780666125 0.5662997903563941 0.020308692120227456 0.037211740041928724
0 0.2699025182778229 0.5870020964360587 0.029650690495532088 0.03563941299790356
0 0.2794476035743298 0.5419287211740041 0.025995125913891144 0.05555555555555555
0 0.3192526401299756 0.5678721174004193 0.02843216896831844 0.05817610062893082
0 0.3348903330625508 0.5938155136268344 0.025588952071486596 0.020964360587002098
0 0.3379366368805849 0.5094339622641509 0.017871649065800164 0.031446540880503145
0 0.346872461413485 0.5272536687631028 0.00974817221770918 0.011530398322851153
0 0.3722583265637693 0.539832285115304 0.019902518277822908 0.03773584905660377
0 0.3649471974004874 0.5123165618448637 0.010154346060113728 0.01729559748427673
0 0.40536149471974003 0.5340670859538784 0.023558082859463852 0.03039832285115304
0 0.37124289195775795 0.5718029350104822 0.01949634443541836 0.02620545073375262
0 0.39744110479285133 0.49266247379454925 0.0239642567018684 0.03878406708595388
0 0.37002437043054426 0.46514675052410903 0.02924451665312754 0.04559748427672956
0 0.37916328188464665 0.4470649895178197 0.019090170593013808 0.0220125786163522
0 0.23761169780666125 0.4630503144654088 0.03249390739236393 0.036163522012578615
3 0.2666531275385865 0.42872117400419285 0.020714865962632008 0.02830188679245283
0 0.2963038180341186 0.4392033542976939 0.025588952071486596 0.033542976939203356
0 0.32392363931762796 0.4399895178197065 0.03614947197400487 0.04245283018867924
0 0.3448415922014622 0.4357966457023061 0.012185215272136474 0.01729559748427673
0 0.2609666937449228 0.46147798742138363 0.025588952071486596 0.03825995807127883
0 0.2818846466287571 0.4525681341719078 0.01868399675060926 0.024633123689727462
0 0.2355808285946385 0.3480083857442348 0.02761982128350934 0.04612159329140461
0 0.42770105605199027 0.6595911949685535 0.021121039805036556 0.03930817610062893
0 0.6210398050365556 0.2099056603773585 0.030869212022745736 0.04140461215932914
0 0.6596263200649878 0.23873165618448638 0.03330625507717303 0.04769392033542977
0 0.6935418359057677 0.2418763102725367 0.030463038180341188 0.03930817610062893
0 0.6322095857026807 0.2610062893081761 0.036961819658813976 0.03039832285115304
0 0.5854995938261576 0.23453878406708595 0.008529650690495532 0.01310272536687631
0 0.5582859463850528 0.15566037735849056 0.0231519090170593 0.011530398322851153
0 0.5095450852965069 0.17583857442348008 0.024776604386677496 0.04350104821802935
0 0.5785946385052803 0.08307127882599581 0.018277822908204712 0.037211740041928724
0 0.5217303005686433 0.10508385744234801 0.03777416734362307 0.03825995807127883
0 0.4760357432981316 0.134958071278826 0.026807473598700244 0.037211740041928724
3 0.4396831844029245 0.04428721174004193 0.018277822908204712 0.02148846960167715
0 0.31600324939073926 0.16850104821802936 0.03330625507717303 0.04035639412997904
0 0.16328188464662877 0.20754716981132076 0.017871649065800164 0.02620545073375262
0 0.22319252640129975 0.14937106918238993 0.028025995125913892 0.040880503144654086
0 0.2678716490658002 0.13128930817610063 0.020714865962632008 0.024633123689727462
0 0.1421608448415922 0.02279874213836478 0.026807473598700244 0.04035639412997904
0 0.9506498781478473 0.15566037735849056 0.019902518277822908 0.031446540880503145
