3 0.2190827190827191 0.6872971719981456 0.029484029484029485 0.033843300880853036
3 0.2373054873054873 0.6448771441817339 0.025798525798525797 0.03523412146499768
3 0.2551187551187551 0.636532220676866 0.009828009828009828 0.012980992118683357
3 0.14905814905814907 0.6587853500231804 0.013923013923013924 0.01483541956420955
3 0.15561015561015562 0.6407046824292999 0.014742014742014743 0.01576263328697265
3 0.14127764127764128 0.6196105702364395 0.020475020475020474 0.03477051460361613
3 0.2166257166257166 0.5201668984700973 0.031122031122031123 0.03801576263328697
3 0.22972972972972974 0.5447380621233194 0.009828009828009828 0.00927213722763097
3 0.24017199017199017 0.5282800185442744 0.01597051597051597 0.015299026425591099
0 0.19307944307944308 0.593416782568382 0.027436527436527438 0.03708854891052388
0 0.16666666666666666 0.6270282800185443 0.01638001638001638 0.03477051460361613
0 0.12714987714987716 0.5781177561427909 0.01597051597051597 0.025961984237366714
0 0.1552006552006552 0.4705609643022717 0.02457002457002457 0.039870190078813164
0 0.21396396396396397 0.43579044969865555 0.02334152334152334 0.03337969401947149
0 0.23116298116298117 0.43138618451553085 0.01597051597051597 0.014371812702828002
0 0.11506961506961506 0.4047287899860918 0.027846027846027847 0.04172461752433936
0 0.12203112203112203 0.43949930458970793 0.018837018837018837 0.016689847009735744
3 0.17506142506142505 0.5132127955493742 0.029074529074529076 0.04079740380157627
3 0.1672809172809173 0.4918868799258229 0.014332514332514333 0.012980992118683357
4 0.16871416871416872 0.585303662494205 0.00819000819000819 0.012517385257301807
3 0.18181818181818182 0.46407046824292997 0.0171990171990172 0.016689847009735744
3 0.2072072072072072 0.461984237366713 0.011466011466011465 0.017153453871117292
3 0.2237919737919738 0.4684747334260547 0.025798525798525797 0.03847936949466852
0 0.06838656838656838 0.4714881780250348 0.020475020475020474 0.0296708391284191
3 0.08271908271908272 0.3949930458970793 0.019656019656019656 0.03245248029670839
3 0.08824733824733824 0.37297171998145573 0.011875511875511875 0.012517385257301807
0 0.09254709254709255 0.3375057950857673 0.013923013923013924 0.0315252665739453
3 0.05528255528255528 0.2264719517848864 0.020475020475020474 0.03847936949466852
0 0.10237510237510238 0.20815948076031526 0.029484029484029485 0.03801576263328697
0 0.128992628992629 0.25567918405192397 0.022113022113022112 0.03662494204914233
