0 0.09449152542372881 0.5811195445920304 0.030508474576271188 0.051233396584440226
0 0.06652542372881357 0.5291745730550285 0.012711864406779662 0.017552182163187855
0 0.08177966101694915 0.5132827324478179 0.01864406779661017 0.016129032258064516
0 0.1260593220338983 0.5609582542694497 0.03093220338983051 0.05265654648956357
0 0.15847457627118644 0.5317836812144212 0.02711864406779661 0.04269449715370019
0 0.1733050847457627 0.6041271347248577 0.03220338983050847 0.06309297912713473
0 0.18771186440677967 0.6731499051233396 0.03135593220338983 0.05502846299810247
0 0.23135593220338982 0.7049335863377609 0.02711864406779661 0.03889943074003795
0 0.20148305084745763 0.5659392789373814 0.03347457627118644 0.0635673624288425
0 0.13411016949152543 0.49478178368121445 0.009745762711864408 0.013282732447817837
0 0.2211864406779661 0.4988140417457306 0.03305084745762712 0.04411764705882353
0 0.25572033898305085 0.648719165085389 0.025 0.030834914611005692
0 0.21334745762711865 0.43999051233396586 0.022457627118644068 0.026091081593927895
0 0.23516949152542374 0.4269449715370019 0.01440677966101695 0.020872865275142316
0 0.2576271186440678 0.3961100569259962 0.013559322033898305 0.020872865275142316
0 0.175 0.3382352941176471 0.01440677966101695 0.028462998102466792
0 0.31419491525423726 0.3088235294117647 0.02923728813559322 0.03225806451612903
0 0.28771186440677965 0.3382352941176471 0.02711864406779661 0.021821631878557873
0 0.2701271186440678 0.355550284629981 0.013135593220338982 0.012808349146110056
0 0.2911016949152542 0.3602941176470588 0.02457627118644068 0.027039848197343452
0 0.4108050847457627 0.297438330170778 0.017372881355932204 0.028462998102466792
0 0.39597457627118643 0.2803605313092979 0.008898305084745763 0.018026565464895637
0 0.4483050847457627 0.3164136622390892 0.010169491525423728 0.009487666034155597
0 0.4266949152542373 0.3040796963946869 0.007627118644067797 0.010436432637571158
0 0.3777542372881356 0.3026565464895636 0.008898305084745763 0.013282732447817837
0 0.2559322033898305 0.37167931688804556 0.00847457627118644 0.009013282732447819
0 0.4502118644067797 0.3519924098671727 0.007203389830508475 0.008538899430740038
0 0.4694915254237288 0.32969639468690703 0.010169491525423728 0.018026565464895637
0 0.21567796610169493 0.1676944971537002 0.02288135593220339 0.026091081593927895
0 0.24343220338983051 0.09131878557874763 0.02076271186440678 0.017552182163187855
0 0.2593220338983051 0.10246679316888045 0.019491525423728815 0.031309297912713474
0 0.27690677966101696 0.12760910815939278 0.03093220338983051 0.028462998102466792
0 0.28622881355932206 0.10744781783681215 0.023305084745762712 0.027988614800759013
0 0.28135593220338984 0.07993358633776092 0.025423728813559324 0.014705882352941176
0 0.3042372881355932 0.12310246679316889 0.023728813559322035 0.024193548387096774
0 0.31228813559322033 0.14563567362428842 0.017796610169491526 0.016129032258064516
0 0.34682203389830507 0.1980550284629981 0.013135593220338982 0.02988614800759013
0 0.3277542372881356 0.18097722960151802 0.008050847457627118 0.012808349146110056
0 0.3586864406779661 0.13164136622390893 0.025 0.023244781783681213
0 0.373728813559322 0.08847248576850095 0.025423728813559324 0.022296015180265655
0 0.4004237288135593 0.060958254269449716 0.019491525423728815 0.019449715370018977
0 0.41885593220338985 0.04814990512333966 0.025847457627118643 0.024193548387096774
0 0.40127118644067794 0.170303605313093 0.020338983050847456 0.026565464895635674
0 0.4798728813559322 0.11385199240986717 0.019915254237288134 0.023719165085388995
4 0.4777542372881356 0.23410815939278937 0.015677966101694914 0.016603415559772294
0 0.5021186440677966 0.23624288425047438 0.023728813559322035 0.022770398481973434
0 0.4652542372881356 0.2803605313092979 0.020338983050847456 0.028462998102466792
0 0.47944915254237286 0.2661290322580645 0.019067796610169493 0.028462998102466792
0 0.5508474576271186 0.26091081593927895 0.01864406779661017 0.025616698292220113
0 0.5555084745762712 0.2409867172675522 0.022033898305084745 0.022770398481973434
0 0.5667372881355932 0.26138519924098674 0.018220338983050848 0.025616698292220113
0 0.5794491525423728 0.22533206831119545 0.024152542372881357 0.028462998102466792
0 0.5887711864406779 0.20635673624288425 0.025 0.024667931688804556
0 0.5644067796610169 0.17243833017077798 0.015254237288135594 0.03462998102466793
0 0.5266949152542373 0.2926944971537002 0.01694915254237288 0.03510436432637571
0 0.5569915254237288 0.2922201138519924 0.014830508474576272 0.03510436432637571
0 0.5870762711864407 0.29340607210626185 0.01228813559322034 0.020398481973434534
0 0.5802966101694915 0.3166508538899431 0.017372881355932204 0.021347248576850095
0 0.5591101694915255 0.3425047438330171 0.015677966101694914 0.030360531309297913
0 0.5266949152542373 0.3515180265654649 0.023728813559322035 0.029411764705882353
0 0.5957627118644068 0.3726280834914611 0.01440677966101695 0.028937381404174574
0 0.5135593220338983 0.38804554079696396 0.027966101694915254 0.04459203036053131
0 0.4896186440677966 0.3899430740037951 0.011440677966101695 0.016129032258064516
0 0.551271186440678 0.3752371916508539 0.013559322033898305 0.014231499051233396
0 0.5625 0.40725806451612906 0.01652542372881356 0.028937381404174574
0 0.5802966101694915 0.41627134724857684 0.02076271186440678 0.028937381404174574
0 0.49957627118644066 0.4086812144212524 0.015254237288135594 0.026091081593927895
0 0.4815677966101695 0.4307400379506641 0.023305084745762712 0.03415559772296015
0 0.49745762711864405 0.4551707779886148 0.01694915254237288 0.027988614800759013
0 0.5158898305084746 0.424573055028463 0.017372881355932204 0.024667931688804556
0 0.536864406779661 0.4262333965844402 0.01440677966101695 0.021347248576850095
0 0.5402542372881356 0.45422201138519924 0.015254237288135594 0.02988614800759013
0 0.5786016949152543 0.4452087286527514 0.013983050847457627 0.011859582542694497
0 0.565677966101695 0.47770398481973436 0.01864406779661017 0.020872865275142316
0 0.5495762711864407 0.4822106261859583 0.01694915254237288 0.024193548387096774
0 0.524364406779661 0.48861480075901326 0.019067796610169493 0.026565464895635674
0 0.503177966101695 0.48458254269449713 0.017372881355932204 0.02988614800759013
0 0.510593220338983 0.5080645161290323 0.020338983050847456 0.018975332068311195
0 0.5158898305084746 0.5270398481973435 0.021610169491525423 0.024667931688804556
0 0.5362288135593221 0.5481499051233396 0.018220338983050848 0.027039848197343452
0 0.5343220338983051 0.5180265654648957 0.01864406779661017 0.025616698292220113
0 0.5569915254237288 0.5654648956356736 0.019067796610169493 0.024667931688804556
0 0.5633474576271187 0.5374762808349146 0.01652542372881356 0.020872865275142316
0 0.5658898305084745 0.5078273244781784 0.018220338983050848 0.025142314990512334
0 0.5970338983050848 0.5993833017077799 0.038135593220338986 0.04222011385199241
0 0.2639830508474576 0.7661290322580645 0.017796610169491526 0.04554079696394687
0 0.3148305084745763 0.7718216318785579 0.023728813559322035 0.03225806451612903
0 0.3298728813559322 0.7756166982922201 0.021610169491525423 0.029411764705882353
0 0.25190677966101693 0.4781783681214421 0.03516949152542373 0.04079696394686907
0 0.2817796610169492 0.4653700189753321 0.025423728813559324 0.036053130929791274
0 0.2951271186440678 0.514943074003795 0.024152542372881357 0.04127134724857685
0 0.324364406779661 0.6491935483870968 0.02754237288135593 0.03842504743833017
0 0.3527542372881356 0.6178842504743833 0.03686440677966102 0.07258064516129033
0 0.3652542372881356 0.6729127134724858 0.027966101694915254 0.033681214421252374
0 0.3294491525423729 0.514943074003795 0.02754237288135593 0.04032258064516129
0 0.30783898305084745 0.4286053130929791 0.025847457627118643 0.03937381404174573
0 0.3061440677966102 0.4032258064516129 0.015677966101694914 0.016129032258064516
0 0.34682203389830507 0.44022770398481975 0.03771186440677966 0.07969639468690702
0 0.37203389830508476 0.5559772296015181 0.027966101694915254 0.031309297912713474
0 0.3940677966101695 0.639943074003795 0.025423728813559324 0.029411764705882353
0 0.3694915254237288 0.3868595825426945 0.03474576271186441 0.05265654648956357
0 0.4341101694915254 0.36456356736242884 0.030084745762711865 0.05740037950664137
9 0.8536016949152543 0.7727703984819735 0.11483050847457626 0.0730550284629981
4 0.713135593220339 0.6627134724857685 0.006779661016949152 0.009487666034155597
5 0.5896186440677966 0.8726280834914611 0.032627118644067796 0.023244781783681213
0 0.6514830508474576 0.25664136622390893 0.013135593220338982 0.019924098671726755
5 0.7908898305084746 0.3033681214421252 0.03347457627118644 0.019449715370018977
5 0.9330508474576271 0.394449715370019 0.03728813559322034 0.019449715370018977
0 0.3324152542372881 0.6826375711574952 0.028389830508474576 0.03984819734345351
0 0.30254237288135594 0.5500474383301708 0.0288135593220339 0.04032258064516129
0 0.3080508474576271 0.5830170777988615 0.023728813559322035 0.030360531309297913
0 0.38389830508474576 0.588472485768501 0.030508474576271188 0.04316888045540797
0 0.4021186440677966 0.6726755218216319 0.029661016949152543 0.04269449715370019
0 0.4302966101694915 0.6499051233396584 0.028389830508474576 0.04459203036053131
0 0.4332627118644068 0.49667931688804556 0.02923728813559322 0.03510436432637571
0 0.4565677966101695 0.6098197343453511 0.03093220338983051 0.04411764705882353
0 0.3788135593220339 0.4222011385199241 0.0288135593220339 0.03225806451612903
0 0.3620762711864407 0.5080645161290323 0.034322033898305085 0.061669829222011384
0 0.4457627118644068 0.4122390891840607 0.03135593220338983 0.04933586337760911
0 0.45677966101694917 0.45920303605313095 0.029661016949152543 0.056925996204933584
0 0.46567796610169493 0.5011859582542695 0.0288135593220339 0.04032258064516129
0 0.47796610169491527 0.536527514231499 0.0288135593220339 0.04364326375711575
0 0.2641949152542373 0.5410341555977229 0.025 0.026091081593927895
0 0.27097457627118643 0.5690227703984819 0.028389830508474576 0.027988614800759013
0 0.28326271186440677 0.6247628083491461 0.026694915254237287 0.03225806451612903
0 0.29067796610169494 0.6527514231499051 0.03135593220338983 0.03510436432637571
0 0.2995762711864407 0.6895161290322581 0.03135593220338983 0.05075901328273245
0 0.2608050847457627 0.676944971537002 0.02754237288135593 0.03415559772296015
0 0.2114406779661017 0.614326375711575 0.02711864406779661 0.036053130929791274
0 0.21885593220338984 0.650853889943074 0.02754237288135593 0.04364326375711575
0 0.19745762711864406 0.7139468690702088 0.029661016949152543 0.03795066413662239
0 0.2364406779661017 0.5704459203036053 0.03135593220338983 0.05265654648956357
0 0.2461864406779661 0.611954459203036 0.0288135593220339 0.04079696394686907
0 0.13495762711864406 0.6005692599620494 0.02923728813559322 0.04174573055028463
0 0.27923728813559323 0.5934535104364327 0.03389830508474576 0.036053130929791274
0 0.25614406779661014 0.5137571157495257 0.03686440677966102 0.04174573055028463
0 0.3843220338983051 0.45445920303605314 0.029661016949152543 0.03889943074003795
0 0.3927966101694915 0.49003795066413663 0.030508474576271188 0.04459203036053131
0 0.40423728813559323 0.5310721062618596 0.03474576271186441 0.04316888045540797
0 0.41483050847457625 0.5801707779886148 0.036440677966101696 0.061669829222011384
0 0.42415254237288136 0.6195445920303605 0.02711864406779661 0.026565464895635674
0 0.43771186440677967 0.5310721062618596 0.029661016949152543 0.03462998102466793
0 0.4470338983050847 0.5671252371916509 0.030508474576271188 0.04696394686907021
0 0.3972457627118644 0.3557874762808349 0.03177966101694915 0.03415559772296015
0 0.4048728813559322 0.38614800759013285 0.030084745762711865 0.03320683111954459
0 0.41165254237288135 0.4110531309297913 0.03177966101694915 0.027988614800759013
0 0.41779661016949154 0.43904174573055027 0.03135593220338983 0.03747628083491461
0 0.42415254237288136 0.46797912713472484 0.027966101694915254 0.03273244781783681
0 0.22733050847457628 0.5351043643263758 0.030084745762711865 0.03510436432637571
