3 0.41968412942989214 0.3414954088325317 0.0211864406779661 0.019239177962396152
1 0.45050077041602465 0.3338434630520332 0.00963020030816641 0.017052907739396588
3 0.46340523882896767 0.3290336685614342 0.009244992295839754 0.010056843025797988
3 0.509437596302003 0.31285526891123744 0.015793528505392913 0.010931351114997814
1 0.5365947611710323 0.32160034980323565 0.011556240369799691 0.003935286401399213
3 0.599768875192604 0.31810231744643636 0.011556240369799691 0.010931351114997814
3 0.13482280431432975 0.5074333187581985 0.01386748844375963 0.014429383471797114
3 0.16140215716486903 0.6128115435067775 0.011556240369799691 0.016178399650196764
3 0.29121725731895226 0.7426759947529514 0.01386748844375963 0.008307826847398338
3 0.3258859784283513 0.7481416703104504 0.012326656394453005 0.007870572802798426
3 0.3511171032357473 0.8659816353301268 0.012711864406779662 0.01355487538259729
3 0.2877503852080123 0.9254481853957149 0.015408320493066256 0.016178399650196764
3 0.6209553158705701 0.14910362920857018 0.009244992295839754 0.009619588981198076
1 0.6196070878274268 0.03541757761259292 0.014252696456086287 0.013117621337997376
1 0.6224961479198767 0.050502842151289896 0.011556240369799691 0.011805859204197638
0 0.6583204930662557 0.06974202011368605 0.00539291217257319 0.010056843025797988
0 0.8120184899845917 0.07236554438128552 0.01386748844375963 0.020550940096195888
0 0.8337827426810478 0.19916921731526016 0.01810477657935285 0.03454306952339309
0 0.8464946070878274 0.13773502404897245 0.011941448382126348 0.020988194140795804
0 0.8559322033898306 0.31263664188893747 0.01694915254237288 0.03060778312199388
0 0.8936825885978429 0.3379973764757324 0.017719568567026195 0.041101880192391776
0 0.9258474576271186 0.139921294271972 0.018875192604006163 0.020988194140795804
0 0.9081278890600925 0.1655006558810669 0.017334360554699536 0.028421512898994316
0 0.9370184899845917 0.060122431132487976 0.021956856702619414 0.026672496720594664
0 0.9445300462249615 0.1694359422824661 0.017719568567026195 0.036292085701792744
