3 0.49014886164623467 0.523511755877939 0.009194395796847636 0.01950975487743872
3 0.4868651488616462 0.5735367683841921 0.00788091068301226 0.026513256628314157
3 0.47964098073555167 0.6133066533266633 0.017075306479859893 0.029014507253626812
3 0.4507443082311734 0.6473236618309155 0.012697022767075307 0.013006503251625813
3 0.46891418563922943 0.7663831915957979 0.012259194395796848 0.021010505252626314
3 0.6009194395796847 0.7736368184092046 0.010945709281961471 0.01150575287643822
3 0.6906742556917689 0.837168584292146 0.011821366024518389 0.013506753376688344
3 0.8198336252189142 0.8819409704852427 0.013572679509632224 0.016008004002001
3 0.8303415061295972 0.9047023511755878 0.008318739054290718 0.015507753876938469
3 0.8577057793345009 0.9392196098049025 0.00788091068301226 0.01150575287643822
3 0.8669001751313485 0.9619809904952477 0.010507880910683012 0.006003001500750375
1 0.781523642732049 0.6823411705852926 0.00788091068301226 0.0080040020010005
1 0.7278896672504378 0.8029014507253627 0.009194395796847636 0.014007003501750876
1 0.8075744308231173 0.8569284642321161 0.008318739054290718 0.014007003501750876
1 0.8141418563922942 0.8574287143571786 0.006567425569176883 0.017008504252126064
3 0.7221978984238179 0.815407703851926 0.010070052539404553 0.016008004002001
1 0.6182136602451839 0.7696348174087043 0.002626970227670753 0.01250625312656328
1 0.49365148861646235 0.8126563281640821 0.009194395796847636 0.018509254627313655
1 0.5207968476357268 0.8086543271635818 0.009194395796847636 0.01950975487743872
1 0.5278021015761821 0.8011505752876438 0.004816112084063047 0.009504752376188095
3 0.2276707530647986 0.6835917958979489 0.012259194395796848 0.014507253626813406
3 0.2559106830122592 0.7798899449724862 0.008318739054290718 0.018009004502251125
1 0.23204903677758318 0.8416708354177088 0.0148861646234676 0.021510755377688845
3 0.22219789842381787 0.9202101050525263 0.010945709281961471 0.017508754377188594
0 0.4454903677758319 0.9704852426213106 0.01882661996497373 0.021010505252626314
0 0.47373029772329245 0.9647323661830915 0.024518388791593695 0.02451225612806403
0 0.558231173380035 0.9387193596798399 0.028021015761821366 0.02751375687843922
0 0.6050788091068301 0.9122061030515257 0.02276707530647986 0.03151575787893947
0 0.6188704028021016 0.8779389694847424 0.03546409807355517 0.029014507253626812
0 0.486646234676007 0.9862431215607804 0.0319614711033275 0.025512756378189096
0 0.43695271453590195 0.48549274637318657 0.023642732049036778 0.029514757378689346
0 0.7368651488616462 0.976488244122061 0.025394045534150613 0.03801900950475238
