8 0.44166666666666665 0.2411566535654127 0.09691358024691359 0.04884896125772038
8 0.5382716049382716 0.2136440202133633 0.0962962962962963 0.05558674901740595
3 0.39567901234567904 0.2571588994946659 0.011111111111111112 0.015721504772599662
3 0.4697530864197531 0.24845592363840538 0.014814814814814815 0.015160022459292532
3 0.5907407407407408 0.1939921392476137 0.009876543209876543 0.01291409320606401
1 0.5271604938271605 0.23189219539584502 0.014814814814814815 0.01347557551937114
8 0.9697530864197531 0.4244806288601909 0.06049382716049383 0.06850084222346996
3 0.9432098765432099 0.41830432341381246 0.008641975308641974 0.015721504772599662
1 0.9929012345679012 0.4494665918023582 0.012962962962962963 0.01403705783267827
3 0.3990740740740741 0.8916339135317237 0.011728395061728396 0.016844469399213923
3 0.5271604938271605 0.9744525547445255 0.011111111111111112 0.017405951712521055
3 0.5833333333333334 0.9781021897810219 0.013580246913580247 0.012352610892756879
3 0.6231481481481481 0.9194272880404267 0.012962962962962963 0.016282987085906794
