3 0.7596199524940618 0.6662667946257198 0.0332541567695962 0.03790786948176583
3 0.7845605700712589 0.6295585412667947 0.028978622327790974 0.036468330134357005
3 0.8054631828978622 0.6226007677543186 0.010926365795724466 0.012955854126679463
3 0.6817102137767221 0.6261996161228407 0.015201900237529691 0.01727447216890595
3 0.6914489311163895 0.6101247600767754 0.015676959619952493 0.014875239923224568
3 0.6762470308788598 0.5839731285988484 0.022327790973871733 0.0345489443378119
3 0.7657957244655582 0.5023992322456814 0.03705463182897862 0.04126679462571977
3 0.7926365795724466 0.5141554702495201 0.015676959619952493 0.014875239923224568
3 0.7809976247030879 0.529510556621881 0.01140142517814727 0.009117082533589251
3 0.7204275534441805 0.48392514395393477 0.030878859857482184 0.03982725527831094
3 0.7128266033254157 0.46209213051823417 0.013776722090261283 0.01055662188099808
3 0.7798099762470309 0.4503358925143954 0.028978622327790974 0.03886756238003839
3 0.7612826603325415 0.44433781190019195 0.014726840855106888 0.013435700575815739
3 0.731353919239905 0.43785988483685223 0.019477434679334917 0.016794625719769675
0 0.7004750593824228 0.44073896353166986 0.027078384798099764 0.0446257197696737
0 0.6610451306413302 0.5376679462571977 0.017577197149643706 0.027351247600767754
0 0.7365795724465558 0.5674184261036468 0.028028503562945367 0.03598848368522073
0 0.704750593824228 0.5978886756238004 0.017577197149643706 0.03550863723608445
4 0.7078384798099763 0.5559021113243762 0.010451306413301662 0.012955854126679463
0 0.768646080760095 0.41554702495201534 0.028503562945368172 0.03550863723608445
0 0.7897862232779097 0.41602687140115163 0.019477434679334917 0.01727447216890595
0 0.6624703087885986 0.40235124760076774 0.022327790973871733 0.019673704414587333
0 0.6577197149643705 0.3658829174664108 0.02992874109263658 0.03982725527831094
3 0.6206650831353919 0.34956813819577737 0.020427553444180523 0.03598848368522073
3 0.6292161520190024 0.32821497120921306 0.013776722090261283 0.011516314779270634
4 0.5762470308788599 0.3771593090211132 0.015201900237529691 0.016314779270633396
0 0.5980997624703088 0.4227447216890595 0.023752969121140142 0.025911708253358926
0 0.6847980997624703 0.21449136276391556 0.028978622327790974 0.03742802303262956
3 0.5997624703087886 0.16818618042226488 0.022327790973871733 0.03982725527831094
0 0.6574821852731592 0.15978886756238003 0.0332541567695962 0.04222648752399232
