0 0.8738670694864048 0.5252416756176155 0.028700906344410877 0.031149301825993556
0 0.4498992950654582 0.5435016111707841 0.022658610271903322 0.03544575725026853
0 0.5770392749244713 0.6774973147153598 0.035246727089627394 0.04242749731471536
0 0.49420946626384693 0.6613856068743287 0.03675730110775428 0.043501611170784105
0 0.5395266868076536 0.6839419978517723 0.03877139979859013 0.054242749731471536
0 0.5055387713997986 0.7048872180451128 0.04028197381671702 0.027389903329752954
0 0.3637965760322256 0.6337271750805585 0.03272910372608258 0.03759398496240601
0 0.3783987915407855 0.5770676691729323 0.03675730110775428 0.03920515574650913
0 0.32653575025176235 0.6023093447905478 0.03172205438066465 0.03705692803437164
0 0.42270896273917424 0.6082169709989259 0.02769385699899295 0.012352309344790547
3 0.29128902316213495 0.5338345864661654 0.01863041289023162 0.018259935553168637
0 0.029959718026183284 0.6348012889366272 0.028700906344410877 0.034371643394199784
0 0.08157099697885196 0.6031149301825993 0.03121852970795569 0.031149301825993556
0 0.13494461228600202 0.6396348012889366 0.03726082578046324 0.03759398496240601
0 0.033987915407854986 0.7975295381310419 0.03474320241691843 0.045112781954887216
0 0.13418932527693858 0.8850698174006445 0.04380664652567976 0.04081632653061224
0 0.18856998992950655 0.9025241675617616 0.033736153071500505 0.03920515574650913
0 0.2190332326283988 0.920515574650913 0.027190332326283987 0.03866809881847476
0 0.2258308157099698 0.9607948442534908 0.030715005035246726 0.034371643394199784
0 0.18856998992950655 0.972610096670247 0.0256797583081571 0.036519871106337275
0 0.1800100704934542 0.9470998925886144 0.012588116817724069 0.015574650912996778
0 0.1515609264853978 0.9578410311493019 0.027190332326283987 0.038131041890440386
3 0.06847935548841894 0.875671321160043 0.028197381671701913 0.02309344790547798
0 0.10070493454179255 0.8874865735767992 0.03423967774420947 0.0359828141783029
0 0.08408862034239678 0.9038668098818474 0.023162134944612285 0.023630504833512353
0 0.0581570996978852 0.9092373791621912 0.030715005035246726 0.04189044038668099
0 0.03147029204431017 0.9146079484425349 0.039778449144008056 0.04189044038668099
7 0.9468781470292045 0.49355531686358756 0.10221550855991944 0.12244897959183673
