0 0.21988388969521044 0.22976190476190475 0.036284470246734396 0.04619047619047619
0 0.2694726656990808 0.22142857142857142 0.03773584905660377 0.039047619047619046
0 0.30043541364296084 0.22214285714285714 0.033865505563618774 0.041428571428571426
0 0.32752781809385584 0.17476190476190476 0.033865505563618774 0.03619047619047619
0 0.36308659893565554 0.15904761904761905 0.027576197387518143 0.023809523809523808
0 0.26173197871311077 0.18833333333333332 0.027092404450895016 0.025238095238095237
0 0.46202225447508466 0.47 0.033865505563618774 0.037142857142857144
0 0.48597000483792935 0.6316666666666667 0.022738268021286888 0.024285714285714285
0 0.557571359458152 0.5797619047619048 0.031446540880503145 0.03761904761904762
0 0.6112723754233188 0.554047619047619 0.027576197387518143 0.03571428571428571
0 0.6666666666666666 0.5921428571428572 0.03289791969037252 0.03666666666666667
0 0.5706337687469762 0.7545238095238095 0.031446540880503145 0.039523809523809524
0 0.5749879051765844 0.8583333333333333 0.03918722786647315 0.03190476190476191
0 0.6003870343492985 0.856904761904762 0.02902757619738752 0.034761904761904765
3 0.6083696178035801 0.8257142857142857 0.027576197387518143 0.022857142857142857
0 0.6269956458635704 0.8497619047619047 0.022254475084663765 0.023333333333333334
0 0.6419932268988873 0.8354761904761905 0.03289791969037252 0.030952380952380953
0 0.6765844218674407 0.835952380952381 0.04499274310595065 0.03571428571428571
0 0.7010159651669086 0.83 0.013546202225447508 0.017142857142857144
0 0.7310111272375424 0.8566666666666667 0.03483309143686502 0.040952380952380955
0 0.7414126753749395 0.8397619047619047 0.02177068214804064 0.018571428571428572
0 0.6966618287373004 0.9040476190476191 0.028059990324141266 0.032857142857142856
0 0.5263667150459603 0.9376190476190476 0.009675858732462506 0.014285714285714285
0 0.5442670537010159 0.9704761904761905 0.033865505563618774 0.03428571428571429
0 0.575229801644896 0.955952380952381 0.021286889211417512 0.034761904761904765
0 0.6199806482825351 0.9716666666666667 0.045960328979196906 0.034761904761904765
0 0.6282051282051282 0.9338095238095238 0.029511369134010642 0.04476190476190476
0 0.6741654571843251 0.9526190476190476 0.0324141267537494 0.05095238095238095
0 0.6903725205611998 0.975 0.02999516207063377 0.020476190476190478
0 0.733913884857281 0.9171428571428571 0.026124818577648767 0.04857142857142857
0 0.772133526850508 0.9176190476190477 0.02902757619738752 0.02857142857142857
0 0.733430091920658 0.9507142857142857 0.023222060957910014 0.024285714285714285
0 0.7629414610546686 0.8769047619047619 0.027092404450895016 0.03380952380952381
0 0.9772617319787131 0.5104761904761905 0.022254475084663765 0.037142857142857144
0 0.9104983067247219 0.5352380952380953 0.045476536042573776 0.0380952380952381
3 0.8137397194000967 0.4835714285714286 0.020319303338171262 0.019523809523809523
0 0.8582486695694242 0.5611904761904762 0.03289791969037252 0.034761904761904765
0 0.8952588292210933 0.5964285714285714 0.033381712626995644 0.03761904761904762
0 0.8850991775520077 0.6245238095238095 0.022738268021286888 0.02238095238095238
0 0.9542815674891146 0.5761904761904761 0.02467343976777939 0.008571428571428572
0 0.606192549588776 0.6492857142857142 0.021286889211417512 0.02619047619047619
