0 0.48514851485148514 0.43106796116504853 0.03543512245961438 0.06472491909385113
0 0.5351745700885878 0.41877022653721685 0.04064616988014591 0.04919093851132686
0 0.5669619593538301 0.41877022653721685 0.03543512245961438 0.05436893203883495
0 0.6034392912975508 0.35631067961165047 0.03230849400729546 0.0511326860841424
0 0.6367899947889526 0.3346278317152104 0.02709744658676394 0.031067961165048542
0 0.525794684731631 0.3773462783171521 0.03230849400729546 0.038834951456310676
0 0.7384054194893174 0.7440129449838188 0.03751954142782699 0.045954692556634306
0 0.7628973423658155 0.9605177993527508 0.022928608650338717 0.03365695792880259
0 0.8410630536737884 0.8883495145631068 0.030224075039082855 0.05242718446601942
0 0.8986451276706618 0.86084142394822 0.0286607608129234 0.031067961165048542
0 0.8910891089108911 0.9802588996763754 0.020844189682126108 0.03559870550161812
0 0.9564877540385618 0.9067961165048544 0.03908285565398645 0.05307443365695793
