0 0.10004719207173195 0.5894268774703557 0.03114676734308636 0.05138339920948617
0 0.1432279377064653 0.579298418972332 0.03256252949504483 0.04199604743083004
0 0.1687116564417178 0.5768280632411067 0.025011798017932987 0.03705533596837945
0 0.21826333176026427 0.5276679841897233 0.05710240679565833 0.04743083003952569
0 0.15125058990089665 0.5377964426877471 0.049551675318546484 0.04199604743083004
0 0.30179329872581406 0.7566699604743083 0.03256252949504483 0.03606719367588933
0 0.38414346389806514 0.8441205533596838 0.0292590844738084 0.033102766798418976
0 0.4339310995752714 0.816699604743083 0.02784332232184993 0.02766798418972332
0 0.4858423784804153 0.8490612648221344 0.03728173666823974 0.03804347826086957
0 0.3135913166588013 0.8883399209486166 0.019348749410099102 0.030632411067193676
3 0.6283624351109014 0.7596343873517787 0.019348749410099102 0.01432806324110672
0 0.7097687588485134 0.8003952569169961 0.03209060877772534 0.037549407114624504
0 0.6623407267579047 0.8223814229249012 0.02973100519112789 0.032114624505928856
0 0.6956111373289288 0.8475790513833992 0.0292590844738084 0.03705533596837945
0 0.6857008022652195 0.8717885375494071 0.024539877300613498 0.022233201581027668
0 0.7503539405379896 0.8268280632411067 0.025483718735252476 0.010375494071146246
0 0.7765455403492213 0.7700098814229249 0.022180273714016045 0.03606719367588933
0 0.8173666823973572 0.8757411067193676 0.034922133081642284 0.0400197628458498
0 0.8272770174610665 0.9152667984189723 0.038697498820198205 0.025197628458498024
0 0.8584237848041529 0.9004446640316206 0.03964134025483719 0.04594861660079051
0 0.8940537989617744 0.8925395256916996 0.03539405379896177 0.03507905138339921
