4 0.12879102617366014 0.2664618086040386 0.009970918155380142 0.01141352063213345
3 0.17843788948899045 0.3694029850746269 0.028666389696717906 0.03467954345917471
3 0.1981719983381803 0.3349429323968393 0.029081844619858747 0.030728709394205442
3 0.21749065226422934 0.3292361720807726 0.011217282924802658 0.013169446883230905
3 0.10635646032405484 0.32945566286215977 0.01080182800166182 0.015364354697102721
3 0.11528874117158289 0.31562774363476737 0.013710012463647694 0.014047410008779631
0 0.12629829663481512 0.3053116769095698 0.01578728707935189 0.033801580333625986
0 0.15538014125467386 0.27941176470588236 0.02658911508101371 0.03555750658472344
3 0.10095554632322393 0.291044776119403 0.019110926464478605 0.030728709394205442
0 0.08620689655172414 0.24934152765583845 0.014540922309929373 0.024582967515364356
3 0.13793103448275862 0.20237050043898155 0.02575820523473203 0.035996488147497806
3 0.18051516410469465 0.22080772607550483 0.03365184877440797 0.03687445127304653
3 0.20357291233901123 0.2320017559262511 0.013294557540506855 0.013608428446005268
3 0.19339426672206064 0.24604916593503073 0.009555463232239303 0.01009657594381036
3 0.13086830078936434 0.18195785776997367 0.016618196925633568 0.007462686567164179
3 0.19048608226007477 0.17471466198419666 0.026173660157872872 0.03511852502194908
3 0.17366015787287079 0.1681299385425812 0.013294557540506855 0.012291483757682178
3 0.14665558786871624 0.1613257243195786 0.01578728707935189 0.012730465320456541
0 0.18196925633568758 0.14003511852502196 0.02575820523473203 0.03160667251975417
0 0.11882010801828001 0.1635206321334504 0.024096385542168676 0.04170324846356453
0 0.08641462401329456 0.1286215978928885 0.02160365600332364 0.018437225636523266
0 0.0805982550893228 0.0937225636523266 0.027420024927295387 0.036435469710272166
3 0.04985459077690071 0.07418788410886742 0.019941836310760283 0.041264266900790166
0 0.02762775238886581 0.1442054433713784 0.02201911092646448 0.02502194907813872
0 0.009347735770668882 0.10359964881474978 0.01703365184877441 0.015803336259877086
0 0.06003323639385127 0.026997366110623353 0.015371832156211051 0.03204565408252853
