8 0.28960964408725604 0.4657534246575342 0.05912743972445465 0.21052631578947367
8 0.2597588978185993 0.21485219899062724 0.06371986222732491 0.21196827685652486
8 0.2362227324913892 0.047584715212689255 0.04879448909299656 0.09372746935832732
3 0.24942594718714123 0.09444844989185291 0.01894374282433984 0.023071377072819033
3 0.2864523536165327 0.2494592645998558 0.014925373134328358 0.0418168709444845
3 0.2669345579793341 0.330930064888248 0.016073478760045924 0.020187454938716654
3 0.28128587830080365 0.3312905551550108 0.010332950631458095 0.028118240807498196
1 0.2927669345579793 0.35364095169430426 0.02870264064293915 0.009372746935832732
3 0.30625717566016075 0.5749819754866619 0.020091848450057407 0.01946647440519106
8 0.8102755453501722 0.02198990627253064 0.05683122847301952 0.03821196827685652
8 0.8630884041331802 0.2462148521989906 0.04075774971297359 0.032444124008651765
