8 0.2419596110695587 0.08023715415019762 0.10396409872849663 0.04031620553359684
3 0.2475691847419596 0.057707509881422925 0.013462976813762155 0.011067193675889328
3 0.23597606581899774 0.07509881422924901 0.008227374719521317 0.011067193675889328
8 0.25467464472700074 0.34466403162055337 0.2131637995512341 0.05375494071146245
3 0.15482423335826478 0.34189723320158105 0.011967090501121914 0.013438735177865613
3 0.24308152580403888 0.33517786561264823 0.014958863126402393 0.026877470355731226
3 0.6907255048616305 0.13715415019762847 0.011219147344801795 0.02292490118577075
3 0.7931937172774869 0.36798418972332014 0.014210919970082274 0.019762845849802372
3 0.8261032161555721 0.4268774703557312 0.01720269259536275 0.022134387351778657
8 0.036275243081525806 0.29881422924901185 0.0381451009723261 0.042687747035573126
