0 0.19509125235997482 0.8281127642913078 0.032724984266834484 0.039937353171495694
0 0.3801132787916929 0.601018010963195 0.0289490245437382 0.04620203602192639
0 0.5969162995594713 0.1480031323414252 0.02328508495909377 0.03915426781519186
0 0.5783511642542479 0.18245888801879404 0.020138451856513532 0.03445575567736883
0 0.5981749528005035 0.19498825371965545 0.027061044682190057 0.03445575567736883
0 0.6736941472624292 0.23766640563821456 0.027061044682190057 0.033672670321064996
0 0.6878539962240403 0.2873923257635082 0.02643171806167401 0.03288958496476116
0 0.6176840780365009 0.23335943617854346 0.059786028949024544 0.056382145653876274
0 0.63058527375708 0.28660924040720437 0.06670862177470108 0.04541895066562255
0 0.6614222781623663 0.350822239624119 0.03650094398993078 0.036021926389976505
0 0.5191944619257395 0.2666405638214565 0.021397105097545627 0.028974158183241974
0 0.5424795468848332 0.2736883320281911 0.021397105097545627 0.028974158183241974
0 0.45972309628697294 0.370399373531715 0.024543738200125866 0.06421299921691465
0 0.5761485210824417 0.39428347689898197 0.050975456261799876 0.04463586530931871
0 0.5578980490874764 0.3531714956930305 0.024543738200125866 0.031323414252153486
0 0.5072372561359345 0.3167580266249021 0.020138451856513532 0.03523884103367267
0 0.4908747640025173 0.33907595927956147 0.021397105097545627 0.025058731401722788
0 0.5361862806796728 0.3057948316366484 0.025173064820641914 0.03680501174628034
0 0.5305223410950283 0.350822239624119 0.021397105097545627 0.03445575567736883
0 0.5059786028949025 0.3923257635082224 0.03775959723096287 0.0485512920908379
0 0.5012586532410321 0.4561472200469851 0.03587161736941473 0.06812842599843383
