4 0.0693516699410609 0.23360459550023935 0.012966601178781925 0.015318334131163236
4 0.275049115913556 0.6101005265677357 0.017288801571709235 0.0215414073719483
4 0.22809430255402752 0.6965055050263284 0.020039292730844795 0.02489229296314026
4 0.7996070726915521 0.4071325993298229 0.013359528487229863 0.01771182383915749
4 0.8204322200392927 0.4865964576352322 0.013359528487229863 0.015797032072762087
4 0.6461689587426326 0.18764959310674964 0.01218074656188605 0.014360938247965534
0 0.6487229862475442 0.2077549066539014 0.006286836935166994 0.007659167065581618
0 0.6742632612966601 0.22355193872666348 0.025147347740667975 0.036381043561512685
0 0.712180746561886 0.24317855433221638 0.029469548133595286 0.048827190043082815
0 0.6836935166994106 0.3051699377692676 0.0243614931237721 0.04260411680229775
0 0.6821218074656189 0.3575873623743418 0.04165029469548134 0.036381043561512685
0 0.7387033398821218 0.36165629487793205 0.0275049115913556 0.03973192915270465
0 0.7367387033398821 0.46457635232168504 0.03457760314341847 0.03207276208712303
0 0.8049115913555992 0.3111536620392532 0.021611001964636542 0.031594064145524174
0 0.8390962671905697 0.37410244135950216 0.03182711198428291 0.052178075634274776
0 0.9493123772102161 0.3240785064624222 0.026719056974459726 0.032551460028721876
0 0.674656188605108 0.6323599808520823 0.03143418467583497 0.0440402106270943
0 0.7159135559921415 0.672091910004787 0.033005893909626716 0.044997606510292006
0 0.5850687622789784 0.6823839157491622 0.0243614931237721 0.024413595021541407
0 0.5133595284872299 0.6881282910483485 0.02711198428290766 0.0205840114887506
0 0.6451866404715128 0.7726184777405457 0.03693516699410609 0.03925323121110579
0 0.6347740667976425 0.8628530397319292 0.027897838899803535 0.04068932503590235
9 0.5172888015717092 0.7580181905217808 0.06797642436149312 0.05505026328386788
0 0.44282907662082516 0.757060794638583 0.03143418467583497 0.038774533269506944
0 0.3294695481335953 0.6443274293920536 0.05225933202357564 0.05074198180947822
0 0.2552062868369352 0.7173288654858784 0.03968565815324165 0.04834849210148397
5 0.17740667976424362 0.8659645763523217 0.011394891944990177 0.006701771182383916
5 0.24538310412573675 0.7714217328865486 0.009037328094302554 0.006223073240785065
5 0.27662082514734776 0.6431306845380564 0.008644400785854617 0.006223073240785065
5 0.32023575638506874 0.5634274772618477 0.008644400785854617 0.007659167065581618
5 0.4149312377210216 0.3922929631402585 0.008644400785854617 0.008137865007180469
5 0.49155206286836933 0.24652943992340834 0.010216110019646365 0.007659167065581618
0 0.7355599214145383 0.7132599329822882 0.026719056974459726 0.027764480612733365
