0 0.13354158531823507 0.2081917704794262 0.026552128074970715 0.034352585881464705
0 0.13705583756345177 0.25405813514533787 0.02889496290511519 0.03548508871272178
0 0.13744631003514252 0.2965269913174783 0.03358063256540414 0.04265760664401661
4 0.1446700507614213 0.31766704416761044 0.006638032018742679 0.008682521706304265
3 0.16321749316673176 0.2693469233673084 0.01015228426395939 0.008682521706304265
0 0.18469347910972275 0.26727066817667045 0.025771183131589222 0.03548508871272178
0 0.20441233893010544 0.29237448093620233 0.010542756735650137 0.006417516043790109
0 0.3080827801639984 0.2648169120422801 0.01483795392424834 0.014722536806342015
0 0.31823506442795785 0.2929407323518309 0.02889496290511519 0.03926009815024538
0 0.43811011323701676 0.051340128350320875 0.03982819211245607 0.04454511136277841
0 0.4082389691526747 0.08814647036617591 0.05037094884810621 0.039637599093997736
0 0.35103475204998047 0.15477538693846735 0.03279968762202265 0.03473008682521706
0 0.4049199531433034 0.19648924122310304 0.027333073018352205 0.035107587768969425
0 0.4461147989066771 0.1496791241978105 0.06598984771573604 0.05096262740656852
0 0.4431862553689965 0.22650056625141562 0.03436157750878563 0.03699509248773122
0 0.47169074580242093 0.18837297093242733 0.02967590784849668 0.02944507361268403
0 0.46876220226474036 0.21102302755756888 0.01679031628270207 0.012835032087580219
0 0.5636470128855916 0.1487353718384296 0.029285435376805936 0.03020007550018875
0 0.539828192112456 0.16704416761041901 0.02616165560327997 0.039637599093997736
0 0.5203045685279187 0.20781426953567383 0.029285435376805936 0.038882597206493015
3 0.5019523623584538 0.2129105322763307 0.009761811792268645 0.021140052850132124
3 0.5409996095275283 0.20234050585126462 0.014447481452557595 0.009815024537561345
3 0.6290511518937915 0.18535296338240845 0.007809449433814916 0.0120800302000755
0 0.540804373291683 0.2183842959607399 0.01483795392424834 0.01849754624386561
0 0.6122608356110895 0.19271423178557948 0.028114017961733698 0.035107587768969425
0 0.6485747754783288 0.13835409588523973 0.030456852791878174 0.03208758021895055
0 0.5605232331120656 0.3663646659116648 0.02694260054666146 0.03737259343148358
0 0.592151503319016 0.4099660249150623 0.019133151112846546 0.03020007550018875
0 0.7473643108160875 0.43110607776519444 0.02030456852791878 0.032465081162702907
0 0.25185474424053106 0.6459041147602869 0.037485357282311595 0.0362400906002265
0 0.32584927762592736 0.6417516043790109 0.05505661850839516 0.04454511136277841
0 0.18235064427957828 0.7231030577576444 0.03826630222569309 0.04567761419403549
0 0.28133541585318234 0.6828992072480181 0.04490433424443577 0.03926009815024538
0 0.22003123779773526 0.7257455643639109 0.039437719640765326 0.03661759154397886
0 0.25263568918391255 0.7368818422046055 0.037485357282311595 0.03397508493771234
0 0.29207340882467786 0.7191392978482446 0.018742678641155797 0.020385050962627407
0 0.3151112846544319 0.712155530388826 0.02420929324482624 0.03284258210645526
0 0.3365872705974229 0.6998867497168743 0.02342834830144475 0.032465081162702907
0 0.20870753611870363 0.762551906379766 0.03709488481062085 0.03775009437523594
0 0.2370167903162827 0.7801057002642506 0.03358063256540414 0.038127595318988294
0 0.2846544318625537 0.7702906757266893 0.026552128074970715 0.028312570781426953
0 0.19133151112846544 0.8355983389958475 0.03436157750878563 0.03284258210645526
0 0.2643498633346349 0.807852019630049 0.02342834830144475 0.05738014345035863
0 0.19133151112846544 0.8799546998867497 0.04139008199921906 0.03322008305020763
0 0.23662631784459195 0.8941109852774632 0.031237797735259663 0.02982257455643639
0 0.3153065208902772 0.7842582106455266 0.02616165560327997 0.026802567006417515
0 0.3594299101913315 0.7106455266138165 0.01679031628270207 0.015477538693846734
0 0.361772745021476 0.7357493393733484 0.03162827020695041 0.031710079275198186
0 0.39027723545490045 0.7399018497546244 0.03631393986723936 0.032465081162702907
0 0.39828192112456073 0.7704794261985655 0.03436157750878563 0.027935069837674593
0 0.41311987504880904 0.7525481313703284 0.026552128074970715 0.026802567006417515
0 0.40511518937914875 0.7916194790486977 0.039437719640765326 0.0362400906002265
0 0.4172198360015619 0.8137032842582106 0.03084732526356892 0.02982257455643639
0 0.2977352596641937 0.8323895809739524 0.04334244435767278 0.0362400906002265
0 0.35318235064427955 0.8154020385050963 0.06130417805544709 0.051340128350320875
3 0.30788754392815304 0.8935447338618346 0.016009371339320577 0.012835032087580219
0 0.3379539242483405 0.8954322385805965 0.032409215150331905 0.03775009437523594
0 0.40960562280359236 0.8595696489241224 0.03279968762202265 0.03020007550018875
0 0.35064427957828975 0.9362023405058513 0.04451386177274502 0.03926009815024538
0 0.3809058961343225 0.950736126840317 0.058961343225302616 0.04190260475651189
0 0.407848496680984 0.8871272178180446 0.03709488481062085 0.027935069837674593
0 0.4185864896524795 0.9211023027557569 0.05232331120655994 0.04077010192525481
0 0.46231940648184305 0.8880709701774254 0.05310425614994143 0.03586258965647414
3 0.38559156579461146 0.8924122310305775 0.012885591565794611 0.011325028312570781
