0 0.140321914981428 0.18407196138657306 0.014032191498142799 0.014480035103115402
0 0.1425918283120099 0.20337867485739358 0.017746595130004126 0.028521281263712155
0 0.14341725134131242 0.2448442299254059 0.049112670243499794 0.04914436156208864
0 0.046017333883615355 0.5195261079420799 0.02352455633512175 0.035103115401491886
0 0.0695418902187371 0.6004826678367705 0.029302517540239374 0.05397103992979377
0 0.08027238959966983 0.6476524791575252 0.03095336359884441 0.04914436156208864
0 0.06355757325629385 0.7193944712593243 0.023937267849773007 0.06186924089512944
0 0.12855963681386712 0.6625713032031593 0.03425505571605448 0.05704256252742431
0 0.30705736690053653 0.9177270732777534 0.03549319026000825 0.04256252742430891
0 0.29178704085843993 0.8775778850372971 0.028064382996285598 0.041246160596752963
0 0.3041683862979777 0.8475208424747697 0.037969459347915804 0.03203159280386134
0 0.3132480396203054 0.8317244405440983 0.02723895996698308 0.02413339183852567
0 0.341312422616591 0.8411584028082493 0.0330169211721007 0.028960070206230804
0 0.359678085018572 0.822071083808688 0.03425505571605448 0.025888547608600262
0 0.3751547668179942 0.8104431768319439 0.014032191498142799 0.01491882404563405
0 0.3431696244325217 0.7854322071083809 0.03755674783326455 0.02457218078104432
0 0.3933140734626496 0.7920140412461606 0.041271151465125874 0.0298376480912681
0 0.25113495666529095 0.6702501096972356 0.028477094510936857 0.03290917068889864
0 0.2820883202641354 0.6849495392716104 0.01939744118860916 0.031592803861342694
0 0.2886917044985555 0.6562088635366389 0.028477094510936857 0.025888547608600262
0 0.31345439537763103 0.6599385695480474 0.02269913330581923 0.028082492321193506
0 0.27837391663227407 0.6160596752961826 0.03095336359884441 0.028082492321193506
0 0.24122988031366074 0.5640631856077227 0.02269913330581923 0.03378674857393594
0 0.2554684275691292 0.5903905221588416 0.015683037556747832 0.027643703378674857
0 0.28126289723483283 0.5673541026766126 0.02269913330581923 0.03422553751645459
0 0.2752785802723896 0.5381746379991225 0.020635575732562937 0.022378236068451074
0 0.22348328518365662 0.5274243089074155 0.028477094510936857 0.028960070206230804
0 0.24061081304168386 0.49627029398859146 0.03219149814279818 0.03334795963141729
4 0.19541890218737104 0.49978060552874065 0.009492364836978951 0.013163668275559455
0 0.45253817581510525 0.045414655550680125 0.02352455633512175 0.031154014918824045
0 0.43871234007428805 0.07876261518209741 0.020635575732562937 0.031154014918824045
0 0.5 0.04673102237823607 0.021873710276516713 0.03290917068889864
0 0.45336359884440774 0.14677490127248793 0.02765167148163434 0.029398859148749453
0 0.5262071811803549 0.08512505484861782 0.025588113908378042 0.02457218078104432
0 0.5245563351217499 0.10465116279069768 0.024762690879075525 0.02150065818341378
0 0.555096987205943 0.07525230364194822 0.02311184482047049 0.028521281263712155
0 0.5555096987205943 0.10684510750329092 0.01981015270326042 0.028521281263712155
0 0.5843995047461824 0.09082931110136025 0.029715229054890633 0.03334795963141729
0 0.6167973586463062 0.10838086880210619 0.03095336359884441 0.02720491443615621
0 0.5707800247626909 0.13887670030715227 0.029715229054890633 0.023255813953488372
0 0.6293850598431696 0.1419482229047828 0.024762690879075525 0.03466432645897324
0 0.5156830375567478 0.19591926283457656 0.03673132480396203 0.036419482229047825
0 0.5705736690053652 0.1845107503290917 0.026826248452331822 0.03290917068889864
0 0.603590590177466 0.18143922773146118 0.026826248452331822 0.03290917068889864
0 0.5932728023111845 0.2079859587538394 0.02269913330581923 0.03334795963141729
0 0.6442426743706149 0.18670469504168494 0.020635575732562937 0.028521281263712155
0 0.4302517540239373 0.468187801667398 0.028477094510936857 0.028960070206230804
0 0.45522080066033843 0.48310662571303203 0.029715229054890633 0.0298376480912681
0 0.4636813867106892 0.4354980254497587 0.04416013206768469 0.03905221588415972
0 0.4857614527445316 0.4627029398859149 0.028889806025588115 0.029398859148749453
0 0.4977300866694181 0.40829311101360244 0.02311184482047049 0.022378236068451074
0 0.5210482872472142 0.45524352786309785 0.0260008254230293 0.03905221588415972
0 0.567891044160132 0.5785432207108381 0.02723895996698308 0.03290917068889864
0 0.5858439950474619 0.6215445370776657 0.03425505571605448 0.03466432645897324
0 0.6048287247214197 0.5004387889425187 0.03012794056954189 0.036419482229047825
0 0.6632274040445728 0.5304958315050461 0.024762690879075525 0.02632733655111891
0 0.6543541064795708 0.38591487494515136 0.03425505571605448 0.028521281263712155
0 0.70491126702435 0.4131197893813076 0.02311184482047049 0.028521281263712155
0 0.719356170037144 0.3885476086002633 0.03962030540652084 0.023255813953488372
0 0.671481634337598 0.47038174637999125 0.020635575732562937 0.030715225976305396
0 0.7078002476269087 0.4646774901272488 0.034667767230705734 0.03334795963141729
0 0.7329756500206356 0.4464677490127249 0.025588113908378042 0.022378236068451074
0 0.7371027651671481 0.49122422114962705 0.01981015270326042 0.030276437033786747
0 0.8037556747833264 0.6186924089512944 0.049112670243499794 0.06494076349275998
0 0.8415187783739166 0.7250987275120667 0.01981015270326042 0.031154014918824045
0 0.870821295914156 0.8244844229925405 0.029715229054890633 0.035980693286529176
4 0.8349153941394964 0.7639315489249671 0.007428807263722658 0.008775778850372971
0 0.8072637226578622 0.9721369021500659 0.03962030540652084 0.04168494953927161
0 0.9457284358233595 0.975647213690215 0.05984316962443252 0.0451952610794208
9 0.908171687990095 0.7106186924089513 0.03838217086256707 0.03905221588415972
2 0.9271564176640529 0.766564282580079 0.009492364836978951 0.014041246160596753
2 0.9180767643417251 0.7472575691092584 0.005365249690466364 0.009653356735410267
