8 0.8067538126361655 0.06373471307619943 0.046623093681917215 0.12652869238005646
8 0.8305010893246187 0.20672624647224835 0.048801742919389976 0.1425211665098777
8 0.85119825708061 0.3577140169332079 0.044880174291938996 0.14063969896519285
8 0.8681917211328976 0.5211665098777046 0.040522875816993466 0.13828786453433678
1 0.8736383442265795 0.44990592662276574 0.024400871459694988 0.0070555032925682035
3 0.8786492374727669 0.595719661335842 0.013507625272331155 0.010818438381937912
3 0.85359477124183 0.4341486359360301 0.012200435729847494 0.011288805268109126
3 0.8647058823529412 0.43603010348071497 0.009150326797385621 0.01881467544684854
3 0.8710239651416122 0.3819379115710254 0.009586056644880174 0.02539981185324553
3 0.8461873638344226 0.28010348071495766 0.016557734204793027 0.012699905926622766
3 0.8239651416122005 0.12605832549388524 0.01568627450980392 0.01317027281279398
