8 0.44695399917115625 0.12963693764798737 0.06340654786572732 0.018547750591949488
8 0.5105677579776212 0.13338595106550907 0.06464981351015334 0.014206787687450671
3 0.4127641939494405 0.12884767166535122 0.00663075010360547 0.009076558800315706
3 0.4616659759635309 0.1414759273875296 0.009117281392457521 0.009076558800315706
3 0.5447575631993369 0.13338595106550907 0.006216328222130129 0.006314127861089187
1 0.5006216328222131 0.1446329913180742 0.009946125155408206 0.009076558800315706
1 0.47679237463738083 0.14325177584846094 0.009531703273932863 0.0055248618784530384
3 0.3151678408619975 0.5779400157853196 0.009531703273932863 0.013812154696132596
3 0.3881060920016577 0.6673243883188634 0.007874015748031496 0.013417521704814523
3 0.4251968503937008 0.6795580110497238 0.009946125155408206 0.007892659826361484
3 0.46062992125984253 0.6468034727703236 0.009531703273932863 0.010260457774269928
3 0.9032324906755077 0.8011049723756906 0.006216328222130129 0.009471191791633781
3 0.9208454206382097 0.7571033938437254 0.00663075010360547 0.009865824782951855
3 0.9598010774968918 0.6296369376479873 0.009117281392457521 0.00749802683504341
3 0.9738914214670534 0.6031965272296764 0.005801906340654786 0.010655090765588003
3 0.9925404061334439 0.6114838200473559 0.005801906340654786 0.009865824782951855
8 0.7675093244923332 0.3790449881610103 0.08039784500621633 0.04143646408839779
8 0.8723580605055947 0.3743093922651934 0.09946125155408206 0.024861878453038673
3 0.8106092001657688 0.3731254932912392 0.004973062577704103 0.009865824782951855
3 0.7304185661002901 0.36365430149960537 0.005387484459179445 0.0122336227308603
3 0.8240779113137173 0.3711523283346488 0.0045586406962287605 0.009076558800315706
3 0.867177786987153 0.3735201262825572 0.002900953170327393 0.00749802683504341
3 0.8638624119353502 0.3841752170481452 0.00870285951098218 0.009076558800315706
3 0.8966017405719022 0.35911602209944754 0.009531703273932863 0.006314127861089187
3 0.8930791545793618 0.38950276243093923 0.0074595938665561546 0.007892659826361484
1 0.7567343555739743 0.39739542225730073 0.011603812681309573 0.006314127861089187
