0 0.15519040166927492 0.4891861126920888 0.0297339593114241 0.025611838360842343
0 0.12702138758476786 0.41291974957313604 0.02034428794992175 0.03813318155947638
0 0.10641627543035993 0.33494593056346045 0.02190923317683881 0.015367103016505406
4 0.564945226917058 0.47125782583949916 0.014606155451225874 0.01593625498007968
0 0.5970266040688575 0.18838929994308481 0.037037037037037035 0.01707455890722823
3 0.5816379760041732 0.20774046670461013 0.011476264997391758 0.013659647125782584
0 0.6335419926969222 0.20347182697780308 0.028690662493479395 0.024473534433693798
0 0.6664058424621805 0.19635742743312465 0.03286384976525822 0.029595902105862264
3 0.6353677621283255 0.18554354012521343 0.011476264997391758 0.010244735344336939
0 0.6872717788210746 0.12066021627774616 0.03599374021909233 0.05805350028457598
0 0.711528429838289 0.16391576550939102 0.0406885758998435 0.0421172453044963
0 0.8004694835680751 0.14228799089356858 0.048513302034428794 0.048947068867387596
0 0.8252477829942618 0.2922595332953899 0.056338028169014086 0.043824701195219126
0 0.7790818988002086 0.5959021058622652 0.056859676577986434 0.0398406374501992
0 0.514866979655712 0.8235628912919749 0.02608242044861763 0.0443938531587934
0 0.5195618153364632 0.916903813318156 0.02608242044861763 0.045532157085941945
0 0.5448617631716224 0.8181559476380194 0.028690662493479395 0.04610130904951622
0 0.5412102243088158 0.8673875924871941 0.028690662493479395 0.04780876494023904
0 0.5748565466875326 0.815310187820148 0.028169014084507043 0.025611838360842343
0 0.5889410537297861 0.8540125213431986 0.03338549817423057 0.040409789413773475
0 0.6189358372456965 0.8187250996015937 0.02556077203964528 0.027888446215139442
0 0.6411058946270214 0.8244166192373363 0.038601982263954095 0.04496300512236767
