3 0.02892009361417586 0.3033051189036679 0.03644266131728519 0.041515517936316
0 0.054496823804747574 0.3347440548166062 0.027415580073553995 0.032648125755743655
0 0.019391507856904047 0.3472390165255945 0.014710799063858242 0.020556227327690448
4 0.08525576730190572 0.3343409915356711 0.007355399531929121 0.009270455461507456
0 0.2800066867268472 0.4848851269649335 0.023069207622868605 0.027408303103587262
0 0.24205951186894015 0.6370415155179363 0.03142761618187897 0.041515517936316
2 0.22734871280508193 0.5872632003224506 0.006018054162487462 0.015316404675534058
0 0.29220996322300236 0.6972994760177348 0.034770979605483116 0.03869407496977025
0 0.3737880307589435 0.7740830310358726 0.027415580073553995 0.02781136638452237
0 0.4147442326980943 0.7299476017734784 0.02574389836175192 0.026602176541717048
4 0.3759612169842862 0.805521966948811 0.007021063189568706 0.007658202337767029
0 0.33316616516215314 0.9506247480854494 0.037111334002006016 0.03184199919387344
0 0.5598462052825142 0.605602579604998 0.0297559344700769 0.022168480451430876
4 0.5924439986626546 0.6652559451833938 0.010698762955533266 0.013301088270858524
0 0.9241056502841859 0.12797259169689643 0.03142761618187897 0.03909713825070536
0 0.9518555667001003 0.19347037484885127 0.026078234704112337 0.023377670294236194
0 0.9358074222668004 0.2587666263603386 0.03343363423604146 0.03466344216041919
0 0.950852557673019 0.29604997984683595 0.0367769976596456 0.0471584038694075
0 0.9309595453025744 0.3135832325675131 0.021731862253426947 0.030632809351068116
0 0.9490137077900368 0.3385731559854897 0.023737880307589436 0.02902055622732769
0 0.9874623871614845 0.23478436114469972 0.023737880307589436 0.029423619508262798
0 0.7748244734202607 0.31781539701733175 0.037111334002006016 0.03184199919387344
0 0.8254764292878636 0.3681983071342201 0.024072216649949848 0.03667875856509472
0 0.8542293547308593 0.3927851672712616 0.043463724506853894 0.032648125755743655
0 0.8639251086593113 0.356509471987102 0.03744567034436643 0.03829101168883515
0 0.8906720160481444 0.3827085852478839 0.026078234704112337 0.032648125755743655
0 0.9192577733199598 0.38069326884320837 0.023069207622868605 0.021362353889560662
0 0.9630558341691742 0.38129786376461106 0.02708124373119358 0.02418379685610641
0 0.968572383818121 0.41495364772269244 0.024072216649949848 0.028617492946392584
0 0.9739217652958877 0.46694881096332125 0.019391507856904047 0.021362353889560662
4 0.9272818455366099 0.5346634421604192 0.01237044466733534 0.014107214832728738
