0 0.5192387256930079 0.012815948736205056 0.03640877120397187 0.023495906016375936
4 0.5312370707488622 0.058561765752936985 0.009102192800992967 0.007475970096119616
0 0.5422010757136947 0.09344962620149519 0.026065370293752586 0.05517977928088288
0 0.5492345883326438 0.13848344606621574 0.022755482002482418 0.026343894624421504
0 0.5961936284650393 0.15592737629049483 0.02813405047579644 0.029903880384478464
0 0.604054613156806 0.17782128871484515 0.0215142738932561 0.025987896048415806
0 0.5703351261894911 0.22303310786756853 0.033512618949110465 0.043787824848700606
0 0.4898634671079851 0.43556425774296903 0.007447248655357882 0.007475970096119616
0 0.5151013653289201 0.44927020291918834 0.033098882912701695 0.026343894624421504
0 0.5997103847745139 0.37807048771804913 0.030202730657840297 0.01423994304022784
0 0.7112122465866777 0.3526165895336419 0.024824162184526273 0.023139907440370238
0 0.7099710384774514 0.3757564969740121 0.03144393876706661 0.025987896048415806
0 0.6619776582540339 0.37522249911000355 0.03889118742242449 0.044143823424706304
0 0.6801820438560199 0.40494838020647916 0.03475382705833678 0.03310786756852972
0 0.6532892014894497 0.4079743681025276 0.033098882912701695 0.027055891776432896
0 0.6756309474555233 0.43431826272694907 0.03640877120397187 0.026343894624421504
0 0.5767480347538271 0.3976504093983624 0.018204385601985933 0.016375934496262016
0 0.5699213901530823 0.4147383410466358 0.030202730657840297 0.022071911712353152
4 0.46193628465039305 0.43592025631897474 0.009515928837401738 0.0088999644001424
0 0.5968142325196525 0.4325382698469206 0.04426975589573852 0.0355998576005696
0 0.5961936284650393 0.4517621929512282 0.019031857674803476 0.014951940192239232
0 0.6348779478692594 0.4487362050551798 0.03103020273065784 0.02029191883232467
0 0.7287960281340504 0.4076183695265219 0.02772031443938767 0.022783908864364544
0 0.7451386015721969 0.4248843004627981 0.026479106330161355 0.019579921680313278
0 0.7794786925941249 0.44499822000711997 0.03971865949524204 0.027767888928444288
0 0.8007860984691767 0.4619081523673905 0.022755482002482418 0.015307938768244928
0 0.6630119983450559 0.4706301174795301 0.03103020273065784 0.027767888928444288
0 0.6913529168390566 0.48860804556781773 0.0430285477865122 0.03310786756852972
0 0.5372362432767894 0.4784620861516554 0.031857674803475386 0.03631185475258099
0 0.5734381464625569 0.4716981132075472 0.03558129913115432 0.024207903168387328
0 0.46503930492345885 0.49946600213599146 0.032271410839884156 0.027767888928444288
0 0.44724865535788166 0.5283018867924528 0.03558129913115432 0.02847988608045568
0 0.40856433595366154 0.5430758276966892 0.03516756309474555 0.03310786756852972
0 0.3158874637980968 0.5728017087931648 0.033512618949110465 0.02491990032039872
0 0.3134050475796442 0.597187611249555 0.02689284236657013 0.01673193307226771
0 0.38725693007860984 0.5637237451050195 0.028961522548613984 0.023139907440370238
0 0.36429458005792303 0.5758276966892133 0.03103020273065784 0.028123887504449982
3 0.3485726106743897 0.587753648985404 0.01034340091021928 0.008543965824136704
4 0.5653702937525859 0.502313990744037 0.011998345055854365 0.009255962976148096
0 0.5159288374017377 0.535243859024564 0.032271410839884156 0.030259878960484158
0 0.44207695490277205 0.5708437166251334 0.03434009102192801 0.030259878960484158
0 0.42035581299131153 0.5945176219295123 0.03392635498551924 0.025631897472410112
0 0.3949110467521721 0.6267354930580278 0.036822507240380636 0.031683873264506945
0 0.41249482829954487 0.6550373798504806 0.03971865949524204 0.02491990032039872
0 0.2474141497724452 0.72249911000356 0.015721969383533305 0.025987896048415806
0 0.27637567232105914 0.7232111071555714 0.011584609019445594 0.021003915984336062
0 0.2598262308647083 0.7427910288358847 0.04468349193214729 0.016019935920256318
0 0.3030616466694249 0.7472410110359559 0.04013239553165081 0.051263794944820223
0 0.3316094331816301 0.7431470274118903 0.016135705419942078 0.011747953008187968
4 0.4236657012825817 0.8435386258454967 0.009102192800992967 0.0088999644001424
0 0.4795200661977658 0.7159131363474546 0.029788994621431527 0.026343894624421504
0 0.5353744311129499 0.7413670345318619 0.0273065784029789 0.025275898896404414
0 0.47517583781547373 0.7602349590601638 0.03516756309474555 0.03097187611249555
3 0.5194455937112122 0.8050907796368815 0.06081919735208937 0.0715557137771449
0 0.595986760446835 0.5277678889284443 0.04840711625982623 0.025987896048415806
0 0.6650806785270997 0.5334638661445354 0.04344228382292098 0.02385190459238163
0 0.6568059577989243 0.587753648985404 0.026065370293752586 0.019935920256318976
0 0.6514273893256103 0.6114275542897828 0.031857674803475386 0.02385190459238163
0 0.7596193628465039 0.5370238519045923 0.01737691352916839 0.019579921680313278
0 0.7813405047579645 0.5774296902812389 0.03103020273065784 0.027055891776432896
0 0.7304509722796856 0.6349234603061588 0.031857674803475386 0.028123887504449982
0 0.7618949110467522 0.661623353506586 0.03434009102192801 0.026699893200427198
0 0.8071990070335127 0.6589533641865433 0.03061646669424907 0.019935920256318976
0 0.8342987174182871 0.6715913136347454 0.031857674803475386 0.021715913136347454
3 0.743069921390153 0.7230331078675686 0.022341745966073644 0.01423994304022784
0 0.6431526685974348 0.9108223567105732 0.030202730657840297 0.021715913136347454
0 0.09412494828299545 0.370060519757921 0.032685146876292925 0.023139907440370238
0 0.15163425734381464 0.3907084371662513 0.045924700041373605 0.03097187611249555
0 0.11688043028547787 0.40067639729441085 0.04095986760446835 0.034531861872552506
0 0.09433181630119983 0.4174083303666785 0.032271410839884156 0.026699893200427198
4 0.7654116673562267 0.10430758276966892 0.01075713694662805 0.009967960128159488
