4 0.33234180638182803 0.07848266841072596 0.014602487831260141 0.017004578155657292
0 0.29475392103839915 0.17331589274035317 0.04434829637641969 0.04316546762589928
3 0.4602487831260141 0.631458469587966 0.0335316387236344 0.03858731196860693
0 0.7944835045970795 0.43067364290385873 0.055164954029204974 0.05428384565075212
0 0.7961060032449973 0.4895356442119032 0.04542996214169821 0.04905166775670373
0 0.8355868036776636 0.4950948332243296 0.03677663601946998 0.03662524525833878
0 0.7850189291508923 0.5444735120994114 0.05029745808545159 0.04905166775670373
0 0.7574364521362899 0.6213211249182472 0.051379123850730124 0.061478090255068674
0 0.7563547863710114 0.7043819489862655 0.04813412655489454 0.02877697841726619
0 0.8804759329367225 0.6154349247874428 0.05083829096809086 0.03924133420536298
0 0.8647917793401839 0.6559843034663179 0.04326663061114116 0.034009156311314584
0 0.8404542996214169 0.7282537606278614 0.03569497025419145 0.04251144538914323
0 0.8707409410492158 0.738064094179202 0.01838831800973499 0.026814911706998037
0 0.8353163872363439 0.8338783518639634 0.04056246619794483 0.053629823413996074
0 0.9099513250405624 0.815565729234794 0.04488912925905895 0.04970568999345978
0 0.8777717685235262 0.8754087638979725 0.056246619794483504 0.04643557880967953
0 0.848566792861006 0.9277305428384565 0.05191995673336939 0.04774362328319163
0 0.8937263385613845 0.9257684761281884 0.03948080043266631 0.050359712230215826
0 0.9342888047593294 0.8907782864617397 0.020010816657652784 0.015696533682145193
4 0.9045429962141698 0.6415958142576847 0.009194159004867496 0.013080444735120994
