0 0.5971682398667407 0.24529822675980656 0.017212659633536923 0.027404621171413217
0 0.606329816768462 0.26840408382590003 0.01665741254858412 0.014508328855454057
0 0.5749583564686286 0.2890918860827512 0.04053303720155469 0.05051047823750672
0 0.6071626873958912 0.3197205803331542 0.029428095502498614 0.022568511552928532
0 0.505552470849528 0.31004836109618483 0.027207107162687396 0.024717893605588393
0 0.4866740699611327 0.3694250403009135 0.02498611882287618 0.02095647501343364
3 0.47834536368684066 0.32858678130037616 0.044975013881177126 0.055346587855991405
0 0.5099944475291505 0.5843632455668996 0.05052748473070516 0.053197205803331545
0 0.575235980011105 0.6399785061794734 0.036646307606885066 0.032240730789897906
0 0.5719044975013882 0.7791509940891993 0.05774569683509161 0.037614185921547555
0 0.5635757912270961 0.7272971520687802 0.0555247084952804 0.04030091348737238
0 0.5999444752915047 0.6990865126276196 0.054969461410327596 0.05051047823750672
0 0.6579677956690727 0.7047286405158517 0.0555247084952804 0.05642127888232133
0 0.647140477512493 0.7536270822138635 0.02609661299278179 0.02095647501343364
