8 0.6260199456029012 0.2106537530266344 0.09066183136899365 0.17675544794188863
8 0.7017225747960109 0.38680387409200967 0.08884859474161379 0.17796610169491525
8 0.7708522212148685 0.5556900726392252 0.08114233907524931 0.15617433414043583
8 0.8406618313689936 0.7291162227602905 0.10290117860380779 0.18462469733656175
8 0.9190843155031732 0.9119249394673123 0.08567543064369901 0.16646489104116222
1 0.8252493200362647 0.8286924939467313 0.020398912058023574 0.048426150121065374
1 0.8232094288304623 0.7161016949152542 0.016319129646418858 0.039951573849878935
3 0.9190843155031732 0.8580508474576272 0.012239347234814143 0.017554479418886198
3 0.8912058023572076 0.8238498789346247 0.014505893019038985 0.021791767554479417
3 0.8653671804170444 0.7245762711864406 0.015412511332728921 0.021791767554479417
3 0.8322756119673618 0.6516343825665859 0.009066183136899365 0.012711864406779662
3 0.8220761559383499 0.6522397094430993 0.008612873980054397 0.01513317191283293
3 0.8100634632819583 0.6280266343825666 0.015412511332728921 0.022397094430992737
3 0.7787851314596554 0.6165254237288136 0.019038984587488667 0.038135593220338986
3 0.7713055303717135 0.5045399515738499 0.012239347234814143 0.017554479418886198
3 0.7466001813236628 0.4721549636803874 0.01813236627379873 0.023002421307506054
3 0.7422937443336355 0.4325060532687651 0.012239347234814143 0.0211864406779661
3 0.671350861287398 0.29539951573849876 0.019038984587488667 0.025423728813559324
8 0.7205349048050771 0.053268765133171914 0.06754306436990028 0.09806295399515738
8 0.5732094288304623 0.07233656174334141 0.012239347234814143 0.019975786924939468
