0 0.4801113762927605 0.09940652818991098 0.023070803500397773 0.025519287833827894
0 0.3130469371519491 0.18160237388724035 0.026252983293556086 0.020178041543026708
0 0.3460620525059666 0.21038575667655787 0.03659506762132061 0.032640949554896145
0 0.4033412887828162 0.20356083086053411 0.027048528241845664 0.022551928783382788
0 0.36793953858392997 0.2397626112759644 0.04375497215592681 0.03323442136498516
0 0.35123309466984887 0.2691394658753709 0.031026252983293555 0.025519287833827894
0 0.3134447096260939 0.32908011869436204 0.031821797931583136 0.0599406528189911
0 0.34725536992840095 0.29851632047477744 0.026252983293556086 0.024925816023738872
0 0.37589498806682575 0.30474777448071216 0.021479713603818614 0.027893175074183978
0 0.3564041368337311 0.35281899109792286 0.020684168655529037 0.025519287833827894
0 0.4327764518695306 0.44510385756676557 0.030230708035003977 0.03798219584569733
0 0.2760540970564837 0.5412462908011869 0.027048528241845664 0.024925816023738872
0 0.28082736674622116 0.5916913946587538 0.027048528241845664 0.018991097922848664
0 0.25019888623707237 0.6204747774480712 0.021479713603818614 0.02433234421364985
0 0.31702466189339695 0.627893175074184 0.02784407319013524 0.018991097922848664
0 0.3233890214797136 0.6516320474777448 0.023070803500397773 0.020178041543026708
0 0.3237867939538584 0.6729970326409496 0.028639618138424822 0.021364985163204748
0 0.28957836117740654 0.6836795252225519 0.028639618138424822 0.024925816023738872
0 0.25059665871121717 0.684272997032641 0.03341288782816229 0.022551928783382788
0 0.2533810660302307 0.7053412462908012 0.03739061256961018 0.017210682492581602
0 0.2840095465393795 0.7089020771513354 0.02545743834526651 0.019584569732937686
0 0.2840095465393795 0.7593471810089021 0.03977724741447892 0.025519287833827894
0 0.2537788385043755 0.7931750741839763 0.02545743834526651 0.020771513353115726
0 0.543357199681782 0.7848664688427299 0.05250596658711217 0.039762611275964393
0 0.5898965791567223 0.813946587537092 0.0294351630867144 0.026706231454005934
0 0.6507557677008751 0.8816023738872404 0.03977724741447892 0.039762611275964393
0 0.9160700079554495 0.33086053412462907 0.0294351630867144 0.032640949554896145
0 0.837708830548926 0.3317507418397626 0.02386634844868735 0.022551928783382788
0 0.8031026252983293 0.3483679525222552 0.024661893396976928 0.022551928783382788
0 0.8516308671439936 0.36053412462908013 0.024661893396976928 0.020771513353115726
0 0.7653142402545744 0.4029673590504451 0.022275258552108195 0.013056379821958458
0 0.6610978520286396 0.4198813056379822 0.03977724741447892 0.020771513353115726
0 0.6229116945107399 0.4537091988130564 0.031821797931583136 0.02433234421364985
0 0.6630867143993636 0.4406528189910979 0.02784407319013524 0.017210682492581602
0 0.7553699284009546 0.4676557863501484 0.03739061256961018 0.022551928783382788
0 0.7171837708830548 0.4940652818991098 0.031026252983293555 0.0314540059347181
0 0.6595067621320605 0.46973293768545993 0.031821797931583136 0.02195845697329377
0 0.6388225934765315 0.5222551928783383 0.10819411296738266 0.08545994065281899
