0 0.8181360201511335 0.1396271320904403 0.03425692695214106 0.03649345497818326
0 0.6942065491183879 0.17850059500198334 0.05138539042821159 0.04601348671162237
0 0.5430730478589421 0.16620388734629116 0.036272040302267 0.028560095200317333
0 0.6403022670025189 0.21063070210234033 0.03929471032745592 0.03649345497818326
0 0.4748110831234257 0.24295914319714398 0.0508816120906801 0.024196747322491077
0 0.5272040302267003 0.33062276874256247 0.05289672544080604 0.02261007536691789
0 0.4836272040302267 0.3571995239984133 0.03727959697732997 0.036890122967076555
0 0.5294710327455919 0.35997619992066643 0.03929471032745592 0.03768345894486315
0 0.5017632241813602 0.4343514478381595 0.04332493702770781 0.03887346291154304
0 0.49974811083123427 0.4716382387941293 0.03828715365239295 0.0317334391114637
0 0.47002518891687656 0.4829432764775883 0.02115869017632242 0.014676715589051963
3 0.45289672544080606 0.44823482744942483 0.029219143576826197 0.02380007933359778
0 0.4428211586901763 0.5017850059500198 0.03425692695214106 0.03570011900039667
0 0.4146095717884131 0.5113050376834589 0.023173803526448364 0.020626735422451407
3 0.5191435768261965 0.5257834192780643 0.022670025188916875 0.013883379611265371
3 0.4801007556675063 0.5739785799285998 0.02115869017632242 0.016660055533518445
0 0.5115869017632242 0.5491868306227687 0.038790931989924435 0.032130107100357
0 0.48564231738035263 0.5604918683062277 0.029219143576826197 0.021420071400238
3 0.3929471032745592 0.568226894089647 0.01712846347607053 0.014676715589051963
0 0.41435768261964734 0.5759619198730662 0.030730478589420653 0.02459341531138437
0 0.3415617128463476 0.621777072590242 0.0473551637279597 0.03451011503371678
0 0.4068010075566751 0.6408171360571202 0.021662468513853905 0.032130107100357
0 0.3158690176322418 0.702895676318921 0.05239294710327456 0.026180087266957558
0 0.24080604534005037 0.22471241570805237 0.030226700251889168 0.02578341927806426
