5 0.02703690171720862 0.4714213454729388 0.029959810010960906 0.054628224582701064
5 0.010960906101571063 0.5918057663125948 0.020460358056265986 0.036418816388467376
4 0.1534526854219949 0.6355589276681841 0.011691633175009134 0.017703591299949417
0 0.30745341614906835 0.7018209408194234 0.021556448666423093 0.03692463328275165
4 0.4440993788819876 0.5930703085483056 0.0113262696382901 0.018715225088517955
0 0.676105224698575 0.2701062215477997 0.0288637194008038 0.04046535154274153
0 0.5685056631348191 0.4365199797673242 0.028498355864084765 0.04350025290844714
0 0.6479722323712094 0.36064744562468387 0.02959444647424187 0.041476985331310064
0 0.5948118377785897 0.49671219018715224 0.029229082937522834 0.03743045017703591
0 0.6777493606138107 0.4744562468386444 0.021921812203142127 0.019221041982802226
9 0.7484472049689441 0.42134547293879615 0.058823529411764705 0.06676783004552352
0 0.7369382535622945 0.48937784522003036 0.023383266350018268 0.024785027819929185
0 0.8107416879795396 0.44309559939301973 0.027767628790646693 0.04451188669701568
0 0.880708805261235 0.592058674759737 0.04713189623675557 0.058168942842690946
0 0.9539641943734015 0.5442589782498736 0.034344172451589335 0.048558421851289835
4 0.917793204238217 0.6423874557410217 0.01680672268907563 0.02225594334850784
4 0.9718670076726342 0.5756196256954982 0.018268176835951774 0.026302478502781994
5 0.9568871026671538 0.048558421851289835 0.037267080745341616 0.05058168942842691
0 0.5096821337230545 0.6416287303995953 0.031421264157837046 0.029843196762771876
0 0.42309097552064306 0.7741527567020738 0.013883814395323347 0.032878098128477494
0 0.4866642309097552 0.7473444613050075 0.02703690171720862 0.03894790085988872
0 0.5339788089148703 0.7713707637835103 0.03544026306174644 0.03743045017703591
0 0.5217391304347826 0.8216995447647951 0.02411399342345634 0.04501770359129995
0 0.4888564121300694 0.8732928679817906 0.028498355864084765 0.048052604957005564
0 0.5135184508586043 0.9031360647445624 0.025210084033613446 0.03692463328275165
4 0.5332480818414322 0.9499241274658573 0.010595542564852027 0.01719777440566515
4 0.44556083302886373 0.6813353566009105 0.01278772378516624 0.01719777440566515
0 0.4061015710632079 0.6965098634294385 0.031055900621118012 0.06069802731411229
0 0.5611983924004385 0.3866970156803237 0.02557544757033248 0.0278199291856348
0 0.535988308366825 0.9129994941831057 0.005115089514066497 0.009104704097116844
0 0.5339788089148703 0.9274152756702074 0.006211180124223602 0.009610520991401113
