0 0.13034518289541475 0.5336454066705676 0.04121586810922205 0.04798127559976594
0 0.10793405461102525 0.5737273259215916 0.018031942297784646 0.021650087770626096
0 0.27563111798042245 0.9531889994148625 0.02369912416280268 0.029256875365710942
0 0.3073158165893869 0.9581626682270333 0.03967027305512622 0.052077238150965474
0 0.5947964966512107 0.30017554125219426 0.04688304997424008 0.0526623756582797
0 0.5133951571354972 0.47922761849034523 0.025244719216898505 0.03393797542422469
0 0.5525502318392581 0.5005851375073143 0.04894384337970119 0.05675833820947923
0 0.7436888201957754 0.5102399063779989 0.04070066975785677 0.03978935049736688
0 0.8614116434827409 0.4537741369221767 0.01854714064914992 0.018139262726740785
0 0.8732612055641422 0.4803978935049737 0.029881504379185988 0.04330017554125219
0 0.8518804739824832 0.5242832065535401 0.013910355486862442 0.014043300175541252
0 0.7148377125193199 0.6006436512580456 0.02215352910870685 0.033352837916910474
0 0.7413704276146317 0.5863077823288473 0.0381246780010304 0.03861907548273844
0 0.8160741885625966 0.6190754827384435 0.04636785162287481 0.03510825043885313
0 0.7011849562081401 0.6796372147454652 0.03606388459556929 0.0403744880046811
5 0.3884595569294178 0.06582796957284962 0.010303967027305513 0.008777062609713282
5 0.45131375579598143 0.2361029842012873 0.00824317362184441 0.011117612638970159
5 0.5906749098402885 0.478642480983031 0.0077279752704791345 0.008191925102399064
5 0.6743946419371458 0.6255119953188999 0.010303967027305513 0.010532475131655939
5 0.744719216898506 0.6878291398478642 0.009788768675940238 0.011117612638970159
