0 0.3165137614678899 0.37653598595669985 0.045871559633027525 0.05090696313633704
0 0.8211009174311926 0.2712112346401404 0.0652995143011333 0.08016383850204799
0 0.9635725849973017 0.34523112931538913 0.05558553696708041 0.049151550614394385
0 0.8453858607663248 0.3329432416617905 0.07069616837560712 0.07489760093622001
0 0.875876956287102 0.37448800468110005 0.0528872099298435 0.046811000585137506
0 0.6114409066378845 0.4724985371562317 0.05504587155963303 0.06377998829724986
0 0.8515920129519697 0.47659449970743123 0.060442525634106854 0.06143943826799298
0 0.6813275769023206 0.44880046811000585 0.019967620075553156 0.03510825043885313
0 0.6772800863464652 0.49268578115857226 0.03130059363194819 0.04095962551199532
0 0.7188343227199137 0.4836161497952019 0.04317323259579061 0.07197191339964892
0 0.6745817593092283 0.5538326506729081 0.03669724770642202 0.0684610883557636
0 0.5461413923367512 0.6205383265067291 0.06475984889368591 0.07314218841427736
0 0.820831084727469 0.5450555880631949 0.05612520237452779 0.06377998829724986
0 0.7636265515380464 0.601813926272674 0.050728548300053966 0.0684610883557636
0 0.7460874257960065 0.655061439438268 0.04371289800323799 0.05090696313633704
0 0.6716135995682677 0.6679344645991808 0.04155423637344846 0.05558806319485079
0 0.7088505126821371 0.6939730836746636 0.062061521856449 0.06319485078993564
0 0.8518618456556935 0.6796372147454652 0.04371289800323799 0.0590988882387361
0 0.7606583917970858 0.8358689291983616 0.07933081489476525 0.09537741369221767
0 0.8613059902860226 0.7963721474546518 0.03345925526173772 0.056173200702165006
0 0.923907177549919 0.9019894675248683 0.050728548300053966 0.06377998829724986
2 0.6430113329735564 0.7334698654183733 0.022126281705342688 0.012287887653598596
2 0.6788990825688074 0.7615564657694558 0.010793308148947653 0.018139262726740785
2 0.6996762007555316 0.796957284961966 0.01672962763086886 0.022235225277940317
2 0.7514840798704803 0.8695143358689292 0.011332973556395036 0.017554125219426564
