1 0.09329920893438809 0.05981669078630005 0.009771986970684038 0.012542209358417752
3 0.08189855746859004 0.09816690786300049 0.01582131223825035 0.017848528702363725
3 0.055141926477431366 0.17824409068982153 0.015355979525360632 0.02363724071394115
1 0.04676593764541647 0.23613121080559576 0.01907864122847836 0.015918958031837915
1 0.0821312238250349 0.2272069464544139 0.010702652396463471 0.008683068017366137
3 0.04048394602140531 0.2812349252291365 0.01582131223825035 0.01929570670525808
1 0.020241973010702654 0.34105161601543654 0.023731968357375524 0.010612638687891944
3 0.17961842717543045 0.3721659430776652 0.023266635644485806 0.020742884708152436
3 0.3120055839925547 0.41582247949831164 0.016286644951140065 0.018330921369995177
3 0.3864588180549093 0.5479980704293295 0.015355979525360632 0.02219006271104679
3 0.42996742671009774 0.6596719729860107 0.02047463936714751 0.01881331403762663
3 0.41577477896696136 0.7122527737578389 0.01907864122847836 0.01881331403762663
1 0.4616100511865984 0.7223830197780994 0.00837598883201489 0.02363724071394115
3 0.4904606793857608 0.8195851423058369 0.017682643089809214 0.018330921369995177
3 0.5449046067938577 0.9271587071876507 0.01675197766402978 0.01929570670525808
3 0.5856212191717077 0.9527255185721177 0.0172173103769195 0.015436565364206465
3 0.7063750581665891 0.8550410033767487 0.00837598883201489 0.01881331403762663
3 0.6935784085621219 0.728895320791124 0.016286644951140065 0.02219006271104679
0 0.6975337366216845 0.6874095513748191 0.01209865053513262 0.020260492040520984
1 0.6973010702652397 0.620598166907863 0.012563983248022336 0.025566811384466957
0 0.6200558399255468 0.5238784370477568 0.045137273150302464 0.039556198745779064
0 0.5853885528152629 0.5492040520984081 0.042810609585853886 0.03328509406657019
