0 0.10735694822888284 0.05186721991701245 0.030517711171662125 0.0318118948824343
0 0.23678474114441417 0.11549100968188106 0.038692098092643054 0.028123559243891195
0 0.24250681198910082 0.1376210235131397 0.025068119891008173 0.017980636237897647
0 0.2844686648501362 0.10857538035961273 0.027247956403269755 0.027201475334255418
0 0.2449591280653951 0.15952051636698938 0.02561307901907357 0.0239741816505302
0 0.28065395095367845 0.1747349008759797 0.0326975476839237 0.04149377593360996
0 0.2771117166212534 0.20885200553250347 0.0223433242506812 0.027662517289073305
0 0.37166212534059945 0.2413554633471646 0.029427792915531336 0.041954817888427844
0 0.33705722070844685 0.30129091747349007 0.03651226158038147 0.02996772706316275
0 0.3659400544959128 0.31097279852466575 0.023433242506811988 0.02996772706316275
0 0.39346049046321524 0.30935915168280315 0.028337874659400544 0.05255878284923928
0 0.41825613079019075 0.31996311664361454 0.02779291553133515 0.03319502074688797
0 0.45177111716621254 0.32987551867219916 0.04577656675749319 0.04656523743660673
0 0.47956403269754766 0.29160903642231445 0.04795640326975477 0.0437989857076994
0 0.5430517711171662 0.5050714615029968 0.07356948228882834 0.05301982480405717
0 0.4899182561307902 0.5613185799907792 0.04250681198910082 0.03734439834024896
0 0.5065395095367847 0.5435684647302904 0.02670299727520436 0.02858460119870908
0 0.535149863760218 0.5677731673582296 0.0326975476839237 0.033656062701705854
0 0.5152588555858311 0.5885200553250346 0.02670299727520436 0.030889810972798526
0 0.5539509536784741 0.541032733978792 0.02670299727520436 0.030889810972798526
0 0.5773841961852861 0.5509451360073767 0.0223433242506812 0.02858460119870908
0 0.5861035422343325 0.5982019363762102 0.03978201634877384 0.029045643153526972
0 0.5782016348773842 0.6131857999077917 0.030517711171662125 0.02581834946980175
0 0.5686648501362398 0.6260949746426925 0.038692098092643054 0.030428769017980636
0 0.5310626702997275 0.6327800829875518 0.032152588555858314 0.02351313969571231
0 0.5613079019073569 0.6436145689257723 0.03160762942779292 0.023052097740894423
0 0.5844686648501363 0.6595205163669894 0.02561307901907357 0.021668971876440755
0 0.602724795640327 0.6295527893038266 0.033787465940054495 0.03273397879207008
0 0.620708446866485 0.6544490548639926 0.0446866485013624 0.03734439834024896
0 0.6498637602179836 0.681881051175657 0.03433242506811989 0.030428769017980636
0 0.6002724795640327 0.6788842784693407 0.012534059945504087 0.012448132780082987
0 0.6002724795640327 0.7000922083909635 0.02125340599455041 0.030889810972798526
0 0.4831062670299727 0.660903642231443 0.04087193460490463 0.033656062701705854
0 0.5059945504087193 0.6814200092208391 0.0332425068119891 0.026740433379437527
0 0.5504087193460491 0.6881051175656985 0.030517711171662125 0.025357307514983864
0 0.5667574931880109 0.7166897187644076 0.023978201634877384 0.02627939142461964
0 0.46239782016348774 0.7051636698939604 0.03978201634877384 0.022591055786076533
0 0.4950953678474114 0.7224527431996312 0.04632152588555858 0.02950668510834486
0 0.494550408719346 0.7591055786076533 0.044141689373297 0.039188566159520516
0 0.553133514986376 0.7431996311664362 0.01634877384196185 0.019363762102351315
0 0.5272479564032697 0.7879207007837713 0.0223433242506812 0.023052097740894423
0 0.6689373297002725 0.7378976486860305 0.02670299727520436 0.02351313969571231
0 0.6346049046321526 0.7000922083909635 0.02670299727520436 0.025357307514983864
0 0.6247956403269754 0.7773167358229599 0.03978201634877384 0.04702627939142462
0 0.647683923705722 0.8045182111572153 0.02997275204359673 0.019363762102351315
0 0.6841961852861036 0.8144306131857999 0.045231607629427795 0.027201475334255418
0 0.7087193460490463 0.7745504840940526 0.044141689373297 0.01751959428307976
0 0.7651226158038147 0.7957584140156754 0.07302452316076294 0.0516366989396035
0 0.7604904632152588 0.7491931765790687 0.02997275204359673 0.02581834946980175
0 0.7956403269754768 0.7669432918395575 0.03487738419618529 0.033656062701705854
0 0.8343324250681199 0.7498847395112955 0.043596730245231606 0.03273397879207008
0 0.8359673024523161 0.719225449515906 0.0326975476839237 0.024896265560165973
0 0.8506811989100818 0.7342093130474873 0.029427792915531336 0.02074688796680498
0 0.8561307901907357 0.706777316735823 0.03487738419618529 0.0239741816505302
0 0.8760217983651226 0.7266021207929921 0.023433242506811988 0.026740433379437527
0 0.9188010899182562 0.6998616874135546 0.043596730245231606 0.02950668510834486
0 0.9 0.7556477639465191 0.02779291553133515 0.03503918856615952
0 0.8321525885558583 0.8176579068695251 0.043596730245231606 0.029045643153526972
0 0.7190735694822888 0.8573075149838635 0.04959128065395095 0.04103273397879207
0 0.7005449591280654 0.8824343015214384 0.044141689373297 0.046104195481788846
0 0.7754768392370572 0.9041032733978792 0.05449591280653951 0.06639004149377593
0 0.8506811989100818 0.9428307976025818 0.0555858310626703 0.03411710465652374
0 0.9700272479564033 0.933840479483633 0.040326975476839236 0.0318118948824343
