0 0.14277997839395032 0.6398759165256627 0.02412675549153763 0.04230118443316413
0 0.11091105509542672 0.6996615905245347 0.029528267915016206 0.028764805414551606
0 0.07274036730284479 0.7320924985899605 0.04177169607490097 0.04173716864072194
3 0.10929060136838314 0.7492949802594473 0.030608570399711918 0.023124647490129723
0 0.09452646741087505 0.7862380146644106 0.0291681670867843 0.02030456852791878
0 0.22488296723082463 0.40721940214326 0.05941663665826431 0.05188945290468133
5 0.3368743248109471 0.6122391426959954 0.02700756211739287 0.038917089678511
5 0.598667626935542 0.6139311900733221 0.02628736046092906 0.044557247602932885
4 0.85631976953547 0.5425831923293852 0.012963629816348578 0.022560631697687534
5 0.7922218221101909 0.2679075014100395 0.020885848037450486 0.04060913705583756
4 0.9756931940943464 0.10349689791314157 0.014043932301044292 0.021996615905245348
4 0.9124954987396471 0.2670614777213762 0.013683831472812387 0.02086858432036097
0 0.8237306445804825 0.6841511562323745 0.052214620093626214 0.05865764241398759
0 0.8442563917897011 0.7557811618725324 0.03348937702556716 0.03722504230118443
4 0.8662225423118474 0.7507050197405527 0.012603528988116673 0.01804850535815003
0 0.9069139359020526 0.7459108855047941 0.03997119193374145 0.05583756345177665
0 0.9450846236946345 0.7078398195149465 0.022686352178610012 0.025944726452340666
