0 0.41869158878504675 0.18983342906375647 0.03115264797507788 0.025847214244686962
0 0.44953271028037384 0.25071797817346353 0.04548286604361371 0.02929350947731189
3 0.46448598130841123 0.2682366456059736 0.021806853582554516 0.018380241240666284
0 0.3694704049844237 0.2986789201608271 0.044859813084112146 0.05514072372199885
0 0.38535825545171337 0.3721998851234922 0.029283489096573207 0.04939689833429064
0 0.3355140186915888 0.42877656519241814 0.02554517133956386 0.03618609994256174
3 0.4311526479750779 0.37966685812751294 0.024922118380062305 0.014933946008041356
0 0.4236760124610592 0.4092475588742102 0.02367601246105919 0.03963239517518667
0 0.3981308411214953 0.4730040206777714 0.02118380062305296 0.028144744399770247
3 0.41526479750778816 0.6114302125215394 0.03925233644859813 0.025847214244686962
3 0.43177570093457945 0.639862148190695 0.03364485981308411 0.040206777713957496
0 0.5049844236760125 0.7024698449167145 0.028037383177570093 0.03446295232624928
0 0.5348909657320873 0.8276852383687536 0.028037383177570093 0.04135554279149914
0 0.7146417445482866 0.8454910970706491 0.056074766355140186 0.04250430786904078
0 0.7763239875389408 0.8836875358989087 0.04735202492211838 0.04422745548535324
0 0.7420560747663552 0.924468696151637 0.024922118380062305 0.026995979322228605
