0 0.07329261521377013 0.34711605281445446 0.031093836757357024 0.046560111188325225
0 0.1393670183231538 0.40236275191104937 0.023320377568017768 0.04030576789437109
0 0.1787895613548029 0.4214732453092425 0.03220433092726263 0.06045865184155664
0 0.1665741254858412 0.7328005559416261 0.023320377568017768 0.03822098679638638
0 0.14908384230982788 0.8662265462126477 0.04386451971127152 0.03822098679638638
0 0.23931149361465853 0.7400972897845726 0.036646307606885066 0.03891591382904795
0 0.19294836202109938 0.7772758860319666 0.042754025541365905 0.0660180681028492
0 0.21876735147140478 0.7915218902015289 0.029983342587451417 0.05142460041695622
0 0.21460299833425875 0.8293954134815844 0.022765130483064965 0.03127171646977067
0 0.1665741254858412 0.8200138985406532 0.025541365907828985 0.03613620569840167
0 0.20322043309272628 0.8516330785267547 0.02220988339811216 0.02571230020847811
0 0.21960022209883398 0.8620569840166783 0.017212659633536923 0.022932592077831826
0 0.23986674069961134 0.8321751216122307 0.018878400888395337 0.03683113273106324
0 0.22626318711826762 0.8895066018068103 0.02609661299278179 0.037526059763724806
0 0.15796779566907274 0.9447533009034051 0.018323153803442533 0.020152883947185545
0 0.09938922820655191 0.7466990965948576 0.024430871737923375 0.02849200833912439
4 0.40866185452526377 0.1646977067407922 0.007773459189339256 0.01389854065323141
0 0.36535258189894504 0.26997915218902013 0.025541365907828985 0.034051424600416956
0 0.4422543031649084 0.26302988186240445 0.022765130483064965 0.04378040305767894
0 0.3778456413103831 0.3036831132731063 0.01943364797334814 0.0236275191104934
0 0.36896168795113826 0.35302293259207784 0.029428095502498614 0.02501737317581654
0 0.4119933370349806 0.3481584433634468 0.028872848417545807 0.05003474635163308
0 0.4469739033870072 0.34294649061848503 0.0277623542476402 0.03683113273106324
0 0.4700166574125486 0.3050729673384295 0.029428095502498614 0.031966643502432245
0 0.36424208772903943 0.38846421125781794 0.031093836757357024 0.03474635163307853
0 0.3903387007218212 0.40548992355802643 0.02109938922820655 0.03961084086170952
0 0.3939478067740144 0.443363446838082 0.028317601332593003 0.02640722724113968
0 0.3756246529705719 0.46733842946490617 0.014991671293725709 0.027102154273801252
0 0.38117712382009994 0.49339819318971506 0.016102165463631316 0.022237665045170257
0 0.39672404219877844 0.5198054204308548 0.020544142143253747 0.02640722724113968
0 0.4139367018323154 0.4034051424600417 0.01943364797334814 0.02571230020847811
0 0.42226540810660745 0.4308547602501737 0.02609661299278179 0.02779708130646282
0 0.4469739033870072 0.406184850590688 0.036646307606885066 0.07713690062543432
0 0.4455857856746252 0.4572619874913134 0.02387562465297057 0.015288394718554551
0 0.42448639644641867 0.467685892981237 0.021654636313159357 0.02640722724113968
0 0.4705719044975014 0.406184850590688 0.04053303720155469 0.08686587908269632
0 0.45391449194891725 0.4791521890201529 0.02387562465297057 0.03127171646977067
0 0.4289283731260411 0.5010423905489924 0.01943364797334814 0.020847810979847115
0 0.4480843975569128 0.5027797081306463 0.023320377568017768 0.03266157053509382
0 0.4852859522487507 0.46907574704656013 0.019988895058300944 0.030576789437109102
0 0.43614658523042754 0.5500347463516331 0.021654636313159357 0.027102154273801252
0 0.47640199888950585 0.5423905489923558 0.01776790671848973 0.03683113273106324
0 0.47584675180455305 0.5715774843641418 0.02109938922820655 0.021542738012508687
0 0.4608550805108273 0.6063238359972203 0.02220988339811216 0.02571230020847811
0 0.49083842309827874 0.5361362056984017 0.019988895058300944 0.02849200833912439
0 0.49278178789561355 0.5813064628214037 0.014991671293725709 0.014593467685892982
0 0.49139367018323155 0.6507991660875608 0.023320377568017768 0.03961084086170952
0 0.4586340921710161 0.6879777623349548 0.024430871737923375 0.03335649756775538
0 0.4572459744586341 0.721681723419041 0.01943364797334814 0.022932592077831826
3 0.50694058856191 0.593815149409312 0.007773459189339256 0.024322446143154968
0 0.5263742365352582 0.6952744961779013 0.019988895058300944 0.03127171646977067
0 0.529705719044975 0.7922168172341905 0.025541365907828985 0.05003474635163308
0 0.3786785119378123 0.7765809589993051 0.025541365907828985 0.04794996525364837
0 0.4714047751249306 0.8630993745656707 0.018878400888395337 0.03891591382904795
0 0.4858411993337035 0.8359972202918694 0.025541365907828985 0.043085476025017375
0 0.5166574125485841 0.8745656706045866 0.03164908384230983 0.07991660875608061
0 0.47640199888950585 0.9270326615705351 0.014436424208772903 0.037526059763724806
0 0.5030538589672404 0.9242529534398888 0.023320377568017768 0.03335649756775538
0 0.508328706274292 0.9711605281445448 0.03053858967240422 0.05489923558026407
0 0.35341476957245976 0.5545517720639332 0.04386451971127152 0.04169562195969423
