3 0.06669345118521494 0.6816881258941345 0.018481317798312576 0.01859799713876967
1 0.08557653676175171 0.6874105865522174 0.007231820008035355 0.0195517405817835
1 0.09943752511048613 0.695517405817835 0.010044194455604661 0.01859799713876967
0 0.12153475291281639 0.6716738197424893 0.01807955002008839 0.02145922746781116
1 0.14624347127360385 0.6952789699570815 0.021695460024106068 0.031473533619456366
1 0.2099236641221374 0.6664282308059132 0.009240658899156288 0.03385789222699094
1 0.21976697468862996 0.6630901287553648 0.009642426677380474 0.026227944682880304
1 0.2513057452792286 0.6556986170720076 0.013258336681398152 0.03242727706247019
1 0.3031337886701487 0.6659513590844063 0.007633587786259542 0.012875536480686695
1 0.44053836882282044 0.7081545064377682 0.01245480112494978 0.019074868860276584
8 0.5188830855765367 0.848831664282308 0.008437123342707915 0.011444921316165951
3 0.5235034150261149 0.9308536003814973 0.01446364001607071 0.019074868860276584
1 0.10486139011651266 0.24391988555078684 0.009642426677380474 0.008106819265617548
0 0.10747288067496986 0.3562231759656652 0.007633587786259542 0.008583690987124463
0 0.09562073121735637 0.3931807343824511 0.029730815588589796 0.03862660944206009
0 0.09421454399357171 0.4356223175965665 0.03977501004419445 0.02241297091082499
0 0.10325431900361591 0.4558893657606104 0.02812374447569305 0.022889842632331903
0 0.08457211731619124 0.4647114926084883 0.009240658899156288 0.009060562708631379
0 0.10767376456408197 0.4754411063423939 0.02490960224989956 0.020028612303290415
0 0.10305343511450382 0.49690033381020504 0.037364403374849336 0.027658559847401048
0 0.1094817195660908 0.519790176442537 0.028525512253917237 0.02670481640438722
0 0.11570912012856568 0.5405340963280878 0.023302531137002813 0.0195517405817835
0 0.10988348734431498 0.5624701955174058 0.03977501004419445 0.028135431568907965
0 0.11149055845721173 0.5846447305674773 0.03977501004419445 0.020982355746304245
0 0.12695861791884291 0.3876967095851216 0.020891924467657693 0.02670481640438722
0 0.14102049015668944 0.4172627563185503 0.03776617115307352 0.03719599427753934
0 0.14282844515869828 0.4446828803051979 0.037364403374849336 0.024320457796852647
0 0.1450381679389313 0.46232713400095377 0.03615910004017678 0.01764425369575584
0 0.14724789071916433 0.48235574630424416 0.03656086781840096 0.024320457796852647
0 0.1450381679389313 0.5267048164043873 0.020891924467657693 0.025274201239866477
0 0.15749296906388108 0.5569861707200763 0.03776617115307352 0.04005722460658083
0 0.15427882683808758 0.33381020505484027 0.010445962233828847 0.019074868860276584
0 0.1801928485335476 0.41082498807820694 0.02209722780233025 0.023366714353838816
0 0.16191241462434713 0.4008106819265618 0.008838891120932101 0.010968049594659036
0 0.17938931297709923 0.4396757272293753 0.03173965447971073 0.034334763948497854
0 0.183206106870229 0.4699570815450644 0.02892728003214142 0.026227944682880304
0 0.18802732020891924 0.49141630901287553 0.02249899558055444 0.0195517405817835
0 0.18822820409803134 0.522889842632332 0.03173965447971073 0.04816404387219838
0 0.19686621132985135 0.5522174535050072 0.013660104459622338 0.018121125417262757
0 0.21976697468862996 0.34549356223175964 0.021695460024106068 0.01764425369575584
0 0.2135395741261551 0.36289938006676203 0.014061872237846525 0.020982355746304245
0 0.20932101245480111 0.38459704339532663 0.02892728003214142 0.0195517405817835
0 0.21193250301325833 0.4139246542680019 0.03334672559260747 0.04482594182164998
0 0.24186420249096022 0.4055793991416309 0.03214142225793491 0.04053409632808774
0 0.21715548413017277 0.44730567477348593 0.030132583366813983 0.031473533619456366
0 0.21996785857774206 0.47401049117787314 0.02932904781036561 0.031473533619456366
0 0.22217758135797508 0.5 0.029730815588589796 0.030042918454935622
0 0.22619525914021696 0.5240820219360992 0.027320208919244676 0.02479732951835956
0 0.2515066291683407 0.46328087744396756 0.03374849337083166 0.028135431568907965
0 0.2537163519485737 0.4847401049117787 0.030936118923262354 0.025274201239866477
0 0.2611490558457212 0.5092989985693849 0.01687424668541583 0.02861230329041488
0 0.26516673362796306 0.33953266571292323 0.010445962233828847 0.010491177873152123
0 0.2695861791884291 0.35717691940867907 0.019284853354760947 0.027658559847401048
0 0.2752109280835677 0.3791130185979971 0.026516673362796304 0.020982355746304245
0 0.2804339092004821 0.41583214115402956 0.03214142225793491 0.055317119694802096
0 0.2894736842105263 0.4651883643299952 0.030132583366813983 0.05102527420123987
0 0.293089594214544 0.505245588936576 0.02932904781036561 0.03385789222699094
0 0.3157894736842105 0.351931330472103 0.010445962233828847 0.017167381974248927
0 0.31297709923664124 0.376967095851216 0.02812374447569305 0.028135431568907965
0 0.3117717959019687 0.4015259895088221 0.020891924467657693 0.027658559847401048
0 0.3198071514664524 0.4284692417739628 0.02812374447569305 0.032904148783977114
0 0.32362394535958217 0.47353361945636624 0.028525512253917237 0.06103958035288507
0 0.3489353153877059 0.32164997615641394 0.016472478907191643 0.014783023366714354
0 0.35054238650060265 0.3440629470672389 0.022900763358778626 0.024320457796852647
0 0.35676978706307755 0.37291368621840726 0.012856568903173965 0.020028612303290415
0 0.35435918039373243 0.39961850262279447 0.03455202892728003 0.03338102050548403
0 0.35415829650462033 0.42989985693848354 0.02691844114102049 0.030042918454935622
0 0.3603856970670952 0.45946590367191226 0.03294495781438329 0.037672865999046255
0 0.38971474487746083 0.3531235097758703 0.026516673362796304 0.04053409632808774
0 0.4081960626757734 0.3681449690033381 0.010445962233828847 0.03338102050548403
0 0.4208517476898353 0.388412017167382 0.014061872237846525 0.026227944682880304
0 0.3969465648854962 0.4268001907486886 0.027320208919244676 0.04864091559370529
0 0.44274809160305345 0.43919885550786836 0.01446364001607071 0.020028612303290415
0 0.4817195660907995 0.4401525989508822 0.020891924467657693 0.02575107296137339
3 0.48453194053836884 0.4263233190271817 0.007231820008035355 0.009537434430138292
0 0.49859381277621534 0.4449213161659514 0.024106066693451184 0.034334763948497854
0 0.51727601446364 0.4563662374821173 0.027721976697468863 0.03338102050548403
0 0.5327440739252712 0.44158321411540297 0.012053033346725592 0.016213638531235097
0 0.545198875050221 0.474964234620887 0.021695460024106068 0.02956604673342871
0 0.5654881478505424 0.4933237958989032 0.035757332261952594 0.04053409632808774
0 0.6269586179188429 0.522889842632332 0.056649256729610284 0.0653314258464473
0 0.689634391321816 0.572961373390558 0.026114905584572117 0.037672865999046255
0 0.7093210124548012 0.5925131139723414 0.02209722780233025 0.029089175011921792
0 0.7030936118923262 0.6211254172627563 0.007231820008035355 0.00715307582260372
0 0.7183607874648453 0.6330472103004292 0.021695460024106068 0.023366714353838816
0 0.7410606669345119 0.634000953743443 0.022900763358778626 0.02050548402479733
0 0.7312173563680193 0.5960896518836433 0.02249899558055444 0.030519790176442536
0 0.758537565287264 0.5965665236051502 0.03133788670148654 0.02956604673342871
0 0.7826436319807152 0.5934668574153553 0.018481317798312576 0.039580352885073916
0 0.8043390920048212 0.5963280877443967 0.02571313780634793 0.026227944682880304
0 0.7633587786259542 0.6261325703385789 0.007231820008035355 0.007629947544110634
0 0.8284451586982724 0.6328087744396758 0.021695460024106068 0.039103481163567
0 0.8280433909200482 0.6573676680972819 0.01124949779027722 0.009060562708631379
0 0.8846926476496585 0.6182641869337149 0.02892728003214142 0.029089175011921792
0 0.8822820409803134 0.6368621840724845 0.026516673362796304 0.023366714353838816
0 0.8786661309762958 0.6542680019074869 0.023302531137002813 0.021936099189318072
0 0.8746484531940538 0.6766809728183119 0.023302531137002813 0.02956604673342871
0 0.9451586982723985 0.6013352408202194 0.0325431900361591 0.022889842632331903
0 0.948372840498192 0.6373390557939914 0.04941743672157493 0.03385789222699094
0 0.9122137404580153 0.6335240820219361 0.022900763358778626 0.024320457796852647
0 0.9100040176777823 0.6499761564139247 0.027320208919244676 0.027658559847401048
0 0.8981518682201688 0.6704816404387219 0.019686621132985135 0.02575107296137339
0 0.8953394937725995 0.6945636623748211 0.020490156689433506 0.025274201239866477
0 0.9124146243471274 0.7498807820696233 0.008035355564483728 0.013829279923700524
8 0.4833266372036963 0.1285169289461135 0.012856568903173965 0.013829279923700524
