0 0.07535024611889436 0.2981186685962373 0.01741764483150322 0.02604920405209841
2 0.08386974630821659 0.2904003859141341 0.007194244604316547 0.01447178002894356
0 0.35422188564937523 0.2672455378678244 0.026126467247254828 0.039556198745779064
0 0.38943581976524044 0.2754462132175591 0.03218477849299508 0.036661842739990354
0 0.41594093146535405 0.26386878919440426 0.022340022718667172 0.027978774722624215
0 0.4187807648617948 0.3094548962855765 0.027262400605831124 0.03328509406657019
0 0.4483150321847785 0.29667149059334297 0.007572889057175312 0.011577424023154847
0 0.4403634986747444 0.4232995658465991 0.021204089360090876 0.03424987940183309
0 0.5162817114729269 0.3357452966714906 0.01628171147292692 0.021225277375783887
0 0.506436955698599 0.35938253738543174 0.023854600530102233 0.03376748673420164
0 0.4946989776599773 0.41413410516160154 0.030670200681560015 0.03424987940183309
0 0.5348352896630064 0.39917993246502653 0.024611889435819764 0.027496382054992764
3 0.5639909125331314 0.4794983116256633 0.014009844755774327 0.01447178002894356
0 0.6694433926542976 0.40255668113844667 0.026505111700113593 0.02942595272551857
0 0.6985990155244226 0.3904968644476604 0.024990533888678532 0.019778099372889532
0 0.7097690268837562 0.41051616015436565 0.02688375615297236 0.027978774722624215
0 0.7076864823930329 0.4425952725518572 0.01741764483150322 0.01881331403762663
0 0.7482014388489209 0.43535938253738543 0.027262400605831124 0.035214664737095995
0 0.798750473305566 0.3979739507959479 0.014009844755774327 0.02604920405209841
0 0.6317682695948504 0.08297153883260974 0.023097311624384703 0.029908345393150026
0 0.6308216584627035 0.12108055957549445 0.015903067020068155 0.03183791606367583
0 0.6418023475956077 0.1603955619874578 0.015903067020068155 0.014954172696575013
0 0.6558121923513821 0.14809454896285576 0.022718667171525937 0.03569705740472745
0 0.6647103369935631 0.0824891461649783 0.023854600530102233 0.06849975880366618
0 0.7137447936387732 0.06512301013024602 0.03332071185157137 0.05788712011577424
0 0.692919348731541 0.11239749155812831 0.021961378265808407 0.03762662807525326
0 0.6879969708443772 0.17776169802219005 0.0363498674744415 0.030390738060781478
0 0.716584627035214 0.1828268210323203 0.019310867095797046 0.03280270139893873
0 0.7311624384702764 0.17486734201640136 0.01741764483150322 0.019778099372889532
0 0.7485800833017796 0.17414375301495416 0.01741764483150322 0.03280270139893873
0 0.7684589170768649 0.17703810902074288 0.024611889435819764 0.03183791606367583
3 0.7364634608102991 0.19898697539797394 0.01893222264293828 0.01881331403762663
0 0.7495266944339265 0.2706222865412446 0.026126467247254828 0.03762662807525326
0 0.7506626277925028 0.09141341051616016 0.01476713366149186 0.030390738060781478
0 0.7620219613782658 0.0648818137964303 0.0352139341158652 0.03424987940183309
0 0.7904202953426732 0.08924264351181863 0.020825444907232107 0.03569705740472745
0 0.8207118515713745 0.08345393150024119 0.020825444907232107 0.03280270139893873
0 0.8254449072321091 0.11480945489628558 0.008330177962892843 0.00964785335262904
0 0.8114350624763347 0.5504100337674868 0.023475956077243468 0.027978774722624215
0 0.8996592199924272 0.8383984563434635 0.027262400605831124 0.03473227206946455
0 0.9793638773191973 0.8060781476121563 0.023854600530102233 0.04341534008683068
0 0.9360090874668686 0.8123492522913651 0.04316546762589928 0.05306319343945972
