9 0.09102498725140235 0.2712397734424166 0.13513513513513514 0.1472624292007552
0 0.4785823559408465 0.07331655129011957 0.012748597654258032 0.016991818753933293
0 0.4275879653238144 0.32693517935808686 0.03518612952575217 0.02957835116425425
0 0.46710861805201426 0.29358086847073633 0.03773584905660377 0.03335431088735054
0 0.17899031106578275 0.5481434864694776 0.03263640999490056 0.0289490245437382
0 0.3725140234574197 0.45217117684078034 0.04028556858745538 0.03838892385147892
0 0.4502804691483937 0.4534298300818125 0.027536970933197347 0.048458149779735685
0 0.3156552779194289 0.5541220893643801 0.05099439061703213 0.059786028949024544
0 0.48521162672106066 0.606356198867212 0.03926568077511474 0.02957835116425425
0 0.4969403365629781 0.5783511642542479 0.017848036715961243 0.02643171806167401
0 0.5303416624171341 0.5906230333543109 0.029576746557878633 0.028319697923222153
0 0.5420703722590515 0.4974826935179358 0.05813360530341662 0.03838892385147892
0 0.5525242223355431 0.36532410320956576 0.03314635390107088 0.032095657646318436
0 0.5489546149923509 0.4128382630585274 0.02804691483936767 0.02643171806167401
0 0.6246812850586435 0.36658275645059785 0.0407955124936257 0.04971680302076778
0 0.5917899031106578 0.4550031466331026 0.04028556858745538 0.040276903713027064
0 0.5979092299847016 0.49307740717432347 0.04436511983681795 0.03838892385147892
0 0.6417644059153493 0.43612334801762115 0.043345232024477306 0.04405286343612335
0 0.7202957674655788 0.4304594084329767 0.03518612952575217 0.042794210195091255
0 0.6598674145843957 0.4842668344870988 0.025497195308516064 0.039647577092511016
0 0.6922488526262112 0.473253618628068 0.04844467108618052 0.05286343612334802
0 0.7348291687914329 0.49024543738200127 0.03773584905660377 0.04657016991818754
0 0.7743498215196328 0.5119572057898049 0.04436511983681795 0.062303335431088736
0 0.6121876593574707 0.5324103209565765 0.022947475777664456 0.021397105097545627
0 0.6065782763895972 0.5635619886721208 0.03926568077511474 0.027061044682190057
0 0.5999490056093829 0.6025802391441158 0.0382457929627741 0.032095657646318436
0 0.5991840897501275 0.6469477658904972 0.04385517593064763 0.03146633102580239
0 0.655532891381948 0.6387665198237885 0.05354411014788373 0.03775959723096287
0 0.6251912289648138 0.5814977973568282 0.01631820499745028 0.030207677784770296
0 0.6481387047424784 0.5563247325361863 0.03977562468128506 0.051604782882315924
0 0.7100968893421724 0.6198867212083071 0.04130545639979602 0.03524229074889868
0 0.6578276389597144 0.6884833228445564 0.03671596124426313 0.03901825047199497
0 0.9178990311065782 0.6035242290748899 0.02447730749617542 0.04153555695405916
0 0.8855175930647629 0.6293266205160478 0.0239673635900051 0.027690371302706105
0 0.7315145334013259 0.6689741976085588 0.04028556858745538 0.03146633102580239
0 0.7580316165221825 0.7045311516677155 0.04130545639979602 0.030837004405286344
0 0.6856195818459969 0.8083700440528634 0.043345232024477306 0.045940843297671494
0 0.7322794492605813 0.8244178728760226 0.041815400305966345 0.06041535556954059
0 0.6234064252932178 0.8650094398993078 0.04436511983681795 0.04216488357457521
0 0.7899031106578276 0.26337319068596604 0.02855685874553799 0.02957835116425425
0 0.8584905660377359 0.2252989301447451 0.03314635390107088 0.042794210195091255
0 0.8811830698623151 0.25078665827564506 0.035696073431922486 0.04971680302076778
0 0.8485466598674146 0.26998112020138454 0.025497195308516064 0.02391441157960982
0 0.8648648648648649 0.3212712397734424 0.027536970933197347 0.030837004405286344
