3 0.1793708408953418 0.16500877706260972 0.011494252873563218 0.014043300175541252
3 0.20175438596491227 0.17261556465769456 0.017543859649122806 0.014043300175541252
0 0.2238354506957048 0.1992393212404915 0.0544464609800363 0.042715038033937974
0 0.26406533575317603 0.2296664716208309 0.015124016938898971 0.01579871269748391
3 0.12522686025408347 0.4154476301930954 0.0338777979431337 0.046811000585137506
3 0.13006654567453116 0.4531889994148625 0.01693889897156685 0.021650087770626096
3 0.43738656987295826 0.42480983031012287 0.032667876588021776 0.01989467524868344
0 0.4670296430732002 0.42276184903452313 0.022988505747126436 0.01930953774136922
3 0.5390199637023594 0.4136922176711527 0.01693889897156685 0.017554125219426564
3 0.5559588626739262 0.4587478057343476 0.021778584392014518 0.023405500292568753
3 0.5774349667271628 0.4842012873025161 0.013914095583787053 0.013458162668227034
3 0.5843920145190563 0.46284376828554713 0.008469449485783424 0.010532475131655939
3 0.4479733817301875 0.449093036863663 0.03932244404113733 0.021650087770626096
3 0.4207501512401694 0.4686951433586893 0.02601330913490623 0.026916325336454067
3 0.40986085904416214 0.6860737273259216 0.019963702359346643 0.021650087770626096
3 0.4277071990320629 0.6392627267407841 0.024198427102238355 0.02399063779988297
0 0.3941318814277072 0.48595669982445877 0.017543859649122806 0.01930953774136922
0 0.4237749546279492 0.5073142188414277 0.055051421657592255 0.044470450555880635
0 0.5692679975801573 0.4315389116442364 0.039927404718693285 0.06963136337039204
0 0.6197822141560798 0.4098888238736103 0.019963702359346643 0.016968987712112346
0 0.5220810647307925 0.48244587478057344 0.06533575317604355 0.07548273844353423
0 0.4879007864488808 0.5327677004095962 0.03569267997580157 0.0497366881217086
0 0.4010889292196007 0.5555880631948508 0.01572897761645493 0.013458162668227034
0 0.43133696309739866 0.6003510825043885 0.0338777979431337 0.051492100643651256
3 0.3136721113127647 0.8639555295494441 0.018753781004234724 0.016968987712112346
3 0.3408953418027828 0.8461088355763604 0.04658197217180883 0.037448800468110006
0 0.7259528130671506 0.2080163838502048 0.027828191167574106 0.018139262726740785
