1 0.13623789764868602 0.053580497714575924 0.007837713231904103 0.011681056373793804
3 0.12840018441678192 0.09217877094972067 0.01429230059935454 0.01675977653631285
3 0.10465652374366068 0.17623158963941088 0.011065006915629323 0.02133062468257999
3 0.09220839096357769 0.2813610970035551 0.01475334255417243 0.019299136617572373
1 0.0975103734439834 0.23539867953275775 0.017980636237897647 0.01574403250380904
1 0.1334716459197787 0.22524123920771966 0.012448132780082987 0.008633824276282377
1 0.07445827570308898 0.34281361097003554 0.022591055786076533 0.009141696292534281
3 0.22591055786076533 0.3674454037582529 0.018441678192715538 0.020822752666328086
3 0.3543107422775473 0.40502793296089384 0.016136468418626097 0.014728288471305232
3 0.4280774550484094 0.5347892331132554 0.013370216689718764 0.0223463687150838
3 0.47325956662056246 0.6434738445911631 0.0198248040571692 0.02133062468257999
3 0.4594283079760258 0.6985779583544947 0.017980636237897647 0.019807008633824275
1 0.5027662517289073 0.7059421025901473 0.006915629322268326 0.02031488065007618
3 0.5327339787920701 0.8042153377348908 0.017980636237897647 0.019807008633824275
3 0.5839096357768557 0.9078212290502793 0.01705855232826187 0.020822752666328086
3 0.6242508068234209 0.9306754697816151 0.015675426463808206 0.014728288471305232
3 0.7365145228215768 0.8265617064499746 0.00875979714153988 0.018791264601320468
3 0.7219917012448133 0.7013712544438802 0.01475334255417243 0.02437785678009142
0 0.7286768095896726 0.6615033011681056 0.00875979714153988 0.019807008633824275
1 0.7242969110189027 0.5898933468765871 0.011065006915629323 0.02488572879634332
0 0.6309359151682803 0.5302183849669884 0.041954817888427844 0.03555104113763331
0 0.6659751037344398 0.5050787201625191 0.0437989857076994 0.043169121381411886
