0 0.07579318448883667 0.015873015873015872 0.019193106149627888 0.03007518796992481
0 0.0691343517430474 0.07059314954051796 0.03486094790442616 0.06934001670843776
0 0.04484919702311007 0.12238930659983291 0.030943987465726595 0.06766917293233082
0 0.06521739130434782 0.2034252297410192 0.03251077164120642 0.07769423558897243
0 0.09518213866039953 0.16290726817042606 0.026635330983157072 0.07351712614870509
0 0.11633372502937721 0.11737677527151211 0.0282021151586369 0.06432748538011696
0 0.16960438699569133 0.12322472848788638 0.03055229142185664 0.08939014202172096
0 0.14473168820994908 0.19298245614035087 0.02937720329024677 0.0785296574770259
0 0.12416764590677634 0.2548036758563074 0.029768899334116725 0.08020050125313283
0 0.11241676459067763 0.4143692564745196 0.05718762240501371 0.08020050125313283
0 0.15883274578926754 0.32706766917293234 0.030160595377986682 0.07101086048454469
0 0.1972189580885233 0.28404344193817876 0.03251077164120642 0.07017543859649122
0 0.2234625930278104 0.20300751879699247 0.05444575009792401 0.10526315789473684
0 0.25675675675675674 0.2556390977443609 0.041128084606345476 0.10025062656641603
0 0.2828045436741089 0.33208020050125314 0.023501762632197415 0.05764411027568922
0 0.028789659224441832 0.6578947368421053 0.043478260869565216 0.06934001670843776
0 0.2044653349001175 0.5225563909774437 0.041519780650215436 0.09440267335004177
0 0.25303564433999215 0.4644945697577276 0.033685859772816296 0.07518796992481203
0 0.26126126126126126 0.5066833751044277 0.021151586368977675 0.04093567251461988
0 0.3115942028985507 0.39348370927318294 0.02702702702702703 0.06683375104427736
0 0.236388562475519 0.6370091896407686 0.04974539757148453 0.08939014202172096
0 0.28319623971797886 0.6265664160401002 0.040736388562475516 0.05847953216374269
0 0.29416372894633763 0.8529657477025898 0.031335683509596556 0.09690893901420217
0 0.336271053662358 0.6812865497076024 0.03407755581668625 0.07435254803675856
0 0.40403446925186054 0.8968253968253969 0.030160595377986682 0.07101086048454469
0 0.427144535840188 0.910609857978279 0.03251077164120642 0.06850459482038429
0 0.40873482177830006 0.8053467000835421 0.03172737955346651 0.07351712614870509
0 0.43674108891500196 0.818295739348371 0.03055229142185664 0.07101086048454469
0 0.36936936936936937 0.6248955722639933 0.03916960438699569 0.07518796992481203
0 0.3783783783783784 0.6629072681704261 0.01410105757931845 0.025898078529657476
0 0.40227183705444575 0.6750208855472013 0.03681942812377595 0.07518796992481203
0 0.41245593419506466 0.7230576441102757 0.03446925186055621 0.06098579782790309
0 0.47982765374069725 0.702172096908939 0.033685859772816296 0.05764411027568922
0 0.4800235017626322 0.7660818713450293 0.030160595377986682 0.0785296574770259
0 0.35938112025068547 0.028404344193817876 0.03564433999216608 0.05513784461152882
0 0.33607520564042304 0.06265664160401002 0.03211907559733647 0.053467000835421885
0 0.38601645123384254 0.09690893901420217 0.03486094790442616 0.061821219715956555
0 0.36173129651390523 0.13324979114452798 0.0254602428515472 0.04594820384294068
0 0.3715236976106541 0.16666666666666666 0.033294163728946335 0.06098579782790309
0 0.4020759890325108 0.14912280701754385 0.033294163728946335 0.06599832915622389
0 0.4494712103407756 0.14745196324143692 0.04739522130826479 0.07936507936507936
0 0.37602820211515864 0.24018379281537175 0.04230317273795535 0.07769423558897243
0 0.4594594594594595 0.21637426900584794 0.03290246768507638 0.07184628237259816
0 0.4255777516647082 0.2543859649122807 0.02937720329024677 0.06766917293233082
0 0.4061887974931453 0.2932330827067669 0.031335683509596556 0.07017543859649122
0 0.39600470035252644 0.3504594820384294 0.026635330983157072 0.07268170426065163
0 0.46161378770074424 0.30367585630743527 0.036427732079905996 0.09440267335004177
0 0.4369369369369369 0.35254803675856305 0.030160595377986682 0.06516290726817042
0 0.4835487661574618 0.2552213868003342 0.03407755581668625 0.06432748538011696
0 0.46102624363493927 0.3713450292397661 0.026635330983157072 0.059314954051796154
0 0.41226008617312965 0.4477861319966583 0.030943987465726595 0.05179615705931495
0 0.5317273795534665 0.285296574770259 0.0536623580101841 0.0810359231411863
0 0.5235017626321974 0.38596491228070173 0.041128084606345476 0.06015037593984962
0 0.5994907951429691 0.3780284043441938 0.028593811202506855 0.07769423558897243
0 0.5646298472385429 0.41854636591478694 0.033294163728946335 0.05012531328320802
0 0.4788484136310223 0.4227234753550543 0.041128084606345476 0.06349206349206349
0 0.44594594594594594 0.45822890559732665 0.03564433999216608 0.059314954051796154
0 0.4146102624363494 0.5162907268170426 0.05209557383470427 0.08521303258145363
0 0.4526047786917352 0.5492898913951546 0.033294163728946335 0.055973266499582286
0 0.4737563650607129 0.506265664160401 0.033294163728946335 0.05847953216374269
0 0.5276145710928319 0.5158730158730159 0.03916960438699569 0.0810359231411863
0 0.5603211907559734 0.5254803675856308 0.027810419114766942 0.09690893901420217
0 0.5938112025068547 0.5179615705931495 0.031335683509596556 0.08521303258145363
0 0.6192714453584018 0.518796992481203 0.0399529964747356 0.0985797827903091
0 0.4700352526439483 0.6056808688387636 0.03211907559733647 0.06850459482038429
0 0.5015667841754798 0.6345029239766082 0.027810419114766942 0.03926482873851295
4 0.5264394829612221 0.6445279866332498 0.009400705052878966 0.02422723475355054
0 0.5282021151586369 0.7134502923976608 0.033294163728946335 0.09523809523809523
0 0.5538582060321191 0.7535505430242272 0.03760282021151586 0.06015037593984962
0 0.5577751664708186 0.6825396825396826 0.03681942812377595 0.07184628237259816
0 0.6039952996474736 0.6466165413533834 0.033685859772816296 0.07184628237259816
0 0.6108499804151978 0.5948203842940685 0.020759890325107718 0.04344193817878028
0 0.6345475910693302 0.6378446115288221 0.0282021151586369 0.05263157894736842
0 0.646102624363494 0.5902255639097744 0.03486094790442616 0.05430242272347535
0 0.6472777124951038 0.6846282372598163 0.024676850763807285 0.03258145363408521
0 0.59087348217783 0.8170426065162907 0.03721112416764591 0.09022556390977443
3 0.545045045045045 0.4444444444444444 0.016842929886408148 0.031746031746031744
0 0.818448883666275 0.08187134502923976 0.012925969447708578 0.03508771929824561
0 0.9647473560517039 0.24728487886382622 0.029768899334116725 0.0985797827903091
