0 0.1439248754311997 0.14318975552968569 0.03027980068991951 0.027939464493597205
4 0.37600613261786126 0.16181606519208383 0.009965504024530471 0.011641443538998836
3 0.29206592564200845 0.22332169188979434 0.07052510540436949 0.0640279394644936
0 0.34764277500958224 0.2592161428017074 0.03142966653890379 0.025611175785797437
0 0.29302414718282865 0.2885137757081878 0.02874664622460713 0.022894838960031045
0 0.3505174396320429 0.3020954598370198 0.03487926408585665 0.024447031431897557
0 0.504216174779609 0.23011253395421033 0.05251054043694902 0.0473418703919286
0 0.5611345343043311 0.239813736903376 0.01686469911843618 0.02483507954986418
0 0.4586048294365657 0.37563057819169576 0.02951322345726332 0.037252619324796274
0 0.4334994250670755 0.3482731858750485 0.03526255270218474 0.03220799379123011
0 0.44787274817937905 0.41559953434225844 0.025680337293982367 0.029491656965463717
0 0.4371406669221924 0.44606131160263873 0.02951322345726332 0.03686457120682965
0 0.5463779225756995 0.3853317811408615 0.025680337293982367 0.018626309662398137
0 0.5509773859716366 0.4121071012805588 0.03487926408585665 0.02483507954986418
3 0.5176312763510924 0.4055102832751261 0.008815638175546186 0.013193636010865347
0 0.5084323495592181 0.42161428017074115 0.02951322345726332 0.03220799379123011
0 0.4906094288999617 0.440046565774156 0.026830203142966653 0.02871556072953046
0 0.47968570333461097 0.46720993403181993 0.03027980068991951 0.037252619324796274
0 0.44902261402836335 0.49243306169965073 0.03334610962054427 0.03570042685292976
0 0.44135684170180145 0.5258051998447808 0.03181295515523189 0.030267753201396973
0 0.3811805289382905 0.5040745052386496 0.0310463779225757 0.030267753201396973
0 0.4133767727098505 0.5880869227784246 0.02951322345726332 0.028327512611563833
0 0.3817554618627827 0.5677143965851765 0.026063625910310462 0.03802871556072953
0 0.3539670371789958 0.5822662010089251 0.03564584131851284 0.02677532013969732
4 0.46320429283250286 0.5892510671323244 0.008815638175546186 0.00892510671323244
4 0.34706784208509006 0.5467597982149787 0.012648524338827136 0.011641443538998836
0 0.3100804906094289 0.5306558013193636 0.040628593330778076 0.029879705083430345
0 0.23093139133767726 0.4544043461389212 0.03181295515523189 0.029491656965463717
0 0.23821387504791108 0.4868063639891346 0.02414718282866999 0.017462165308498253
3 0.11057876581065543 0.3663174233604967 0.02184745113070142 0.017074117190531625
0 0.052893829053277115 0.4481955762514552 0.028363357608279034 0.018626309662398137
0 0.08049060942889996 0.4540162980209546 0.027596780375622843 0.020954598370197905
0 0.12476044461479494 0.43810632518432285 0.04484476811038712 0.029491656965463717
0 0.15906477577615946 0.4571206829646876 0.029129934840935224 0.026387272021730693
0 0.13702568033729398 0.5322079937912301 0.03181295515523189 0.02211874272409779
0 0.17133001149865848 0.5715948777648429 0.020697585281717133 0.020954598370197905
0 0.25258719816021463 0.5426852929763291 0.039095438865465695 0.022894838960031045
0 0.16826370256803372 0.6662786185487001 0.022230739747029514 0.01785021342646488
0 0.19183595247221158 0.6773379899107489 0.03181295515523189 0.0236709351959643
0 0.23955538520505942 0.6918897943344975 0.04369490226140284 0.03104384943733023
0 0.24741280183978537 0.5985642219635234 0.03487926408585665 0.03298409002716337
0 0.28114220007665774 0.610593713620489 0.027213491759294748 0.02211874272409779
0 0.3119969336910694 0.6255335661622041 0.024530471444998085 0.018626309662398137
0 0.3407435799156765 0.6094295692665891 0.014564967420467612 0.015133876600698487
0 0.3489842851667305 0.6319363601086535 0.04331161364507474 0.0306558013193636
0 0.27999233422767345 0.6540551028327513 0.02414718282866999 0.019014357780364765
0 0.3560751245688003 0.6790842064415987 0.03372939823687236 0.03570042685292976
0 0.31065542353392106 0.6724873884361661 0.0310463779225757 0.02483507954986418
0 0.28880797240321965 0.6880093131548312 0.02951322345726332 0.027939464493597205
0 0.314488309697202 0.7118742724097789 0.03794557301648141 0.046177726038028714
0 0.2750095822154082 0.7264260768335273 0.02798006899195094 0.022506790842064417
0 0.28363357608279033 0.7502910360884749 0.023763894212341895 0.020566550252231277
0 0.4350325795323879 0.8335273573923166 0.040628593330778076 0.04967015909972836
0 0.43330778075891146 0.8983313930927435 0.04177845917976236 0.048894062863795114
0 0.48064392487543117 0.906674427629026 0.026830203142966653 0.03298409002716337
0 0.5015331544653123 0.9499417927823051 0.03564584131851284 0.05743112145906092
4 0.5183978535837486 0.9809856422196352 0.007282483710233806 0.008537058595265812
0 0.8210042161747796 0.018432285603414825 0.03372939823687236 0.03608847497089639
0 0.8562667688769644 0.10632518432285604 0.038328861632809505 0.038804811796662786
0 0.9053277117669605 0.06984866123399301 0.022230739747029514 0.02716336825766395
0 0.9622460712916826 0.03298409002716337 0.0387121502491376 0.02871556072953046
0 0.9852433882713684 0.1990686845168801 0.02414718282866999 0.030267753201396973
0 0.758144883096972 0.49456732634846723 0.023763894212341895 0.0236709351959643
0 0.7447297815254887 0.519208381839348 0.038328861632809505 0.033372138145129994
0 0.7234572633192794 0.5366705471478463 0.045611345343043314 0.03414823438106325
0 0.7727098505174397 0.5415211486224292 0.026830203142966653 0.025999223903764065
