0 0.12184003315375051 0.6635311143270622 0.01989225031081641 0.02653159671972986
0 0.09863240779113137 0.7173178967679691 0.03232490675507667 0.04148576941630487
0 0.12847078325735597 0.7095996140858659 0.01989225031081641 0.017366136034732273
0 0.11458765022793203 0.7445730824891461 0.023622047244094488 0.028461167390255667
0 0.1690841276419395 0.7301013024602026 0.04144218814753419 0.03424987940183309
0 0.13365105677579775 0.419922817173179 0.021964359718193122 0.017848528702363725
0 0.22731040198922503 0.5441389290882779 0.060920016576875256 0.06657018813314038
0 0.2461665975963531 0.6160154365653642 0.03895565685868214 0.05016883743367101
0 0.27496891835888937 0.5747708634828751 0.033568172399502695 0.032320308731307285
0 0.3031496062992126 0.5812831644958997 0.031910484873601326 0.045344910757356485
0 0.3174471612101119 0.6164978292329957 0.03232490675507667 0.027978774722624215
0 0.3336096145876502 0.6365171249397009 0.016576875259013676 0.02363724071394115
0 0.3244923331951927 0.6729377713458755 0.04061334438458351 0.03376748673420164
0 0.28926647326978866 0.30101302460202606 0.03812681309573145 0.0472744814278823
0 0.3159966846249482 0.32344428364688854 0.03439701616245338 0.04582730342498794
0 0.38064649813510154 0.2904003859141341 0.025279734769995857 0.027013989387361312
0 0.24844591794446746 0.39097925711529186 0.03439701616245338 0.032320308731307285
0 0.2652300041442188 0.42450554751567776 0.03398259428097804 0.03087313072841293
0 0.33215913800248653 0.419922817173179 0.02859510982179859 0.032320308731307285
0 0.28056361375880645 0.46406174626145685 0.036469125569830084 0.03183791606367583
0 0.32842934106920846 0.4582730342498794 0.04600082884376295 0.02604920405209841
0 0.3760878574388728 0.46261456825856245 0.036883547451305426 0.02219006271104679
0 0.3257355988396187 0.5197780993728895 0.03232490675507667 0.04389773275446213
0 0.36282635723166184 0.5212252773757838 0.03771239121425611 0.06415822479498312
0 0.4241607956900124 0.517607332368548 0.026108578532946538 0.023154848046309694
0 0.4637380853709076 0.5233960443801254 0.03398259428097804 0.04630969609261939
0 0.3619975134687112 0.5844187168355041 0.03439701616245338 0.03135552339604438
0 0.35868213841690844 0.6123974915581283 0.035225859925404064 0.024602026049204053
0 0.40841276419394945 0.5861070911722142 0.04931620389556569 0.03859141341051616
0 0.3849979278905926 0.6874095513748191 0.0306672192291753 0.03183791606367583
0 0.5366763365105678 0.6548480463096961 0.03812681309573145 0.027496382054992764
0 0.597596353087443 0.5851423058369513 0.04144218814753419 0.04148576941630487
0 0.4805221715706589 0.7370959961408586 0.030252797347699957 0.023154848046309694
0 0.4479900538748446 0.7583212735166426 0.02818068794032325 0.029908345393150026
0 0.4307915457936179 0.9100337674867341 0.04102776626605885 0.04486251808972504
0 0.7043099875673435 0.6157742402315485 0.026937422295897222 0.01881331403762663
9 0.7615002072109407 0.8417752050168837 0.10319104848736013 0.0974433188615533
