0 0.047261663286004056 0.3970764917901482 0.03204868154158215 0.030036043251902282
0 0.1050709939148073 0.5240288346015218 0.021906693711967545 0.022026431718061675
0 0.15537525354969575 0.4723668402082499 0.028397565922920892 0.032438926712054464
0 0.2 0.4501401682018422 0.02028397565922921 0.020824989987985584
0 0.21703853955375255 0.48618342010412496 0.042190669371196754 0.0368442130556668
0 0.26024340770791077 0.46876251501802163 0.034482758620689655 0.032438926712054464
0 0.20608519269776876 0.6129355226271526 0.02920892494929006 0.034841810172206646
0 0.21947261663286005 0.6948338005606728 0.03488843813387424 0.0368442130556668
0 0.24259634888438134 0.6926311573888666 0.028397565922920892 0.024429315178213857
0 0.26328600405679514 0.6874249098918702 0.02028397565922921 0.017220664797757308
0 0.27545638945233264 0.6702042450941129 0.028397565922920892 0.02523027633159792
0 0.31095334685598375 0.6696035242290749 0.04665314401622718 0.03364036844213056
0 0.36085192697768764 0.6746095314377253 0.034482758620689655 0.03884661593912695
0 0.3929006085192698 0.6904285142170604 0.02231237322515213 0.02803364036844213
0 0.40649087221095337 0.7230676812174609 0.031643002028397565 0.02923508209851822
0 0.36774847870182553 0.7254705646776132 0.027991886409736308 0.03644373247897477
0 0.37302231237322514 0.7585102122547056 0.015821501014198783 0.020824989987985584
0 0.3271805273833671 0.7677212655186223 0.04259634888438134 0.04565478574289147
0 0.2697768762677485 0.7607128554265118 0.026774847870182555 0.02923508209851822
0 0.2691683569979716 0.7921505806968362 0.044219066937119675 0.02883460152182619
0 0.22718052738336714 0.7791349619543452 0.021906693711967545 0.039647577092511016
0 0.19614604462474644 0.7997597116539847 0.024746450304259635 0.02803364036844213
0 0.17789046653144017 0.7745294353223868 0.007707910750507099 0.010412494993992792
3 0.24746450304259635 0.6676011213456148 0.023529411764705882 0.020824989987985584
0 0.44401622718052736 0.8131758109731678 0.027991886409736308 0.030837004405286344
3 0.36024340770791075 0.3608329995995194 0.021095334685598377 0.0184221065278334
3 0.41460446247464505 0.42070484581497797 0.032454361054766734 0.0276331597917501
0 0.45801217038539555 0.39287144573488186 0.037322515212981744 0.034441329595514616
0 0.5148073022312373 0.36223468161794153 0.02434077079107505 0.034841810172206646
0 0.4561866125760649 0.45114136964357227 0.02231237322515213 0.04685622747296756
0 0.5448275862068965 0.47156587905486586 0.00973630831643002 0.007609130957148579
0 0.5748478701825558 0.4499399279134962 0.031643002028397565 0.03323988786543853
0 0.6580121703853955 0.45955146175410494 0.03488843813387424 0.028434120945134162
0 0.6186612576064908 0.4659591509811774 0.031643002028397565 0.031637965558670406
0 0.5896551724137931 0.48638366039247094 0.030425963488843813 0.01962354825790949
0 0.9393509127789047 0.3315979175010012 0.023935091277890466 0.024028834601521828
2 0.932657200811359 0.3404084901882259 0.010547667342799188 0.012815378454144974
