0 0.11575428332636857 0.6362805991962002 0.03760969494358546 0.03836317135549872
0 0.1523192645215211 0.6015710632078919 0.04471374843292938 0.015710632078918523
0 0.1700793982448809 0.6225794665692364 0.029251984956122024 0.028498355864084765
0 0.20371918094442124 0.61362805991962 0.020476389469285417 0.018633540372670808
0 0.19264521521103217 0.5836682499086591 0.027580442958629336 0.018633540372670808
0 0.22147931466778104 0.5904274753379612 0.0325950689511074 0.026306174643770552
0 0.21500208942749688 0.5014614541468762 0.03635603844546594 0.02228717573986116
0 0.17363142498955286 0.5277676287906466 0.027162557459256165 0.015710632078918523
0 0.20162975344755538 0.5458531238582389 0.02632678646050982 0.023383266350018268
0 0.2304638529043042 0.5438436244062842 0.028834099456748852 0.01936426744610888
0 0.24362724613455913 0.562842528315674 0.03092352695361471 0.025210084033613446
0 0.26222315085666525 0.5339788089148703 0.03468449644797326 0.024479356960175374
0 0.2705808608441287 0.5611983924004385 0.024655244463017135 0.01607599561563756
0 0.3048474717927288 0.5478626233101936 0.03969912244045132 0.04567044208987943
0 0.2937735060593397 0.5862257946656924 0.026744671959882994 0.01936426744610888
0 0.34391976598412033 0.5381804895871392 0.04763894692854158 0.03215199123127512
0 0.33660676974508985 0.5730727073438071 0.04805683242791475 0.031786627694556084
0 0.38508148767237776 0.5765436609426379 0.04471374843292938 0.02411399342345634
0 0.4011700793982449 0.619291194738765 0.04847471792728792 0.031421264157837046
0 0.39887170915169246 0.3827183047131896 0.030505641454241537 0.02009499451954695
0 0.3865440869201839 0.47405918889294846 0.03092352695361471 0.02082572159298502
0 0.45507730881738406 0.37906466934599925 0.05014625992478061 0.02082572159298502
0 0.4358545758462181 0.41048593350383633 0.023401587964897618 0.023017902813299233
0 0.46239030505641454 0.407197661673365 0.029669870455495195 0.026671538180489587
0 0.4866276640200585 0.40756302521008403 0.027162557459256165 0.021556448666423093
0 0.514625992478061 0.3905736207526489 0.05307145842039281 0.0226525392765802
0 0.5426243209360635 0.41724515893313846 0.01964061847053907 0.021921812203142127
0 0.523192645215211 0.42857142857142855 0.03343083994985374 0.02411399342345634
0 0.4575846218136231 0.4424552429667519 0.03092352695361471 0.021191085129704055
0 0.4966569160050146 0.44921446839605406 0.03134141245298788 0.02009499451954695
0 0.46656916005014626 0.4722323712093533 0.059757626410363564 0.03836317135549872
0 0.44337651483493523 0.4905005480453051 0.0325950689511074 0.023017902813299233
0 0.4218554116172169 0.5025575447570333 0.012954450480568324 0.01351845085860431
0 0.3969912244045132 0.5109609061015711 0.027580442958629336 0.021556448666423093
0 0.5549519431675721 0.24059188892948483 0.03175929795236105 0.0288637194008038
0 0.5804429586293356 0.22141030325173547 0.03092352695361471 0.024844720496894408
0 0.5674885081487673 0.015893313847278042 0.04513163393230255 0.02959444647424187
0 0.9588382783117426 0.04201680672268908 0.030505641454241537 0.028498355864084765
0 0.24467195988299206 0.8080014614541469 0.03134141245298788 0.025940811107051515
0 0.24529878813205183 0.840153452685422 0.03343083994985374 0.03544026306174644
0 0.367321353949018 0.7736572890025576 0.03677392394483912 0.021556448666423093
0 0.3604262432093606 0.8063573255389113 0.04638529043042206 0.021191085129704055
0 0.4109903886335144 0.8027036901717208 0.03384872544922691 0.019729630982827914
0 0.47534475553698285 0.7760321519912313 0.032177183451734225 0.021921812203142127
0 0.5530714584203928 0.7857142857142857 0.03301295445048057 0.026671538180489587
0 0.5480568324279147 0.8100109609061016 0.02632678646050982 0.018268176835951774
0 0.48600083577099873 0.8085495067592254 0.040117007939824485 0.019729630982827914
0 0.5068951107396573 0.8332115454877603 0.03593815294609277 0.02740226525392766
0 0.4782699540325951 0.8385093167701864 0.028834099456748852 0.026306174643770552
0 0.45173422482239867 0.8434417245158933 0.027580442958629336 0.028132992327365727
0 0.4143334726284998 0.8540372670807453 0.04722106142916841 0.031055900621118012
0 0.340576681989135 0.8649981731823164 0.06769745089845382 0.03251735476799415
0 0.3832010029251985 0.8653635367190354 0.015043877977434183 0.010595542564852027
4 0.22753865440869203 0.8891121666057727 0.015461763476807356 0.01278772378516624
4 0.4676138737985792 0.7972232371209353 0.013372335979941497 0.011691633175009134
0 0.3372335979941496 0.9388016075995615 0.040117007939824485 0.02228717573986116
0 0.46656916005014626 0.8723054439166971 0.015461763476807356 0.017902813299232736
0 0.41454241537818637 0.8960540738034344 0.013372335979941497 0.010595542564852027
0 0.44588382783117425 0.9013518450858604 0.027580442958629336 0.011691633175009134
0 0.47555369828666944 0.9188892948483741 0.025073129962390306 0.015345268542199489
0 0.4910154617634768 0.9651077822433322 0.029251984956122024 0.021556448666423093
