0 0.29377136346372956 0.19768325104443601 0.022407899734143564 0.023927079377136347
0 0.304215723509305 0.18515001898974554 0.014432206608431447 0.013292821876186859
0 0.3532092669958223 0.2066084314470186 0.025826053930877325 0.030383592859855677
0 0.3135206988226358 0.15533611849601214 0.017090770983668818 0.015191796429927839
0 0.3374477781997721 0.15723509304975314 0.027725028484618306 0.034181541967337636
0 0.35206988226357766 0.1775541207747816 0.028864413216862894 0.031522977592100265
0 0.3513102924420813 0.11754652487656665 0.0379794910748196 0.038359285985567794
0 0.3765666540068363 0.122104063805545 0.027725028484618306 0.04139764527155336
0 0.39631598936574247 0.14944929737941512 0.026965438663121913 0.03380174705658944
3 0.41853399164451194 0.14299278389669579 0.009115077857956703 0.010254462590201291
0 0.46771743258640336 0.1222939612609191 0.026205848841625523 0.025826053930877325
0 0.5043676414736042 0.1224838587162932 0.029624003038359287 0.03987846562856058
0 0.5132928218761869 0.1591340676034941 0.02544625902012913 0.030383592859855677
0 0.3577668059248006 0.24819597417394607 0.02278769464489176 0.026205848841625523
0 0.3949867071781238 0.22312951006456513 0.025066464109380935 0.032282567413596655
0 0.46847702240789973 0.19502468666919864 0.0186099506266616 0.0284846183061147
0 0.44663881503987846 0.18704899354348653 0.023547284466388152 0.0186099506266616
0 0.43543486517280666 0.19996202050892517 0.017090770983668818 0.023167489555639954
0 0.41720470945689325 0.2176224838587163 0.022407899734143564 0.03190277250284846
0 0.40315229775921 0.2432586403342195 0.01785036080516521 0.02164830991264717
0 0.377895936194455 0.2559817698442841 0.0189897455374098 0.02278769464489176
0 0.3684010634257501 0.2736422331940752 0.020508925180402583 0.027725028484618306
0 0.38340296240030386 0.2819977212305355 0.024686669198632737 0.0284846183061147
0 0.3961260919103684 0.30592480060767185 0.025826053930877325 0.02924420812761109
0 0.41948347892138244 0.29984808203570074 0.022407899734143564 0.032282567413596655
0 0.42859855677933917 0.32130649449297377 0.014812001519179644 0.012913026965438662
0 0.44739840486137483 0.3243448537789594 0.018230155715913406 0.026585643752373718
0 0.45727307254082794 0.30668439042916823 0.0189897455374098 0.0284846183061147
0 0.4717052791492594 0.2930117736422332 0.015191796429927839 0.01405241169768325
0 0.4711355867831371 0.37295860235472844 0.038359285985567794 0.04405620964679073
0 0.5218382073680212 0.34466388150398786 0.025826053930877325 0.0284846183061147
0 0.49734143562476263 0.3106722369920243 0.01405241169768325 0.015191796429927839
0 0.44056209646790734 0.24287884542347132 0.021268515001898976 0.023167489555639954
0 0.4713254842385112 0.22218002278769464 0.016710976072920623 0.02734523357387011
0 0.46771743258640336 0.2449677174325864 0.02164830991264717 0.024306874287884542
0 0.49620205089251807 0.22180022787694645 0.023927079377136347 0.028864413216862894
0 0.5225977971895177 0.22939612609191037 0.02734523357387011 0.03494113178883403
0 0.5501329282187619 0.25788074439802505 0.026205848841625523 0.03873908089631599
0 0.5260159513862515 0.2639574629699962 0.025066464109380935 0.03266236232434486
0 0.498101025446259 0.2647170527914926 0.026205848841625523 0.03190277250284846
0 0.24116976832510445 0.6935055070262058 0.017470565894417017 0.030383592859855677
0 0.3509304975313331 0.6579946828712495 0.025066464109380935 0.03304215723509305
0 0.38416255222180024 0.684010634257501 0.0186099506266616 0.0379794910748196
4 0.6695784276490695 0.5894417014812001 0.006836308393467528 0.007595898214963919
0 0.6828712495252564 0.5896315989365742 0.016710976072920623 0.011014052411697683
0 0.6805924800607672 0.6109001139384732 0.018230155715913406 0.032282567413596655
0 0.6579946828712495 0.6439422711735663 0.027725028484618306 0.03380174705658944
3 0.6729965818458032 0.6365362704139764 0.006836308393467528 0.009874667679453095
0 0.6944549943030763 0.6412837067983289 0.023927079377136347 0.031522977592100265
0 0.7111659703759969 0.678313710596278 0.026965438663121913 0.03266236232434486
0 0.563995442461071 0.666729965818458 0.024306874287884542 0.038359285985567794
0 0.5873528294720851 0.7005317128750475 0.026205848841625523 0.04215723509304975
0 0.5036080516521079 0.7660463349791112 0.0281048233953665 0.03114318268135207
0 0.5381693885301937 0.7772502848461831 0.024306874287884542 0.03608051652107862
0 0.591150778579567 0.7952905431067224 0.030763387770603876 0.03114318268135207
0 0.49620205089251807 0.8011773642233194 0.031522977592100265 0.043676414736042536
0 0.5275351310292442 0.8292821876186859 0.053171287504747436 0.04063805545005697
0 0.4521458412457273 0.8076338777060388 0.03987846562856058 0.038359285985567794
0 0.3976452715533612 0.854538549183441 0.03190277250284846 0.03342195214584125
4 0.42043296619825293 0.8813140903911888 0.009874667679453095 0.0094948727687049
0 0.3961260919103684 0.9115077857956704 0.03114318268135207 0.034181541967337636
0 0.45936194454994306 0.8501709077098367 0.032282567413596655 0.039118875807064184
0 0.44530953285225977 0.8750474743638436 0.024686669198632737 0.029624003038359287
0 0.5751993923281428 0.8687808583364983 0.04139764527155336 0.03380174705658944
0 0.5702620584884163 0.91473604253703 0.026965438663121913 0.04063805545005697
