0 0.2938359017076218 0.31594064145524176 0.024573094543940025 0.026807084729535663
0 0.31945022907122034 0.3202489229296314 0.034152436484798 0.0411680229775012
0 0.44502290712203246 0.3822403063666826 0.054560599750104126 0.0627094303494495
0 0.45939192003331947 0.4365725227381522 0.023323615160349854 0.048827190043082815
3 0.49312786339025405 0.4217328865485878 0.01749271137026239 0.02202010531354715
0 0.5189504373177842 0.43034944949736714 0.04164931278633902 0.040210627094303494
0 0.4889629321116202 0.48180947821924364 0.044981257809246146 0.05409286740067018
0 0.556018325697626 0.5007180469123983 0.013327780091628489 0.022977501196744854
0 0.42440649729279467 0.6589277166108186 0.043315285297792584 0.04834849210148397
0 0.41857559350270723 0.7156534226902824 0.04581424406497293 0.05935854475825754
0 0.45314452311536857 0.6560555289612254 0.009995835068721367 0.01292484442316898
0 0.46334860474802164 0.6888463379607468 0.037067888379841735 0.053614169459071326
0 0.4975010412328197 0.7230732407850646 0.015410245730945439 0.023456199138343705
0 0.5254060807996668 0.7419818094782192 0.028738025822573926 0.04786979415988511
0 0.5581007913369429 0.7575394925801819 0.010828821324448146 0.013882240306366683
0 0.5762182423990004 0.7757300143609382 0.027072053311120368 0.03303015797032073
0 0.5822573927530196 0.8022977501196745 0.010828821324448146 0.010531354715174725
0 0.5801749271137027 0.8669219722355194 0.03998334027488547 0.05074198180947822
0 0.6572261557684298 0.02321685016754428 0.01749271137026239 0.02537099090473911
0 0.6784673052894628 0.01292484442316898 0.029987505206164097 0.02489229296314026
0 0.7409412744689713 0.03925323121110579 0.034152436484798 0.027764480612733365
0 0.6491045397750937 0.08951651507898516 0.030403998334027488 0.032551460028721876
5 0.6247396917950854 0.04427955959789373 0.009162848812994586 0.010052656773575874
5 0.682423990004165 0.09406414552417425 0.008746355685131196 0.009095260890378171
0 0.6982507288629738 0.4365725227381522 0.03456892961266139 0.0430828147438966
0 0.7811328613077885 0.35423647678314985 0.01790920449812578 0.02584968884633796
0 0.8042482299042066 0.34681665868836764 0.01749271137026239 0.023456199138343705
0 0.765722615576843 0.3764959310674964 0.014577259475218658 0.015797032072762087
0 0.8096626405664307 0.395404499760651 0.036651395251978344 0.0440402106270943
0 0.8567263640149938 0.44542843465773097 0.044148271553519365 0.04834849210148397
0 0.7207413577675968 0.5090952608903782 0.04206580591420241 0.034944949736716135
0 0.634527280299875 0.5447582575394926 0.023740108288213244 0.026807084729535663
0 0.6493127863390254 0.5236955481091431 0.01582673885880883 0.018190521780756343
0 0.6701374427321949 0.585447582575395 0.03498542274052478 0.0411680229775012
0 0.702832153269471 0.5864049784585926 0.02790503956684715 0.0430828147438966
0 0.6143273635985006 0.6852561033987554 0.019158683881715953 0.02537099090473911
0 0.6218242399000417 0.7348013403542365 0.044148271553519365 0.036381043561512685
0 0.7209496043315285 0.6900430828147439 0.03998334027488547 0.0665390138822403
0 0.7817576009995835 0.679990426041168 0.01665972511453561 0.024413595021541407
0 0.7925864223240316 0.7123025370990905 0.02082465639316951 0.028721876495931067
0 0.6251561849229488 0.7680708472953567 0.023323615160349854 0.023456199138343705
0 0.6293211162015827 0.8128291048348492 0.027488546438983758 0.03542364767831498
0 0.6336942940441482 0.842508377213978 0.02790503956684715 0.019147917663954045
0 0.6788837984173262 0.8271900430828147 0.014993752603082049 0.02202010531354715
0 0.693252811328613 0.8831977022498804 0.030403998334027488 0.0440402106270943
0 0.7863390254060808 0.7793202489229296 0.025822573927530196 0.044997606510292006
0 0.807996668054977 0.8592628051699378 0.03248646397334444 0.05169937769267592
0 0.8669304456476468 0.8523216850167544 0.026239067055393587 0.03590234561991384
0 0.8571428571428571 0.893729056965055 0.009995835068721367 0.014360938247965534
0 0.9177426072469804 0.8118717089516515 0.007913369429404415 0.010531354715174725
0 0.5941274468971262 0.948779320248923 0.03373594335693461 0.030636668262326472
