0 0.4085434700790365 0.5289346777729066 0.01618366578848325 0.01446733888645331
0 0.4356417011667294 0.526085050416484 0.02822732404968009 0.021920210434020166
0 0.4578471960858111 0.5230162209557212 0.013925479864508844 0.020166593599298552
0 0.48645088445615353 0.5149057430951337 0.04177643959352653 0.033757124068391056
0 0.4281144147534814 0.5929416922402455 0.05005645464809936 0.03463393248575186
0 0.444674444862627 0.567295046032442 0.010161836657884832 0.0131521262604121
0 0.4668799397817087 0.5935992985532661 0.020700037636432068 0.016659359929855327
0 0.45652992096349265 0.6188075405523893 0.01881821603312006 0.018851380973257344
0 0.4681972149040271 0.6416045594037703 0.03989461799021453 0.02498903989478299
0 0.5777192322167859 0.3844804910127137 0.023334587881068874 0.025427444103463395
0 0.5651110274745954 0.41494958351600175 0.04027098231087693 0.03638754932047348
0 0.6377493413624389 0.4342393686979395 0.019947308995107264 0.01972818939061815
0 0.6808430560782838 0.416264796142043 0.029356417011667295 0.024112231477422183
0 0.680090327436959 0.4491451117930732 0.03989461799021453 0.03551074090311267
0 0.7642077531050057 0.4044278825076721 0.04102371095220173 0.03288031565103025
0 0.7820850583364697 0.3665059184568172 0.014301844185171246 0.014028934677772907
0 0.7956341738803161 0.39237176676896096 0.01279638690252164 0.020166593599298552
0 0.7732404968009032 0.4741341516878562 0.04027098231087693 0.032003507233669445
0 0.7196085811065112 0.5480052608505042 0.042152803914188935 0.04208680403331872
0 0.7418140760255928 0.5295922840859272 0.01957094467444486 0.019289785181937746
0 0.7557395558901017 0.5653222270933801 0.042152803914188935 0.04164839982463832
0 0.7820850583364697 0.5423060061376589 0.023334587881068874 0.029811486190267425
0 0.7442604441098983 0.6153003068829461 0.020700037636432068 0.018851380973257344
0 0.8208505833646971 0.6168347216133275 0.023334587881068874 0.03682595352915388
0 0.7022958223560406 0.6606751424813678 0.05344373353406097 0.05611573871109163
0 0.6063229205871283 0.6212187637001315 0.018065487391795258 0.030688294607628234
0 0.6307866014301844 0.6690048224462954 0.01957094467444486 0.025427444103463395
0 0.6114038389160708 0.7053923717667689 0.04177643959352653 0.03594914511179308
0 0.8345878810688747 0.8485313459009206 0.017689123071132858 0.015344147303814117
0 0.9081671057583741 0.8647523016220956 0.026345502446368085 0.01972818939061815
0 0.8957470831765149 0.9002630425252083 0.041400075272864136 0.031126698816308637
0 0.9198343996989086 0.8954405962297238 0.008280015054572827 0.012713722051731697
0 0.9309371471584493 0.889083735203858 0.014678208505833647 0.017536168347216132
