0 0.20442477876106194 0.6270695364238411 0.03805309734513274 0.04304635761589404
3 0.23871681415929202 0.734478476821192 0.01902654867256637 0.016142384105960264
3 0.28053097345132744 0.7644867549668874 0.017699115044247787 0.018211920529801324
0 0.26172566371681416 0.7510347682119205 0.04115044247787611 0.03766556291390728
0 0.43805309734513276 0.8915562913907285 0.04070796460176991 0.02566225165562914
3 0.46061946902654866 0.9058360927152318 0.020353982300884955 0.020281456953642384
0 0.5646017699115045 0.8990066225165563 0.04070796460176991 0.023178807947019868
0 0.5415929203539823 0.8638245033112583 0.008849557522123894 0.008278145695364239
0 0.6115044247787611 0.9451572847682119 0.0415929203539823 0.027731788079470198
0 0.718141592920354 0.8096026490066225 0.04070796460176991 0.028973509933774833
3 0.6721238938053097 0.8491307947019867 0.01327433628318584 0.009519867549668874
3 0.7353982300884956 0.8514072847682119 0.023893805309734513 0.018211920529801324
3 0.8230088495575221 0.8199503311258278 0.03982300884955752 0.024006622516556293
0 0.7079646017699115 0.8553394039735099 0.036283185840707964 0.036009933774834434
