0 0.7897291773122126 0.030303030303030304 0.0516096065406234 0.059727711901624944
0 0.704905467552376 0.049187527448397016 0.05978538579458355 0.05533596837944664
3 0.6392437404190087 0.045015371102327624 0.011241696474195196 0.010101010101010102
3 0.6499744506898314 0.061703996486605184 0.017373530914665303 0.023276240667545016
3 0.6908533469596321 0.08344312692138779 0.027593254982115484 0.013175230566534914
4 0.8129790495656617 0.07224418093983312 0.016351558507920288 0.015371102327624066
5 0.5751149718957588 0.19499341238471674 0.012774655084312723 0.00878348704435661
0 0.9259070005109862 0.277119016249451 0.013285641287685232 0.00966183574879227
0 0.9752171691364333 0.3129117259552042 0.049565661727133364 0.06455862977602109
4 0.9867143587123147 0.27448397013614406 0.01430761369443025 0.013175230566534914
5 0.3819621870209504 0.2391304347826087 0.009708737864077669 0.007465963987703118
0 0.2884517118037813 0.21717171717171718 0.03321410321921308 0.03732981993851559
0 0.2631578947368421 0.24418093983311376 0.04292284108329075 0.04040404040404041
0 0.2462953500255493 0.2678963548528766 0.030659172202350538 0.028985507246376812
0 0.23377618804292283 0.29446640316205536 0.0403679100664282 0.041721563460693896
0 0.2266223811957077 0.3372859025032938 0.03525804803270312 0.015810276679841896
0 0.2692897291773122 0.35814668423364077 0.03168114460909555 0.03820816864295125
0 0.23045477772100154 0.3895476504172156 0.02963719979560552 0.03864734299516908
0 0.19749616760347471 0.4312692138779095 0.04343382728666326 0.034255599472990776
0 0.17833418497700562 0.45718050065876153 0.02350536535513541 0.01932367149758454
0 0.385539090444558 0.43544137022397894 0.03525804803270312 0.03732981993851559
0 0.3385283597342872 0.4323671497584541 0.032192130812468064 0.03732981993851559
0 0.2984159427695452 0.45454545454545453 0.03474706182933061 0.03337725076855512
0 0.369443025038324 0.4736495388669302 0.044966785896780784 0.03732981993851559
0 0.3438937148696985 0.494949494949495 0.04190086867654573 0.037768994290733424
0 0.3127235564639755 0.5314009661835749 0.052120592743995914 0.04391743522178305
0 0.3817066939192642 0.5700483091787439 0.03474706182933061 0.04567413263065437
0 0.2833418497700562 0.5660957400087835 0.025038323965252938 0.03513394817742644
0 0.30991313234542667 0.6001317523056654 0.03525804803270312 0.0461133069828722
0 0.200817577925396 0.5955204216073782 0.040878896269800714 0.03689064558629776
0 0.13260091977516608 0.6811594202898551 0.03730199284619315 0.03689064558629776
0 0.22483392948390393 0.6774264382960035 0.04701073071027082 0.033816425120772944
0 0.17424629535002556 0.7239789196310935 0.03576903423607562 0.03645147123407993
0 0.09044455799693409 0.7369345630215195 0.050076647930505876 0.04479578392621871
0 0.20235053653551355 0.7646025472112429 0.03372508942258559 0.032498902064119456
0 0.17271333673990802 0.782608695652174 0.04292284108329075 0.034255599472990776
0 0.1313234542667348 0.7966622749231445 0.027593254982115484 0.030742204655248132
0 0.1139499233520695 0.82389108476065 0.040878896269800714 0.03689064558629776
0 0.18267756770567195 0.8227931488801054 0.04445579969340828 0.031181379007465964
0 0.2345426673479816 0.8381642512077294 0.04292284108329075 0.043478260869565216
0 0.1811446090955544 0.8713219148001756 0.03321410321921308 0.029863855950812472
0 0.199795605518651 0.8981115502854633 0.04292284108329075 0.034255599472990776
0 0.14946346448645886 0.943126921387791 0.04445579969340828 0.05314009661835749
