8 0.05532856656452162 0.06315789473684211 0.10997616615594144 0.12563667232597622
8 0.1424923391215526 0.15500848896434635 0.08546135512427647 0.08251273344651952
8 0.2517875383043922 0.2821731748726655 0.13449097718760641 0.16298811544991512
1 0.04766768811712632 0.011205432937181663 0.012938372488934287 0.010186757215619695
3 0.06962887299965952 0.05042444821731749 0.016002723867892407 0.015280135823429542
3 0.11304051753489956 0.10933786078098472 0.01974804221995233 0.019015280135823428
3 0.09839972761321075 0.11595925297113752 0.008852570650323459 0.009168081494057725
3 0.16785835886959483 0.19439728353140917 0.014300306435137897 0.014601018675721562
3 0.18811712631937352 0.2132427843803056 0.016683690840994213 0.01561969439728353
1 0.2310180456247872 0.20152801358234296 0.01191692202928158 0.009168081494057725
1 0.2832822608103507 0.2740237691001698 0.018386108273748723 0.019015280135823428
1 0.30337078651685395 0.3091680814940577 0.012938372488934287 0.0050933786078098476
1 0.29383724889342866 0.3611205432937182 0.0149812734082397 0.015280135823429542
8 0.4759959141981614 0.9122241086587436 0.16070820565202587 0.16400679117147707
3 0.39734422880490294 0.832597623089983 0.009533537623425264 0.008828522920203734
3 0.5085120871637726 0.9269949066213922 0.017364657814096015 0.014940577249575551
3 0.5546475995914198 0.9913412563667232 0.013619339462036091 0.014601018675721562
1 0.46084439904664626 0.8724957555178269 0.017364657814096015 0.012563667232597622
1 0.4896152536601975 0.901867572156197 0.01634320735444331 0.007470288624787776
3 0.8850868232890705 0.4370118845500849 0.013278855975485188 0.008828522920203734
3 0.947565543071161 0.4531409168081494 0.014300306435137897 0.012563667232597622
3 0.9775280898876404 0.502207130730051 0.008852570650323459 0.014261460101867572
