8 0.06460061108686163 0.6307206733298264 0.05063291139240506 0.04313519200420831
8 0.1313836752509821 0.6359810625986323 0.08206023570493234 0.05576012624934245
8 0.22130074203404626 0.6170436612309311 0.07769532955041467 0.06733298264071541
3 0.06481885639458751 0.6175697001578117 0.01003928415539066 0.011572856391372961
3 0.11174159755565255 0.6083640189374013 0.016586643387167175 0.014203051025775907
1 0.07704059362723702 0.6065228826933193 0.015277171540811872 0.008416622830089426
3 0.1787429070274989 0.6125723303524461 0.015277171540811872 0.017359284587059442
3 0.1724137931034483 0.6322987901104682 0.006110868616324749 0.014729089952656496
3 0.26516804888694895 0.6278274592319831 0.01178524661719773 0.01841136244082062
8 0.36621562636403315 0.6070489216201999 0.14666084679179398 0.08100999473961074
3 0.2885202968136185 0.6230931088900579 0.012221737232649499 0.020515518148342977
1 0.38018332605848976 0.5670699631772751 0.016586643387167175 0.023145712782745922
1 0.41750327367961587 0.585744345081536 0.008293321693583587 0.011046817464492372
3 0.44369271060672194 0.6375591793792741 0.01003928415539066 0.01893740136770121
8 0.8531209079004801 0.8779589689637033 0.1610650371017023 0.051551814834297736
3 0.7688782191182889 0.8947922146238821 0.007420340462680052 0.009468700683850605
1 0.8267132256656482 0.8655970541820095 0.014840680925360105 0.009994739610731194
1 0.8566128328240943 0.8590215675960021 0.013531209079004802 0.01262493424513414
3 0.8801833260584897 0.8577064702788006 0.012658227848101266 0.014203051025775907
3 0.9384548232213007 0.8624408206207259 0.00960279353993889 0.013150973172014729
3 0.8203841117415975 0.12572330352446082 0.01003928415539066 0.014729089952656496
3 0.8644696639022261 0.07943187795896896 0.013531209079004802 0.010520778537611783
3 0.9068092536010476 0.09363492898474488 0.013531209079004802 0.01893740136770121
3 0.9565691837625491 0.12782745923198316 0.013531209079004802 0.013677012098895318
