8 0.12653339391185825 0.20725156669650852 0.055883689232167195 0.1369740376007162
3 0.26328941390277144 0.14547896150402864 0.014993184915947297 0.03133393017009848
3 0.3555202180826897 0.3603401969561325 0.008632439800090867 0.018800358102059087
3 0.3709677419354839 0.39480752014324083 0.013175829168559746 0.025067144136078783
1 0.3373466606088142 0.35004476275738583 0.014993184915947297 0.03043867502238138
3 0.4522944116310768 0.5452103849597135 0.019536574284416176 0.03581020590868397
1 0.5104497955474784 0.5702775290957923 0.013175829168559746 0.03581020590868397
1 0.5417991821899136 0.6956132497761862 0.016810540663334848 0.023276633840644583
1 0.5831440254429805 0.5846016114592659 0.01590186278964107 0.03401969561324977
3 0.5538391640163562 0.576544315129812 0.017264879600181735 0.03043867502238138
0 0.5154475238527941 0.45792300805729635 0.05315765561108587 0.08863025962399283
0 0.6022262607905498 0.5219337511190689 0.02862335302135393 0.03222918531781558
0 0.5970013630168105 0.38585496866606983 0.023625624716038164 0.03401969561324977
0 0.6160835983643799 0.4395702775290958 0.02453430258973194 0.03581020590868397
3 0.6506133575647433 0.39256938227394805 0.019990913221263062 0.03670546105640107
0 0.6610631531122217 0.4807520143240824 0.023625624716038164 0.03939122649955237
0 0.6935483870967742 0.39301700984780663 0.024988641526578828 0.03760071620411817
0 0.6603816447069514 0.29409131602506716 0.017719218537028625 0.03312444046553268
0 0.69854611540209 0.28334825425246196 0.02862335302135393 0.03133393017009848
0 0.7446615174920491 0.23097582811101164 0.028169014084507043 0.05550581915846016
0 0.7676056338028169 0.19427036705461057 0.0186278964107224 0.025067144136078783
0 0.8123580190822354 0.20322291853178157 0.021808268968650613 0.03043867502238138
0 0.7766924125397546 0.11369740376007162 0.017719218537028625 0.03043867502238138
0 0.7703316674238982 0.14905998209489704 0.02407996365288505 0.03670546105640107
0 0.8287142208087233 0.08325872873769025 0.03816447069513857 0.07699194270367055
0 0.7392094502498864 0.017457475380483437 0.02271694684234439 0.03312444046553268
