3 0.3462125063548551 0.658060701616082 0.014234875444839857 0.017737485218762318
3 0.4308591764107778 0.6306661411115491 0.0157600406710727 0.014189988175009854
3 0.45119471276054907 0.6420969649191959 0.018810371123538384 0.012613322822230981
3 0.38891713268937467 0.7219156484036263 0.027452974072191154 0.01064249113125739
3 0.3871377732587697 0.7106819077650769 0.011692933401118455 0.007094994087504927
4 0.08718861209964412 0.9008671659440284 0.012709710218607015 0.01064249113125739
3 0.7272496187086934 0.41052424122979897 0.021860701576004067 0.02010248324793063
3 0.7549567869852567 0.5094599921166733 0.018301982714794104 0.01064249113125739
3 0.8190137264870361 0.4509262908947576 0.011184544992374174 0.013401655498620418
3 0.9621250635485511 0.53133622388648 0.018810371123538384 0.010248324793062672
