5 0.15659500290528763 0.0618193465727098 0.05752469494479954 0.05445227418321589
5 0.3881464264962231 0.17488789237668162 0.05926786751888437 0.05253042921204356
5 0.6072051133062173 0.2524023062139654 0.018593840790238233 0.017937219730941704
4 0.8152237071470075 0.5211402946828956 0.03253922138291691 0.03267136450992953
4 0.8041836141778036 0.5534913516976298 0.016269610691458453 0.017937219730941704
0 0.03282975014526438 0.4910313901345291 0.06333527019174898 0.02114029468289558
0 0.1147588611272516 0.48846893017296605 0.09238814642649622 0.01729660474055093
0 0.08163858221963974 0.46668802049967967 0.026147588611272515 0.01985906470211403
0 0.25130737943056364 0.8558616271620756 0.08076699593259733 0.04612427930813581
2 0.4546775130737943 0.7511210762331838 0.007553747821034283 0.01729660474055093
3 0.47850087158628707 0.7517616912235746 0.024985473561882625 0.06342088404868675
0 0.49186519465427075 0.777706598334401 0.009877977919814061 0.011531069827033953
5 0.5981987216734457 0.7568866111467009 0.009877977919814061 0.007046764894298526
5 0.5822196397443347 0.9023062139654068 0.011621150493898896 0.009609224855861628
