0 0.42196531791907516 0.07634011090573013 0.012449977767896843 0.02033271719038817
0 0.4595375722543353 0.008687615526802217 0.01823032458870609 0.01589648798521257
0 0.46309470875944864 0.03678373382624769 0.014673188083592708 0.028465804066543438
0 0.030013339261894176 0.6417744916820702 0.01823032458870609 0.010351201478743069
0 0.039573143619386394 0.6595194085027727 0.009782125389061804 0.010351201478743069
0 0.024455313472654512 0.6707948243992606 0.02401067140951534 0.023290203327171903
0 0.006224988883948421 0.7011090573012939 0.011560693641618497 0.014417744916820702
0 0.028901734104046242 0.7009242144177449 0.01511783014673188 0.010351201478743069
0 0.648955091151623 0.3140480591497227 0.02712316585148955 0.019593345656192238
0 0.6556247220987106 0.333271719038817 0.021787461093819474 0.018853974121996304
0 0.681191640729213 0.34584103512014785 0.0213428190306803 0.02476894639556377
0 0.6600711427301023 0.3735674676524954 0.024455313472654512 0.02476894639556377
0 0.6878612716763006 0.3798521256931608 0.02401067140951534 0.03290203327171904
0 0.6609604268563806 0.41515711645101666 0.020898176967541128 0.02144177449168207
0 0.6918630502445531 0.41756007393715344 0.03912850155624722 0.029944547134935304
0 0.733881725211205 0.44842883548983364 0.02712316585148955 0.03253234750462107
0 0.7103156958648288 0.4702402957486137 0.04668741662961316 0.04510166358595194
0 0.7240995998221432 0.5025878003696858 0.01823032458870609 0.02033271719038817
0 0.7447754557581148 0.4846580406654344 0.0213428190306803 0.03770794824399261
0 0.7681191640729212 0.47504621072088726 0.035126722987994664 0.03844731977818854
0 0.785460204535349 0.5129390018484289 0.020898176967541128 0.025508317929759706
0 0.7096487327701201 0.543807763401109 0.020453534904401955 0.03475046210720887
0 0.7267674522009782 0.5353049907578559 0.020008892841262782 0.03253234750462107
0 0.7543352601156069 0.5288354898336414 0.026233881725211204 0.023290203327171903
4 0.7847932414406403 0.5367837338262477 0.01067140951534015 0.009611829944547136
0 0.7372165406847487 0.5689463955637708 0.018674966651845263 0.022181146025878003
0 0.7343263672743442 0.6044362292051756 0.012894619831036016 0.0177449168207024
0 0.7327701200533571 0.7081330868761553 0.013339261894175189 0.024029574861367836
0 0.7158737216540685 0.7809611829944547 0.017785682525566917 0.026987060998151572
0 0.7232103156958648 0.8253234750462107 0.020898176967541128 0.03216266173752311
4 0.720987105380169 0.7985212569316081 0.009337483325922631 0.008133086876155268
4 0.7312138728323699 0.8517560073937154 0.010226767452200978 0.0088724584103512
4 0.7445531347265452 0.8578558225508318 0.010226767452200978 0.007763401109057301
4 0.7438861716318363 0.8892791127541589 0.006224988883948421 0.007024029574861368
4 0.7563361493997333 0.9584103512014788 0.008003557136505114 0.007024029574861368
4 0.7552245442418852 0.966543438077634 0.010226767452200978 0.007763401109057301
3 0.7481102712316585 0.8863216266173752 0.010226767452200978 0.01367837338262477
3 0.7627834593152513 0.9282809611829944 0.012894619831036016 0.02144177449168207
0 0.7530013339261894 0.9011090573012939 0.01200533570475767 0.014417744916820702
0 0.769897732325478 0.8892791127541589 0.00755891507336594 0.010720887245841035
