8 0.40671785028790786 0.16960728514513376 0.06794625719769674 0.11838360842344905
8 0.4894433781190019 0.23363688104723962 0.053742802303262956 0.08708025042686397
8 0.5577735124760077 0.3187250996015936 0.05604606525911708 0.11041548093340922
8 0.6120921305182342 0.38787706317586795 0.042610364683301344 0.07000569151963575
8 0.7581573896353166 0.2871371656232214 0.05143953934740883 0.08708025042686397
8 0.7752399232245681 0.40239043824701193 0.04644913627639156 0.08195788275469551
8 0.9222648752399232 0.48577120091064313 0.03800383877159309 0.04610130904951622
8 0.8136276391554702 0.7222538417757541 0.05566218809980806 0.06374501992031872
8 0.9539347408829175 0.7211155378486056 0.03147792706333973 0.07398975526465566
3 0.3439539347408829 0.37023335230506543 0.016122840690978888 0.02105862265224815
3 0.37888675623800383 0.3944223107569721 0.010748560460652591 0.01707455890722823
3 0.3975047984644914 0.42914058053500287 0.014971209213051824 0.02390438247011952
3 0.45796545105566216 0.4832100170745589 0.016122840690978888 0.01935116676152533
3 0.5147792706333973 0.5526465566306203 0.01689059500959693 0.02731929425156517
3 0.5487523992322457 0.6126920887877063 0.02034548944337812 0.03130335799658509
3 0.6245681381957774 0.7151394422310757 0.015355086372360844 0.02333523050654525
1 0.5773512476007677 0.6320432555492317 0.018426103646833013 0.017643710870802503
1 0.6452975047984645 0.7051792828685259 0.016122840690978888 0.014797951052931132
3 0.7149712092130518 0.7797381900967558 0.014971209213051824 0.02618099032441662
1 0.7422264875239923 0.7993739328400683 0.018809980806142036 0.018782014797951052
3 0.7769673704414587 0.8286852589641435 0.014587332053742802 0.022766078542970972
3 0.7934740882917466 0.8639726807057484 0.009980806142034549 0.014797951052931132
3 0.9347408829174664 0.48406374501992033 0.010748560460652591 0.017643710870802503
1 0.762380038387716 0.2581104154809334 0.011516314779270634 0.007398975526465566
3 0.7846449136276391 0.39243027888446214 0.00690978886756238 0.010813887307911212
3 0.5616122840690979 0.3315310187820148 0.012284069097888676 0.017643710870802503
8 0.2506717850287908 0.26550939100739895 0.19424184261036467 0.23164484917472966
8 0.3671785028790787 0.40865110984632896 0.05412667946257198 0.07398975526465566
8 0.46756238003838774 0.5310187820147979 0.15508637236084452 0.19351166761525326
8 0.5863723608445297 0.6653386454183267 0.08253358925143954 0.09675583380762663
8 0.6694817658349328 0.7521343198634035 0.0836852207293666 0.08935685828116106
8 0.7932821497120921 0.867103016505407 0.16775431861804221 0.16334661354581673
