4 0.2814903846153846 0.43340436867341503 0.012980769230769231 0.015450186467767715
4 0.3737980769230769 0.4429941395844433 0.01201923076923077 0.014384656366542355
4 0.6411057692307692 0.31326584976025573 0.013942307692307693 0.018114011720831113
0 0.5245192307692308 0.4070324986680874 0.03653846153846154 0.038359083644112946
0 0.5600961538461539 0.4139584443260522 0.03461538461538462 0.042621204049014386
3 0.5646634615384616 0.4387320191795418 0.011057692307692308 0.012253596164091636
0 0.5896634615384615 0.41209376664890784 0.03125 0.04848161960575386
0 0.5396634615384616 0.37000532765050614 0.04951923076923077 0.051678209909429944
0 0.5733173076923077 0.36068193926478426 0.040865384615384616 0.06180074587107086
0 0.6129807692307693 0.36414491209376665 0.03173076923076923 0.04635055940330314
0 0.6341346153846154 0.3558870538092701 0.02980769230769231 0.038359083644112946
0 0.6432692307692308 0.3979754928076718 0.025 0.036228023441662226
0 0.5286057692307692 0.3034096963239212 0.017788461538461538 0.036760788492274904
0 0.5254807692307693 0.2735748534896111 0.016346153846153847 0.02290889717634523
0 0.5545673076923077 0.2898241875332978 0.020673076923076922 0.046883324453915826
0 0.598798076923077 0.26931273308470965 0.028365384615384615 0.038891848694725624
0 0.6173076923076923 0.2282898241875333 0.0375 0.045285029302077784
4 0.6269230769230769 0.2549280767181673 0.0125 0.015450186467767715
0 0.5975961538461538 0.176345231752797 0.026923076923076925 0.03729355354288759
4 0.5432692307692307 0.18673415023974427 0.015384615384615385 0.014384656366542355
4 0.684375 0.4296750133191263 0.011057692307692308 0.013319126265316995
0 0.6959134615384616 0.38811933937133725 0.03221153846153846 0.038891848694725624
0 0.7225961538461538 0.40277037826318596 0.025961538461538463 0.02876931273308471
0 0.7838942307692308 0.15450186467767715 0.03317307692307692 0.03090037293553543
