0 0.2791104447776112 0.19247877072381722 0.03248375812093953 0.028305701577031946
0 0.3115942028985507 0.1983420946219167 0.02048975512243878 0.02547513141932875
0 0.3130934532733633 0.38617064294379294 0.07746126936531735 0.05014152850788516
0 0.5027486256871564 0.4130610594419733 0.053973013493253376 0.03194500606550748
0 0.5169915042478761 0.5315406389001213 0.03948025987006497 0.032753740396279825
0 0.5772113943028486 0.5121310149615851 0.04697651174412794 0.03679741205014153
0 0.5559720139930034 0.5934088152042054 0.017491254372813594 0.01334411645774363
0 0.5482258870564718 0.6130206227254347 0.035982008995502246 0.028305701577031946
0 0.5662168915542228 0.6338455317428224 0.020989505247376312 0.015770319450060657
0 0.5734632683658171 0.6550748079255965 0.06046976511744128 0.03801051354630004
0 0.6649175412293853 0.6748887990295188 0.03948025987006497 0.03639304488475536
0 0.6911544227886057 0.6754953497775981 0.015992003998001 0.010917913465426607
0 0.704647676161919 0.6922765871411242 0.031984007996002 0.029114435907804288
0 0.6456771614192903 0.7515163768701981 0.038980509745127435 0.03679741205014153
4 0.712143928035982 0.7591993530125354 0.026986506746626688 0.020622725434694702
0 0.6216891554222889 0.8210675293166195 0.0399800099950025 0.03356247472705216
0 0.6444277861069465 0.8639304488475535 0.03948025987006497 0.027092600080873434
0 0.4530234882558721 0.8819247877072381 0.03248375812093953 0.02668823291548726
5 0.32658670664667666 0.8463404771532551 0.010494752623688156 0.00646987464617873
5 0.45652173913043476 0.8584714921148403 0.009495252373813094 0.00646987464617873
5 0.03823088455772114 0.8129801860088961 0.010494752623688156 0.00606550748079256
5 0.02923538230884558 0.8772745653052972 0.013493253373313344 0.005256773150020219
5 0.17641179410294852 0.8329963606955115 0.014992503748125937 0.005661140315406389
5 0.15467266366816593 0.8447230084917104 0.01249375312343828 0.004852405984634048
5 0.5834582708645677 0.86959158916296 0.017491254372813594 0.011726647796198949
5 0.6009495252373813 0.9221593206631622 0.02048975512243878 0.015770319450060657
0 0.7231384307846077 0.7792155276991508 0.021989005497251374 0.015365952284674484
0 0.7508745627186407 0.7695107157298827 0.022488755622188907 0.022644561261625555
0 0.7446276861569215 0.7935705620703599 0.035982008995502246 0.021431459765467044
0 0.7203898050974513 0.8631217145167812 0.022488755622188907 0.022240194096239386
0 0.8093453273363318 0.8706025070764254 0.025487256371814093 0.02668823291548726
0 0.8355822088955522 0.8770723817226042 0.03698150924537731 0.03234937323089365
0 0.7663668165917041 0.3665588354225637 0.022488755622188907 0.010917913465426607
0 0.8210894552723638 0.41973311767084515 0.01699150424787606 0.016983420946219168
0 0.8060969515242379 0.4900930044480388 0.04297851074462768 0.03639304488475536
0 0.8200899550224887 0.5252729478366357 0.01899050474762619 0.014557217953902144
0 0.8238380809595203 0.5837040032349373 0.02848575712143928 0.015770319450060657
0 0.8440779610194903 0.599474322684998 0.0239880059970015 0.028710068742418115
0 0.8215892053973014 0.6176708451273757 0.02498750624687656 0.014961585119288313
