3 0.3592486923442701 0.7310772927513015 0.010936757013789824 0.013215859030837005
3 0.9298621017593913 0.32018422106527833 0.04232049453162149 0.014016820184221065
3 0.9236804564907275 0.3354024829795755 0.0451735615786971 0.017220664797757308
3 0.7845934379457917 0.4505406487785342 0.060865430337612936 0.04965959150981177
3 0.6191155492154066 0.5210252302763316 0.025677603423680456 0.04725670804965959
3 0.6894912030432715 0.5042050460552663 0.02377555872563005 0.07689227072486984
3 0.6326676176890157 0.6111333600320384 0.029006181645268664 0.05046055266319584
3 0.683547313361864 0.5816980376451742 0.02330004755111745 0.01962354825790949
3 0.8176414645744176 0.591710052062475 0.019495958155016643 0.014817781337605127
3 0.6350451735615787 0.6475770925110133 0.03281027104136947 0.013616339607529036
3 0.7161198288159771 0.6744092911493793 0.060865430337612936 0.016019223067681217
3 0.7268188302425107 0.71005206247497 0.09272467902995721 0.02883460152182619
3 0.5615786970993818 0.6790148177813377 0.012363290537327628 0.007609130957148579
3 0.9060865430337612 0.5374449339207048 0.010936757013789824 0.011213456147376852
3 0.8999048977650975 0.7066479775730877 0.020446980504041846 0.01802162595114137
3 0.9405611031859249 0.7709251101321586 0.05325725154541132 0.030436523828594315
0 0.8640038040893961 0.039447336804165 0.03613884926295768 0.0276331597917501
0 0.7379933428435568 0.1868241890268322 0.015216357584403234 0.03564277132559071
0 0.7662862577270566 0.210652783340008 0.029006181645268664 0.040048057669203045
0 0.7886352829291489 0.24569483380056067 0.029957203994293864 0.02683219863836604
0 0.7242035187826914 0.2657188626351622 0.05801236329053733 0.05246295554665599
0 0.833095577746077 0.29154985983179815 0.024726581074655255 0.01922306768121746
0 0.8642415596766524 0.2971565879054866 0.029006181645268664 0.024028834601521828
0 0.8927722301474085 0.3041649979975971 0.03281027104136947 0.024429315178213857
0 0.9816928197812649 0.34060873047657186 0.03661436043747028 0.03884661593912695
0 0.5606276747503567 0.4457348818582299 0.024726581074655255 0.016019223067681217
0 0.9655254398478365 0.6599919903884661 0.06894912030432715 0.04645574689627553
0 0.8221588207322872 0.6433720464557469 0.02662862577270566 0.021225470564677613
0 0.6310033285782216 0.7156587905486584 0.019971469329529243 0.01682018422106528
0 0.9022824536376605 0.6900280336403685 0.05468378506894912 0.03364036844213056
0 0.8621017593913457 0.7044453344012815 0.02757964812173086 0.01682018422106528
0 0.8097955301949595 0.7124549459351222 0.07608178792201617 0.022426912294753704
0 0.7054208273894437 0.9225070084100921 0.08701854493580599 0.07969563476171405
9 0.8036138849262958 0.5881057268722467 0.3927722301474085 0.39447336804165
0 0.7372800760817879 0.7701241489787746 0.019495958155016643 0.008009611533840609
0 0.722301474084641 0.7727272727272727 0.012363290537327628 0.013215859030837005
0 0.6357584403233476 0.6655987184621546 0.019020446980504042 0.021625951141369643
