0 0.0286128214415067 0.613322277501382 0.03477001086562839 0.053620784964068545
0 0.08420862006519376 0.603372028745163 0.030061571894241218 0.03814262023217247
0 0.06030423759507425 0.650359314538419 0.027888446215139442 0.03482587064676617
0 0.09000362187613184 0.664179104477612 0.021369069177834116 0.0326147042564953
0 0.09760956175298804 0.7172470978441128 0.027888446215139442 0.04145936981757877
0 0.10793190872872148 0.6959646213377557 0.025353132922854037 0.03316749585406302
0 0.12513582035494386 0.7260917634051962 0.022817819630568635 0.05140961857379768
0 0.1394422310756972 0.7833056937534549 0.025353132922854037 0.04201216141514649
0 0.09742846794639623 0.892758430071863 0.02173125679101775 0.03980099502487562
0 0.10756972111553785 0.9245439469320066 0.021006881564650488 0.03150912106135987
0 0.1928649040202825 0.9010503040353787 0.024990945309670408 0.04311774461028192
0 0.20590365809489317 0.8742399115533444 0.02571532053603767 0.040353786622443336
0 0.1606302064469395 0.7584300718629077 0.027888446215139442 0.038695411829740185
0 0.18562115175660993 0.8090105030403538 0.03151032234697573 0.04477611940298507
0 0.13527707352408547 0.4273079049198452 0.02933719666787396 0.04532891100055279
0 0.13763129300977905 0.4820342730790492 0.034045635639261135 0.04643449419568822
0 0.14215863817457444 0.5262576008844666 0.02064469395146686 0.029850746268656716
0 0.17077145961608112 0.4881149806522941 0.02426657008330315 0.05749032614704257
0 0.20246287576964866 0.4519071310116086 0.02028250633828323 0.035931453841901606
0 0.19739224918507786 0.5060807075732449 0.018109380659181457 0.056937534549474846
0 0.24664976457805143 0.47705914870093974 0.01666063020644694 0.026533996683250415
0 0.2303513219847881 0.5091210613598673 0.022455632017385006 0.037589828634604756
0 0.17421224194132562 0.5511332227750139 0.02390438247011952 0.03427307904919845
0 0.1428830134009417 0.5983969043670536 0.022817819630568635 0.04367053620784964
0 0.16986599058312205 0.5942509673852957 0.021006881564650488 0.03316749585406302
0 0.16769286490402027 0.6633499170812603 0.022455632017385006 0.03316749585406302
0 0.19938428105758782 0.5646766169154229 0.022817819630568635 0.03814262023217247
0 0.2075335023542195 0.611387506909895 0.026801883375588555 0.035378662244333885
0 0.21966678739587106 0.5818131564400221 0.022093444404201378 0.037037037037037035
0 0.2339731981166244 0.607241569928137 0.026077508149221298 0.04256495301271421
0 0.22310756972111553 0.6318407960199005 0.02462875769648678 0.03316749585406302
0 0.21495834842448389 0.6498065229408513 0.01774719304599783 0.02155887230514096
0 0.20554147048170954 0.6824212271973465 0.027164070988772184 0.03924820342730791
0 0.19684896776530242 0.7302377003869541 0.030061571894241218 0.04754007739082366
0 0.26711336472292646 0.40574903261470424 0.022093444404201378 0.038695411829740185
0 0.2908366533864542 0.4300718629076838 0.025353132922854037 0.04532891100055279
0 0.3149221296631655 0.40105030403537867 0.023542194856935893 0.04145936981757877
0 0.33538572980804054 0.3880597014925373 0.018109380659181457 0.03648424543946932
0 0.3464324520101413 0.4350469872857933 0.03658094893154654 0.055279159756771695
0 0.38247011952191234 0.45107794361525705 0.021006881564650488 0.02542841348811498
0 0.3743208982252807 0.47816473189607517 0.024990945309670408 0.03648424543946932
0 0.42593263310394786 0.3952459922609176 0.023180007243752264 0.02321724709784411
0 0.46251358203549436 0.472636815920398 0.02462875769648678 0.028745163073521283
0 0.4876856211517566 0.4740187949143173 0.02426657008330315 0.0326147042564953
0 0.32687432089822527 0.49087893864013266 0.021369069177834116 0.035378662244333885
0 0.29409634190510686 0.5154781647318961 0.026077508149221298 0.03814262023217247
0 0.28268743208982255 0.542841348811498 0.03658094893154654 0.06301824212271974
0 0.24574429554509236 0.5420121614151465 0.0286128214415067 0.040353786622443336
0 0.2843172763491489 0.6011608623548922 0.02969938428105759 0.04256495301271421
0 0.345708076783774 0.5370370370370371 0.033683448026077506 0.03814262023217247
0 0.33176385367620426 0.552791597567717 0.02390438247011952 0.03095632946379215
0 0.3187250996015936 0.5881702598120508 0.03259688518652662 0.03648424543946932
0 0.31166244114451286 0.6188501934770592 0.027164070988772184 0.033720287451630734
0 0.30007243752263674 0.6467661691542289 0.024990945309670408 0.04311774461028192
0 0.28395508873596526 0.6691542288557214 0.021006881564650488 0.028192371475953566
0 0.2573342991669685 0.6569928137092316 0.030061571894241218 0.04145936981757877
0 0.2341542919232162 0.6669430624654505 0.02571532053603767 0.03150912106135987
0 0.2549800796812749 0.6887783305693753 0.02462875769648678 0.037589828634604756
0 0.27435711698659904 0.6978993919292427 0.023542194856935893 0.025981205085682697
0 0.29137993480622965 0.7183526810392482 0.02426657008330315 0.028192371475953566
0 0.3098515030785947 0.6904367053620785 0.023542194856935893 0.035378662244333885
0 0.23180007243752263 0.7669983416252073 0.02390438247011952 0.03482587064676617
0 0.2653024266570083 0.7437810945273632 0.023542194856935893 0.030403537866224434
0 0.28540383918869977 0.7625760088446656 0.026801883375588555 0.0326147042564953
0 0.30296993842810577 0.7882808181315644 0.022817819630568635 0.029850746268656716
0 0.3118435349511047 0.749861802100608 0.022455632017385006 0.033720287451630734
0 0.3299529156102861 0.728579325594251 0.028975009054690328 0.055279159756771695
0 0.3580224556320174 0.7335544499723604 0.024990945309670408 0.05085682697622996
0 0.3333936979355306 0.6575456053067993 0.01195219123505976 0.017136539524599224
0 0.22799710249909452 0.8236594803758983 0.027164070988772184 0.028745163073521283
0 0.2551611734878667 0.8233830845771144 0.02426657008330315 0.030403537866224434
0 0.28504165157551614 0.8070757324488668 0.027526258601955813 0.03095632946379215
0 0.28540383918869977 0.8714759535655058 0.02825063382832307 0.037037037037037035
0 0.33049619703006156 0.9466556108347153 0.009779065555957986 0.019347705914870093
0 0.33158275986961244 0.7954671088999448 0.024990945309670408 0.03980099502487562
0 0.3440782325244477 0.8275290215588723 0.022455632017385006 0.03648424543946932
0 0.3969576240492575 0.785240464344942 0.039116262223831945 0.05140961857379768
0 0.3601955813111192 0.6583747927031509 0.027164070988772184 0.04422332780541736
0 0.37884824339007606 0.6909894969596462 0.013763129300977906 0.021006080707573246
0 0.3793915248098515 0.6359867330016584 0.030061571894241218 0.04477611940298507
0 0.3781238681637088 0.5981205085682698 0.026801883375588555 0.029850746268656716
0 0.42484607026439697 0.5649530127142067 0.03477001086562839 0.04532891100055279
0 0.42846794639623326 0.613322277501382 0.02462875769648678 0.037037037037037035
0 0.4601593625498008 0.5884466556108348 0.022817819630568635 0.03924820342730791
0 0.4527345164795364 0.6721945826423439 0.009416877942774357 0.01990049751243781
4 0.5148496921405288 0.5185185185185185 0.010503440782325244 0.01658374792703151
4 0.31655197392249185 0.4286898839137645 0.008692502716407098 0.013819789939192924
4 0.28649040202825066 0.47180762852404645 0.010865628395508874 0.013819789939192924
4 0.23886273089460341 0.5646766169154229 0.011227816008692503 0.016030956329463792
1 0.9532777978993119 0.24322830292979547 0.018109380659181457 0.027639579878385848
1 0.9684896776530243 0.26533996683250416 0.02028250633828323 0.017689331122166942
0 0.9518290474465774 0.36650082918739635 0.021006881564650488 0.024322830292979547
3 0.1789206809127128 0.6766169154228856 0.011590003621876132 0.01990049751243781
3 0.12368706990220935 0.4601990049751244 0.00833031510322347 0.014925373134328358
