1 0.01574028529267093 0.18332615252046533 0.014756517461878997 0.023696682464454975
1 0.11141170683718643 0.1928048255062473 0.010329562223315297 0.02111158983196898
1 0.13600590260698475 0.16501507970702284 0.026069847515986226 0.024127531236535976
1 0.15051647811116575 0.16329168461869883 0.04722085587801279 0.04480827229642396
3 0.20462370880472208 0.16652305040930634 0.014756517461878997 0.01680310211115898
3 0.20511559272011806 0.22037914691943128 0.017707820954254796 0.01852649719948298
3 0.22970978848991638 0.27078845325290823 0.011805213969503197 0.01680310211115898
3 0.2953762911952779 0.3242137009909522 0.02115100836202656 0.01680310211115898
1 0.25430398425971473 0.2962085308056872 0.01278898180029513 0.015941404566996983
1 0.2695523856369897 0.2990090478242137 0.020659124446630595 0.025850926324859975
1 0.31136251844564683 0.32701421800947866 0.013772749631087064 0.012925463162429988
3 0.4205607476635514 0.3909952606635071 0.020659124446630595 0.01852649719948298
3 0.4439252336448598 0.471563981042654 0.02016724053123463 0.01938819474364498
3 0.470486965076242 0.5084015510555795 0.012297097884899164 0.015510555794915984
3 0.5031972454500738 0.5626884963377854 0.013772749631087064 0.017233950883239983
0 0.009345794392523364 0.33993968117190865 0.016724053123462864 0.03102111158983197
0 0.009837678307919331 0.24795346833261525 0.018691588785046728 0.026281775096940973
0 0.026069847515986226 0.2921154674709177 0.05115592720118052 0.04480827229642396
0 0.06443679291687161 0.3078414476518742 0.04230201672405312 0.046100818612666954
0 0.0853418593212002 0.32744506678155966 0.031972454500737824 0.03015941404566997
0 0.11633054599114609 0.2929771650150797 0.034923757993113626 0.025850926324859975
0 0.1160846040334481 0.3285221887117622 0.026561731431382195 0.025420077552778975
0 0.14535169699950812 0.3336923739767342 0.03590752582390556 0.026281775096940973
0 0.07009345794392523 0.36277466609220166 0.028037383177570093 0.01809564842740198
0 0.09296606000983768 0.37160706591986215 0.017707820954254796 0.026281775096940973
0 0.20265617314313822 0.36083584661783713 0.04131824889326119 0.034037052994398964
0 0.16871618298081653 0.42158552348125805 0.04328578455484506 0.04868591124515295
2 0.17166748647319233 0.3849633778543731 0.006886374815543532 0.007324429125376993
0 0.2523364485981308 0.4177078845325291 0.046237088047220855 0.043515725980180955
0 0.1987211018199705 0.471994829814735 0.029513034923757994 0.023696682464454975
0 0.21052631578947367 0.490521327014218 0.03639940973930152 0.02886686772942697
0 0.22725036891293654 0.5075398535114175 0.030496802754549926 0.03188280913399397
0 0.2609444171175603 0.474579922447221 0.05459911460895229 0.04179233089185696
0 0.2560255779636006 0.5629039207238259 0.034923757993113626 0.03317535545023697
2 0.28750614854894246 0.5357604480827229 0.006394490900147565 0.008186126669538992
0 0.32120019675356615 0.514218009478673 0.038366945400885394 0.024558380008616976
0 0.35095917363502216 0.5312365359758725 0.02016724053123463 0.021542438604049977
0 0.3219380226266601 0.5433003015941404 0.031972454500737824 0.03705299439896596
0 0.34948352188883425 0.5529943989659629 0.029021151008362025 0.020249892287806978
0 0.31136251844564683 0.5734597156398105 0.03148057058534186 0.029297716501507972
0 0.41859321200196753 0.5928479103834554 0.03344810624692573 0.02843601895734597
0 0.3755533694048205 0.6130978026712623 0.03590752582390556 0.03532959931064197
0 0.35071323167732416 0.6021111589831969 0.019675356615838663 0.013356311934510987
0 0.3512051155927201 0.589185695820767 0.011805213969503197 0.010771219302024989
0 0.3209542547958682 0.6238690219732874 0.034923757993113626 0.040499784575613956
0 0.3000491883915396 0.6350710900473934 0.02262666010821446 0.024127531236535976
0 0.28578455484505655 0.6439034898750539 0.023610427939006393 0.021973287376130978
0 0.30964092474176097 0.6529513140887548 0.01819970486965076 0.014218009478672985
0 0.2670929660600098 0.6598448944420509 0.04131824889326119 0.034898750538560966
0 0.24815543531726514 0.6760017233950883 0.022134776192818496 0.013787160706591986
0 0.2572552877520905 0.6966824644549763 0.02852926709296606 0.03188280913399397
0 0.2707820954254796 0.7270573028866868 0.04574520413182489 0.026281775096940973
0 0.2749631087063453 0.7496768634209392 0.03443187407771766 0.021542438604049977
0 0.2722577471716675 0.7722964239551917 0.031972454500737824 0.02886686772942697
0 0.2705361534677816 0.7981473502800517 0.037383177570093455 0.026281775096940973
0 0.2117560255779636 0.6378716070659198 0.030988686669945892 0.02714347264110297
0 0.20363994097393015 0.6852649719948298 0.03639940973930152 0.03059026281775097
0 0.19503197245450074 0.7912537699267557 0.04771273979340875 0.02714347264110297
2 0.22577471716674866 0.8102111158983197 0.005902606984751598 0.00990952175786299
0 0.19355632070831283 0.8772080999569152 0.041810132808657155 0.03015941404566997
0 0.2975897688145598 0.9228780697975011 0.037383177570093455 0.03102111158983197
0 0.24889326119035907 0.959931064196467 0.04230201672405312 0.02843601895734597
