0 0.10071142730102267 0.31991215226939973 0.020898176967541128 0.020985846754514398
0 0.1282792352156514 0.349194729136164 0.0164517563361494 0.025866276232308444
0 0.12916851934192974 0.3965348950707662 0.024455313472654512 0.027818448023426062
0 0.24855491329479767 0.35773548072230354 0.024899955535793685 0.03416300634455832
0 0.25255669186305024 0.3882381649585164 0.03379279679857715 0.026842362127867253
0 0.28568252556691864 0.3711566617862372 0.025344597598932858 0.021961932650073207
0 0.31969764339706536 0.42850170815031724 0.0426856380613606 0.042947779404587605
0 0.33014673188083593 0.40678379697413375 0.019119608714984436 0.02000976085895559
0 0.3666073810582481 0.37652513421181066 0.01823032458870609 0.01805758906783797
0 0.3583815028901734 0.39970717423133234 0.02845709204090707 0.03611517813567594
0 0.38772787905735884 0.4045876037091264 0.02401067140951534 0.021473889702293802
0 0.3701645175633615 0.41947291361639827 0.023566029346376166 0.01903367496339678
0 0.3552690084481992 0.4387506100536847 0.024899955535793685 0.03611517813567594
0 0.3819475322365496 0.4494875549048316 0.022232103156958647 0.021473889702293802
0 0.40173410404624277 0.445095168374817 0.026233881725211204 0.03416300634455832
0 0.42507781236104936 0.4548560273304051 0.0213428190306803 0.017569546120058566
0 0.29168519341929744 0.525378233284529 0.017785682525566917 0.016105417276720352
0 0.31858603823921744 0.5380673499267935 0.04313028012449978 0.038555392874572963
3 0.26722987994664293 0.6063933626159101 0.035571365051133834 0.03269887750122011
0 0.3574922187638951 0.6185944363103953 0.02845709204090707 0.0317227916056613
0 0.3852823477100934 0.6117618350414836 0.03156958648288128 0.02000976085895559
0 0.4257447754557581 0.5815031722791606 0.030680302356602934 0.023914104441190825
0 0.41196087149844374 0.6315275744265495 0.041351711871943087 0.04587603709126403
0 0.4530902623388173 0.6454367984382625 0.03201422854602046 0.02977061981454368
0 0.4933303690529124 0.5985846754514397 0.05380168963983993 0.06979014153245486
0 0.5235660293463762 0.6264031234748658 0.028012449977767896 0.022938018545632016
0 0.48977323254779903 0.6776476329917033 0.04579813250333482 0.049292337725719865
0 0.5137839039573143 0.7071742313323572 0.03156958648288128 0.03318692044899951
0 0.5004446420631392 0.7384089799902391 0.021787461093819474 0.019521717911176184
0 0.5235660293463762 0.7374328940946804 0.03156958648288128 0.03904343582235237
0 0.5435749221876389 0.7369448511469009 0.013783903957314362 0.015617374328940947
0 0.548910626945309 0.7574426549536359 0.030680302356602934 0.03318692044899951
0 0.5689195197865718 0.785993167398731 0.036905291240551356 0.04441190824792582
4 0.4606491774121832 0.7110785749145925 0.01067140951534015 0.010736944851146901
0 0.587149844375278 0.8135675939482675 0.014673188083592708 0.014641288433382138
0 0.633837261004891 0.7952659834065398 0.024455313472654512 0.027818448023426062
0 0.6267229879946643 0.8965348950707662 0.041351711871943087 0.03611517813567594
0 0.6320586927523344 0.8735968765251342 0.01200533570475767 0.010736944851146901
0 0.6551800800355714 0.4804782820888238 0.032458870609159626 0.03367496339677892
0 0.7067585593597154 0.433626159102001 0.029791018230324588 0.03367496339677892
0 0.7174299688750556 0.41239629087359686 0.03156958648288128 0.019521717911176184
0 0.710760337927968 0.5632015617374329 0.029791018230324588 0.043923865300146414
0 0.7389951089373055 0.568814055636896 0.022232103156958647 0.021961932650073207
9 0.9777678968430413 0.04953635919960957 0.044464206313917294 0.061005368472425575
0 0.8383726100489106 0.24914592484138604 0.026233881725211204 0.023914104441190825
0 0.8617163183637172 0.35871156661786235 0.02401067140951534 0.03611517813567594
0 0.9044019564250778 0.6159102000976086 0.03201422854602046 0.031234748657881894
