8 0.3455238095238095 0.5822349570200573 0.05180952380952381 0.09169054441260745
3 0.37047619047619046 0.4091690544412607 0.014095238095238095 0.016045845272206302
3 0.47523809523809524 0.5641833810888253 0.01180952380952381 0.021203438395415473
8 0.5297142857142857 0.6994269340974212 0.014857142857142857 0.02349570200573066
1 0.5299047619047619 0.7120343839541547 0.009142857142857144 0.021203438395415473
3 0.5584761904761905 0.7489971346704871 0.012952380952380953 0.017191977077363897
3 0.6236190476190476 0.8650429799426934 0.016761904761904763 0.02464183381088825
0 0.6820952380952381 0.810028653295129 0.04380952380952381 0.02464183381088825
0 0.6927619047619048 0.8418338108882522 0.022476190476190476 0.01833810888252149
1 0.6763809523809524 0.8919770773638969 0.010285714285714285 0.026934097421203437
3 0.7158095238095238 0.9077363896848137 0.015238095238095238 0.020630372492836675
0 0.7622857142857142 0.8802292263610315 0.02895238095238095 0.02521489971346705
0 0.7586666666666667 0.7908309455587392 0.02019047619047619 0.026361031518624643
0 0.7740952380952381 0.826647564469914 0.02057142857142857 0.025787965616045846
3 0.8051428571428572 0.8031518624641834 0.017142857142857144 0.026934097421203437
0 0.8140952380952381 0.8641833810888252 0.021333333333333333 0.0332378223495702
0 0.8436190476190476 0.8131805157593123 0.022476190476190476 0.02865329512893983
0 0.8175238095238095 0.740974212034384 0.016761904761904763 0.026361031518624643
0 0.8491428571428571 0.7412607449856734 0.02819047619047619 0.025787965616045846
0 0.8834285714285715 0.5759312320916905 0.033523809523809525 0.02979942693409742
0 0.9222857142857143 0.6458452722063037 0.017523809523809525 0.020630372492836675
0 0.9140952380952381 0.6707736389684814 0.022476190476190476 0.026934097421203437
0 0.952 0.7120343839541547 0.01904761904761905 0.025787965616045846
0 0.8834285714285715 0.7157593123209169 0.02666666666666667 0.03667621776504298
0 0.9691428571428572 0.6332378223495702 0.02819047619047619 0.04011461318051576
7 0.17561904761904762 0.17822349570200574 0.31161904761904763 0.19484240687679083
7 0.5527619047619048 0.6280802292263611 0.11657142857142858 0.09627507163323783
