0 0.310126582278481 0.2685611879160266 0.03137039075399009 0.04659498207885305
3 0.236378646119978 0.31131592421915005 0.036873968079251515 0.051203277009728626
3 0.3530544854155201 0.4726062467997952 0.033571821684094665 0.05325140809011777
3 0.542652724270776 0.5122887864823349 0.02201430930104568 0.02304147465437788
3 0.6092460099064392 0.4989759344598054 0.04953219592735278 0.0445468509984639
3 0.5390753990093561 0.5642601126472094 0.04788112272977435 0.055299539170506916
3 0.6128233351678591 0.5576036866359447 0.05118326912493121 0.03891449052739376
3 0.6574023115024766 0.5565796210957501 0.022564667033571822 0.01945724526369688
3 0.5090809025866814 0.699436763952893 0.03632361034672537 0.03891449052739376
3 0.5418271876719868 0.7286226318484383 0.02806824435883324 0.03789042498719918
3 0.6568519537699504 0.7368151561699949 0.04567969179966978 0.03686635944700461
3 0.6763896532746285 0.6881720430107527 0.04292790313703908 0.03686635944700461
3 0.7008805723720418 0.6705069124423964 0.015960374243258118 0.014848950332821301
0 0.37424325811777653 0.307731694828469 0.03302146395156852 0.03891449052739376
0 0.34287286736378647 0.5668202764976958 0.0341221794166208 0.025601638504864313
0 0.41029168959823886 0.47465437788018433 0.04127682993946065 0.044034818228366614
0 0.4400110071546505 0.5204813108038915 0.043478260869565216 0.03942652329749104
0 0.49697303247110625 0.5273937532002048 0.04402861860209136 0.04505888376856119
0 0.589433131535498 0.4659498207885305 0.0341221794166208 0.03686635944700461
0 0.47138139790864064 0.6607782898105479 0.029168959823885527 0.03635432667690732
0 0.5905338470005503 0.6472094214029698 0.04292790313703908 0.03481822836661547
0 0.5572372041827187 0.6955965181771634 0.032471106219042374 0.04045058883768561
4 0.5509080902586682 0.648489503328213 0.01651073197578426 0.016897081413210446
