0 0.3389521640091116 0.11260978670012547 0.03826879271070615 0.04956085319949812
0 0.3826879271070615 0.1678168130489335 0.04920273348519362 0.05332496863237139
0 0.4343963553530752 0.14491844416562108 0.015034168564920273 0.01631116687578419
0 0.4571753986332574 0.14617314930991218 0.024145785876993165 0.050188205771643665
0 0.5216400911161732 0.19291091593475534 0.022779043280182234 0.05332496863237139
2 0.5533029612756264 0.22020075282308657 0.015034168564920273 0.02258469259723965
0 0.5225512528473805 0.1295483061480552 0.021867881548974944 0.04705144291091593
0 0.5353075170842825 0.1665621079046424 0.019134396355353075 0.030740276035131745
0 0.5621867881548975 0.1282936010037641 0.02733485193621868 0.052070263488080304
0 0.5902050113895216 0.1398996235884567 0.027790432801822324 0.05144291091593475
3 0.6054669703872437 0.1226474278544542 0.008200455580865604 0.013174404015056462
3 0.6123006833712984 0.15119196988707653 0.01184510250569476 0.018820577164366373
3 0.5496583143507973 0.07528230865746549 0.005011389521640091 0.012547051442910916
0 0.5676537585421413 0.07371392722710163 0.022779043280182234 0.02070263488080301
0 0.5138952164009112 0.05865746549560853 0.02369020501138952 0.06963613550815559
0 0.5596810933940775 0.0370138017565872 0.03599088838268793 0.05269761606022585
0 0.4671981776765376 0.023525721455457966 0.03325740318906606 0.04328732747804266
0 0.6318906605922551 0.04328732747804266 0.03735763097949886 0.08531994981179424
0 0.9599088838268792 0.027917189460476787 0.0428246013667426 0.05081555834378921
