2 0.3161260849703061 0.27413909520594193 0.008222932846048425 0.010803511141120865
2 0.3174965737779808 0.2852802160702228 0.009136592051164915 0.008777852802160702
1 0.3592964824120603 0.23936529372045914 0.012334399269072635 0.008777852802160702
0 0.420054819552307 0.24307900067521945 0.027866605756052994 0.04321404456448346
2 0.4362722704431247 0.2859554355165429 0.009136592051164915 0.01012829169480081
2 0.4383280036546368 0.2940580688723835 0.010507080858839652 0.01012829169480081
2 0.4467793513019644 0.31093855503038487 0.009136592051164915 0.01012829169480081
2 0.45066240292370946 0.33457123565158675 0.009593421653723162 0.011478730587440918
6 0.5685244403837368 0.8474004051316678 0.06624029237094564 0.0675219446320054
2 0.6418455915943353 0.736664415935179 0.007309273640931932 0.01350438892640108
0 0.5303791685701233 0.4777177582714382 0.03654636820465966 0.04388926401080351
5 0.7055733211512106 0.29642133693450373 0.011420740063956145 0.017555705604321403
4 0.6754225673823664 0.18062120189061445 0.013248058474189127 0.019581363943281565
0 0.7316126084970306 0.48480756245779877 0.016902695294655094 0.02160702228224173
0 0.739835541343079 0.5175557056043214 0.04431247144814984 0.06009453072248481
0 0.767702147099132 0.6171505739365294 0.037003197807217905 0.05536799459824443
