0 0.22122704881325572 0.47505668934240364 0.03940886699507389 0.044897959183673466
1 0.29399910434393195 0.3800453514739229 0.010300044782803403 0.030839002267573697
1 0.27004030452306316 0.36235827664399095 0.0044782803403493054 0.010884353741496598
1 0.27451858486341246 0.3630385487528345 0.0044782803403493054 0.009523809523809525
1 0.27787729511867443 0.36235827664399095 0.004030452306314375 0.009070294784580499
1 0.2816838334079713 0.36167800453514737 0.0044782803403493054 0.009523809523809525
1 0.2859381997313032 0.3630385487528345 0.00761307657859382 0.007709750566893424
3 0.2767577250335871 0.3798185941043084 0.028660994178235557 0.024036281179138322
3 0.3226600985221675 0.38616780045351473 0.03896103896103896 0.02947845804988662
1 0.32825794894760413 0.37188208616780044 0.011643528884908196 0.00816326530612245
1 0.384012539184953 0.39160997732426306 0.012987012987012988 0.004988662131519274
1 0.3916256157635468 0.3975056689342404 0.011195700850873265 0.004081632653061225
1 0.396999552171966 0.4020408163265306 0.012987012987012988 0.004988662131519274
1 0.39431258396775637 0.40680272108843535 0.00850873264666368 0.0036281179138321997
1 0.3846842812360054 0.4215419501133787 0.017913121361397222 0.02857142857142857
3 0.3669950738916256 0.40294784580498866 0.04433497536945813 0.03764172335600907
3 0.43842364532019706 0.435827664399093 0.020600089565606806 0.0163265306122449
3 0.40662785490371695 0.4941043083900227 0.04926108374384237 0.047619047619047616
3 0.5275414240931482 0.37165532879818597 0.027765338110165697 0.022222222222222223
1 0.5351545006717421 0.3562358276643991 0.008956560680698611 0.008616780045351474
1 0.5150022391401702 0.4142857142857143 0.006269592476489028 0.010430839002267574
1 0.525526197939991 0.40476190476190477 0.006717420510523959 0.010430839002267574
1 0.5297805642633229 0.4031746031746032 0.006269592476489028 0.009070294784580499
3 0.5671742051052396 0.3430839002267574 0.018360949395432154 0.014058956916099773
1 0.5732198835647111 0.31882086167800455 0.010747872816838333 0.005442176870748299
3 0.6177787729511868 0.26031746031746034 0.03090013434841021 0.027210884353741496
1 0.5815047021943573 0.30634920634920637 0.025526197939991044 0.010430839002267574
2 0.5989699955217197 0.3 0.00850873264666368 0.007709750566893424
2 0.5991939095387371 0.30498866213151926 0.007165248544558889 0.006802721088435374
2 0.606806986117331 0.30045351473922904 0.007165248544558889 0.007709750566893424
2 0.6153157187639946 0.2965986394557823 0.00806090461262875 0.0072562358276643995
1 0.6231527093596059 0.2795918367346939 0.009404388714733543 0.009523809523809525
0 0.6085982982534707 0.3183673469387755 0.04209583519928348 0.033560090702947847
2 0.5924764890282131 0.353968253968254 0.008956560680698611 0.0058956916099773245
2 0.5985221674876847 0.3403628117913832 0.00761307657859382 0.004988662131519274
2 0.606806986117331 0.33582766439909295 0.00806090461262875 0.0058956916099773245
2 0.6155396327810121 0.3303854875283447 0.00761307657859382 0.0058956916099773245
2 0.6054635020152261 0.36643990929705217 0.006269592476489028 0.006349206349206349
2 0.6081504702194357 0.3603174603174603 0.007165248544558889 0.006802721088435374
2 0.6200179131213615 0.3600907029478458 0.00761307657859382 0.009977324263038548
2 0.6321092700403045 0.35578231292517004 0.00850873264666368 0.007709750566893424
2 0.6417375727720556 0.3512471655328798 0.00806090461262875 0.007709750566893424
2 0.651589789520824 0.3487528344671202 0.008956560680698611 0.0072562358276643995
2 0.6312136139722346 0.34285714285714286 0.009404388714733543 0.006349206349206349
2 0.632781012091357 0.3351473922902494 0.008956560680698611 0.006349206349206349
2 0.6267353336318854 0.3247165532879819 0.00850873264666368 0.00816326530612245
2 0.6531571876399462 0.3321995464852608 0.00850873264666368 0.006802721088435374
2 0.6471115091804747 0.3138321995464853 0.006269592476489028 0.006349206349206349
2 0.6596506941334528 0.3242630385487528 0.00806090461262875 0.006349206349206349
2 0.635244066278549 0.31020408163265306 0.00850873264666368 0.009070294784580499
0 0.6316614420062696 0.29365079365079366 0.010300044782803403 0.011337868480725623
0 0.6504702194357367 0.28662131519274375 0.03358710255261979 0.03537414965986395
0 0.6739811912225705 0.29750566893424035 0.035826242722794444 0.041723356009070296
0 0.6894312583967757 0.31746031746031744 0.03179579041648007 0.036281179138321996
2 0.6851768920734438 0.3424036281179138 0.008956560680698611 0.009070294784580499
2 0.6930138826690551 0.3526077097505669 0.00761307657859382 0.008616780045351474
2 0.7019704433497537 0.35873015873015873 0.00761307657859382 0.00816326530612245
2 0.6990595611285266 0.33242630385487526 0.00806090461262875 0.009070294784580499
2 0.7037617554858934 0.3349206349206349 0.006717420510523959 0.011337868480725623
2 0.7089117778772951 0.3412698412698413 0.005373936408419167 0.010430839002267574
2 0.7122704881325571 0.345578231292517 0.00761307657859382 0.011791383219954649
2 0.716524854455889 0.34965986394557824 0.006269592476489028 0.009977324263038548
2 0.7196596506941334 0.364172335600907 0.007165248544558889 0.00816326530612245
2 0.7384684281236006 0.3764172335600907 0.006269592476489028 0.0072562358276643995
2 0.7279444693237797 0.3784580498866213 0.00761307657859382 0.007709750566893424
2 0.7393640841916704 0.3866213151927438 0.00806090461262875 0.007709750566893424
2 0.7485445588893864 0.3922902494331066 0.00761307657859382 0.0072562358276643995
2 0.7557098074339453 0.39931972789115644 0.005821764442454098 0.007709750566893424
2 0.7635467980295566 0.40861678004535146 0.006269592476489028 0.00816326530612245
1 0.7178683385579937 0.3219954648526077 0.009852216748768473 0.024489795918367346
0 0.7230183609493954 0.34058956916099775 0.012091356918943126 0.011791383219954649
0 0.7357814599193909 0.33424036281179137 0.009852216748768473 0.0072562358276643995
0 0.7411553963278101 0.3546485260770975 0.03761755485893417 0.034467120181405894
0 0.7785490371697268 0.3839002267573696 0.06314375279892522 0.06394557823129252
0 0.8016121809225257 0.4226757369614512 0.02418271383788625 0.027210884353741496
0 0.8172861621137483 0.42244897959183675 0.008956560680698611 0.011337868480725623
0 0.7861621137483207 0.42857142857142855 0.011195700850873265 0.009977324263038548
0 0.8009404388714734 0.4494331065759637 0.026421854008060904 0.025396825396825397
0 0.8152709359605911 0.4666666666666667 0.024630541871921183 0.029024943310657598
3 0.8405732198835647 0.41609977324263037 0.01522615315718764 0.014965986394557823
1 0.8703537841468876 0.48253968253968255 0.00850873264666368 0.018140589569160998
0 0.8278101209135692 0.48480725623582765 0.012987012987012988 0.011791383219954649
0 0.8318405732198836 0.5138321995464853 0.045230631437527986 0.045351473922902494
0 0.8374384236453202 0.545578231292517 0.021495745633676667 0.021768707482993196
1 0.9064039408866995 0.5253968253968254 0.035826242722794444 0.006802721088435374
0 0.8566950291088222 0.573015873015873 0.027765338110165697 0.03492063492063492
0 0.867666815942678 0.6047619047619047 0.036274070756829375 0.03854875283446712
0 0.890282131661442 0.6115646258503401 0.00806090461262875 0.013151927437641724
0 0.880653828929691 0.6267573696145124 0.02821316614420063 0.026303854875283448
0 0.8864755933721451 0.6489795918367347 0.04075235109717868 0.036281179138321996
0 0.896551724137931 0.6659863945578232 0.03403493058665472 0.030385487528344673
0 0.8996865203761756 0.6909297052154195 0.026869682042095836 0.024943310657596373
0 0.9171518137035378 0.7047619047619048 0.026869682042095836 0.024489795918367346
0 0.9341692789968652 0.690702947845805 0.042991491267353334 0.039909297052154194
0 0.9294670846394985 0.7224489795918367 0.03358710255261979 0.030839002267573697
0 0.9650694133452754 0.7287981859410431 0.050156739811912224 0.048072562358276644
0 0.948499776085983 0.780045351473923 0.02328705776981639 0.0326530612244898
3 0.9084191670398567 0.7489795918367347 0.012987012987012988 0.009523809523809525
3 0.7095835199283476 0.8333333333333334 0.012987012987012988 0.011337868480725623
1 0.6621137483206448 0.789795918367347 0.009404388714733543 0.0058956916099773245
1 0.6643528884908195 0.7929705215419501 0.010300044782803403 0.0058956916099773245
1 0.6688311688311688 0.7963718820861678 0.010300044782803403 0.009977324263038548
1 0.6710703090013435 0.8031746031746032 0.0049261083743842365 0.011791383219954649
1 0.6748768472906403 0.8040816326530612 0.0044782803403493054 0.009977324263038548
1 0.6795790416480072 0.8115646258503402 0.004030452306314375 0.010430839002267574
1 0.6822660098522167 0.8192743764172336 0.0049261083743842365 0.010430839002267574
0 0.4077474249888043 0.626077097505669 0.027317510076130765 0.02857142857142857
3 0.4509628302731751 0.5136054421768708 0.029556650246305417 0.031292517006802724
3 0.4818629646215853 0.5061224489795918 0.04209583519928348 0.039909297052154194
3 0.525974025974026 0.5065759637188209 0.047021943573667714 0.03537414965986395
3 0.5754590237348858 0.5324263038548753 0.05194805194805195 0.05714285714285714
3 0.6041200179131213 0.5027210884353741 0.05284370801612181 0.04943310657596372
3 0.5539632781012092 0.47392290249433106 0.032243618450515 0.033560090702947847
3 0.5658307210031348 0.4419501133786848 0.011195700850873265 0.009523809523809525
0 0.5960591133004927 0.4049886621315193 0.040304523063143756 0.033560090702947847
0 0.6224809673085535 0.38571428571428573 0.03045230631437528 0.034013605442176874
0 0.6468875951634573 0.3678004535147392 0.0380653828929691 0.029931972789115645
0 0.687639946260636 0.3712018140589569 0.041648007165248545 0.03945578231292517
0 0.6833855799373041 0.3934240362811791 0.025974025974025976 0.026757369614512472
0 0.6719659650694133 0.4204081632653061 0.02104791759964174 0.0163265306122449
0 0.6551724137931034 0.44421768707482995 0.02328705776981639 0.024036281179138322
0 0.6388266905508285 0.4655328798185941 0.036274070756829375 0.03582766439909297
0 0.7145096283027318 0.41043083900226757 0.0380653828929691 0.037188208616780044
0 0.7431706224809673 0.43038548752834466 0.036274070756829375 0.0380952380952381
0 0.7100313479623824 0.44240362811791384 0.03896103896103896 0.04217687074829932
0 0.7066726377071205 0.4673469387755102 0.03851321092700403 0.034013605442176874
0 0.6865203761755486 0.4852607709750567 0.04657411553963278 0.04081632653061224
3 0.6632333184057322 0.5136054421768708 0.03493058665472459 0.03582766439909297
0 0.7317510076130765 0.4936507936507937 0.03045230631437528 0.02585034013605442
0 0.7657859381997313 0.49523809523809526 0.025974025974025976 0.028117913832199547
0 0.7751903269144649 0.5226757369614512 0.026869682042095836 0.034013605442176874
3 0.6332288401253918 0.5698412698412698 0.06359158083296014 0.050340136054421766
3 0.6923421406180027 0.6321995464852608 0.04567845947156292 0.031746031746031744
0 0.7660098522167488 0.5607709750566894 0.024630541871921183 0.02585034013605442
0 0.7915360501567398 0.5505668934240363 0.025526197939991044 0.0326530612244898
0 0.8018360949395432 0.5791383219954649 0.02821316614420063 0.029931972789115645
0 0.8137035378414689 0.6040816326530613 0.03672189879086431 0.037188208616780044
0 0.8269144648454994 0.6233560090702948 0.02821316614420063 0.02857142857142857
0 0.8320644872369011 0.6462585034013606 0.032243618450515 0.033560090702947847
3 0.8472906403940886 0.6730158730158731 0.033139274518584866 0.04081632653061224
1 0.9469323779668607 0.6079365079365079 0.012987012987012988 0.027664399092970523
2 0.8481862964621585 0.7018140589569161 0.007165248544558889 0.013151927437641724
2 0.8540080609046127 0.7024943310657596 0.007165248544558889 0.012698412698412698
2 0.8412449619346171 0.7117913832199546 0.0049261083743842365 0.009523809523809525
0 0.7525750111957008 0.7117913832199546 0.03090013434841021 0.03582766439909297
3 0.780564263322884 0.7287981859410431 0.03761755485893417 0.04081632653061224
2 0.6786833855799373 0.680952380952381 0.006717420510523959 0.010430839002267574
3 0.6220331392745185 0.7253968253968254 0.03045230631437528 0.036734693877551024
3 0.6036721898790864 0.7498866213151928 0.03493058665472459 0.026757369614512472
3 0.5884460367218988 0.7 0.0600089565606807 0.07392290249433106
3 0.525526197939991 0.707936507936508 0.043439319301388266 0.036281179138321996
3 0.46171070309001344 0.709297052154195 0.04926108374384237 0.04897959183673469
3 0.4675324675324675 0.7535147392290249 0.03940886699507389 0.07120181405895691
1 0.6865203761755486 0.081859410430839 0.011643528884908196 0.013151927437641724
1 0.08822212270488132 0.963265306122449 0.02239140170174653 0.030839002267573697
1 0.096730855351545 0.9600907029478458 0.019704433497536946 0.028117913832199547
1 0.10412001791312137 0.9571428571428572 0.020152261531571878 0.030385487528344673
1 0.10994178235557546 0.953968253968254 0.018360949395432154 0.030385487528344673
1 0.11621137483206449 0.9503401360544218 0.019256605463502014 0.02947845804988662
1 0.12113748320644872 0.9448979591836735 0.019256605463502014 0.02857142857142857
1 0.12807881773399016 0.9424036281179138 0.019704433497536946 0.029931972789115645
1 0.13569189431258397 0.9399092970521542 0.020600089565606806 0.027664399092970523
1 0.14576802507836992 0.9410430839002267 0.02104791759964174 0.027210884353741496
1 0.15853112404836542 0.944671201814059 0.02328705776981639 0.027210884353741496
1 0.16927899686520376 0.943764172335601 0.025974025974025976 0.026303854875283448
