3 0.016624040920716114 0.13146067415730336 0.014979905005480453 0.01303370786516854
3 0.021921812203142127 0.20853932584269663 0.013153087321885276 0.019775280898876403
3 0.11910851297040555 0.24337078651685393 0.015345268542199489 0.013932584269662922
0 0.159846547314578 0.20584269662921348 0.039824625502374866 0.04584269662921348
0 0.19766167336499818 0.22224719101123597 0.018998903909389842 0.01662921348314607
1 0.18048958713920352 0.28696629213483144 0.012422360248447204 0.02202247191011236
1 0.32974059188892946 0.39752808988764043 0.01205699671172817 0.019325842696629212
1 0.3494702228717574 0.37595505617977526 0.005480453050785532 0.020224719101123594
1 0.3238947753014249 0.4128089887640449 0.010595542564852027 0.004943820224719101
0 0.3774205334307636 0.4069662921348315 0.00876872488125685 0.02202247191011236
8 0.32243332115454876 0.5276404494382022 0.023017902813299233 0.027865168539325844
3 0.36810376324442823 0.48719101123595504 0.006211180124223602 0.006292134831460674
3 0.4433686518085495 0.5319101123595505 0.014249177932042383 0.01303370786516854
3 0.541286079649251 0.5456179775280899 0.014249177932042383 0.010786516853932584
0 0.46930946291560105 0.41685393258426967 0.014249177932042383 0.015730337078651686
0 0.4855681402995981 0.4107865168539326 0.018998903909389842 0.016179775280898877
0 0.5047497259773475 0.40853932584269664 0.017902813299232736 0.016179775280898877
0 0.49123127511874315 0.4438202247191011 0.025210084033613446 0.02202247191011236
0 0.479539641943734 0.4642696629213483 0.02959444647424187 0.03056179775280899
0 0.5149799050054804 0.4633707865168539 0.02082572159298502 0.028764044943820226
0 0.5456704420898795 0.4734831460674157 0.0339788089148703 0.033707865168539325
0 0.5504201680672269 0.41258426966292133 0.02959444647424187 0.03056179775280899
0 0.5507855316039459 0.3867415730337079 0.01351845085860431 0.023820224719101123
0 0.5721592985020095 0.3642696629213483 0.018268176835951774 0.0301123595505618
0 0.5882352941176471 0.3808988764044944 0.03288271830471319 0.03910112359550562
4 0.6107051516258677 0.3892134831460674 0.0076726342710997444 0.009887640449438202
3 0.5949945195469493 0.6582022471910113 0.015710632078918523 0.020224719101123594
3 0.6519912312751187 0.7280898876404495 0.016441359152356595 0.017977528089887642
0 0.7228717573986116 0.6386516853932585 0.0076726342710997444 0.010786516853932584
0 0.7194008037997808 0.6519101123595505 0.006576543660942638 0.007640449438202248
0 0.7128242601388382 0.6703370786516853 0.00876872488125685 0.010337078651685393
0 0.7047862623310194 0.6782022471910112 0.010230179028132993 0.01348314606741573
0 0.705699671172817 0.6532584269662921 0.014249177932042383 0.020224719101123594
0 0.6967482645232006 0.662247191011236 0.012422360248447204 0.01662921348314607
0 0.6945560833028863 0.6743820224719101 0.006576543660942638 0.011235955056179775
3 0.8288271830471319 0.6271910112359551 0.01351845085860431 0.01303370786516854
3 0.8991596638655462 0.6024719101123596 0.013883814395323347 0.011235955056179775
3 0.9758860065765437 0.6006741573033708 0.013883814395323347 0.011235955056179775
8 0.018268176835951774 0.5101123595505618 0.03580562659846547 0.04764044943820225
8 0.056265984654731455 0.887191011235955 0.06430398246255024 0.04943820224719101
