3 0.5193532582067614 0.28716707021791765 0.012738853503184714 0.014527845036319613
3 0.540421362077413 0.28111380145278453 0.030377266046055854 0.03438256658595642
3 0.5766780989710926 0.24527845036319612 0.030377266046055854 0.035351089588377724
3 0.6678098971092602 0.2857142857142857 0.017638412542871143 0.017433414043583534
3 0.65703086722195 0.2997578692493947 0.02253797158255757 0.01549636803874092
3 0.6724644781969623 0.3249394673123487 0.022048015678588925 0.031961259079903145
3 0.5156785889269966 0.38329297820823244 0.0102890739833415 0.009200968523002421
3 0.5022048015678588 0.39782082324455204 0.017638412542871143 0.015980629539951573
3 0.5355218030377266 0.4099273607748184 0.03233708966193043 0.03438256658595642
3 0.5083292503674669 0.46077481840193707 0.02596766291033807 0.035351089588377724
3 0.5279274865262127 0.47070217917675544 0.011268985791278784 0.013559322033898305
3 0.569328760411563 0.4716707021791768 0.019598236158745713 0.014527845036319613
3 0.5950514453699167 0.4314769975786925 0.028907398334149927 0.04552058111380145
3 0.7001469867711906 0.5547215496368039 0.019598236158745713 0.03631961259079903
3 0.686673199412053 0.5765133171912833 0.014208721215090642 0.014043583535108959
3 0.7270945614894659 0.7222760290556901 0.019598236158745713 0.03341404358353511
0 0.5928466438020578 0.34116222760290554 0.028417442430181284 0.03728813559322034
0 0.6362077413032827 0.31234866828087166 0.018128368446839783 0.03777239709443099
0 0.6653601175894169 0.23268765133171912 0.01567858892699657 0.020823244552058112
0 0.684468397844194 0.36828087167070217 0.019598236158745713 0.02953995157384988
4 0.6237138657520823 0.35447941888619855 0.013718765311121999 0.013559322033898305
0 0.48922097011268983 0.4953995157384988 0.021068103870651642 0.01646489104116223
0 0.515188633023028 0.49515738498789347 0.026947574718275354 0.0324455205811138
0 0.6095051445369917 0.46973365617433416 0.02449779519843214 0.036803874092009685
0 0.6511513963743263 0.5058111380145278 0.020578147966683 0.014043583535108959
0 0.6555609995100441 0.5401937046004842 0.027437530622243998 0.03728813559322034
0 0.7425281724644782 0.48329297820823247 0.021068103870651642 0.026150121065375304
4 0.7552670259676629 0.5292978208232445 0.0171484566389025 0.017433414043583534
0 0.6210191082802548 0.6852300242130751 0.030867221950024497 0.03777239709443099
0 0.6560509554140127 0.7329297820823245 0.034296913277805 0.04116222760290557
