5 0.048672566371681415 0.9361267245784364 0.04424778761061947 0.04292284108329075
5 0.23243102550754816 0.6085845682166582 0.05465903175429464 0.03576903423607562
5 0.5403435710567412 0.5227388860500767 0.05830296720458095 0.0398569238630557
0 0.7038001041124414 0.11420541645375575 0.035398230088495575 0.021972406745017884
0 0.7688703800104112 0.2828308635666837 0.03019260801665799 0.01481859989780276
0 0.7389380530973452 0.42003065917220234 0.03695991671004685 0.03781297904956566
0 0.7623633524206143 0.3645886561062851 0.034877667881311816 0.025038323965252938
0 0.7977615825091099 0.3229432805314256 0.031754294638209266 0.026571282575370465
3 0.7595002602811036 0.3175779253960143 0.032274856845393024 0.016862544711292796
0 0.668141592920354 0.6410321921308124 0.039042165538781884 0.03321410321921308
