0 0.11194379391100702 0.16243654822335024 0.041217798594847775 0.026552128074970715
0 0.2629976580796253 0.12709878953533776 0.03138173302107728 0.034752049980476374
0 0.14168618266978922 0.19699336196798126 0.03044496487119438 0.025380710659898477
0 0.19274004683840748 0.19796954314720813 0.052927400468384074 0.02342834830144475
0 0.17447306791569087 0.23389301054275674 0.020140515222482436 0.02030456852791878
0 0.29508196721311475 0.19055056618508395 0.06557377049180328 0.0468566966028895
0 0.253864168618267 0.20831706364701288 0.013114754098360656 0.013666536509176102
0 0.2351288056206089 0.22940257711831316 0.05526932084309134 0.025380710659898477
0 0.20562060889929742 0.2569308863725107 0.03278688524590164 0.03279968762202265
0 0.18173302107728337 0.26649746192893403 0.03372365339578454 0.02069504099960953
0 0.16018735362997658 0.28777821163607964 0.03185011709601874 0.037485357282311595
0 0.1379391100702576 0.3248730964467005 0.029508196721311476 0.024990238188207732
0 0.14824355971896955 0.35318235064427955 0.03138173302107728 0.02225693088637251
4 0.3864168618266979 0.12787973447871925 0.01592505854800937 0.012885591565794611
0 0.39625292740046836 0.17883639203436158 0.02622950819672131 0.035923467395548615
0 0.4117096018735363 0.20870753611870363 0.029976580796252927 0.023037875829754
0 0.3072599531615925 0.2551737602499024 0.04871194379391101 0.03162827020695041
0 0.30562060889929743 0.287973447871925 0.046370023419203744 0.027723545490042953
0 0.2611241217798595 0.27860210855134715 0.03044496487119438 0.016009371339320577
0 0.1939110070257611 0.30144474814525574 0.035597189695550355 0.027333073018352205
4 0.2154566744730679 0.30515423662631785 0.012177985948477752 0.010542756735650137
0 0.2189695550351288 0.327215931276845 0.03700234192037471 0.026552128074970715
0 0.43653395784543325 0.24892620070285046 0.035597189695550355 0.033190160093713394
0 0.6175644028103044 0.3162827020695041 0.0351288056206089 0.028114017961733698
0 0.5770491803278689 0.3443967200312378 0.02622950819672131 0.02342834830144475
0 0.6119437939110071 0.35415853182350643 0.026697892271662763 0.014057008980866849
0 0.5524590163934426 0.3668488871534557 0.01920374707259953 0.019133151112846546
0 0.5765807962529274 0.39105818039828194 0.027166276346604217 0.015228426395939087
0 0.5400468384074941 0.39652479500195237 0.034660421545667446 0.032409215150331905
0 0.5414519906323185 0.4265911753221398 0.03653395784543326 0.02616165560327997
0 0.5737704918032787 0.43264349863334634 0.04964871194379391 0.03826630222569309
0 0.614519906323185 0.43088637251073797 0.027166276346604217 0.021475985942991018
0 0.5913348946135831 0.4724716907458024 0.03138173302107728 0.022647403358063256
0 0.4826697892271663 0.4273721202655213 0.024824355971896955 0.01679031628270207
0 0.5173302107728337 0.4416243654822335 0.026697892271662763 0.017961733697774308
0 0.536768149882904 0.4605622803592347 0.034660421545667446 0.024599765716516987
0 0.4962529274004684 0.4664193674345959 0.04543325526932084 0.04334244435767278
0 0.45081967213114754 0.45626708317063647 0.04355971896955504 0.033190160093713394
0 0.4641686182669789 0.49004295197188597 0.04402810304449649 0.02030456852791878
0 0.3648711943793911 0.4404529480671613 0.05152224824355972 0.030456852791878174
0 0.39625292740046836 0.4755954705193284 0.022482435597189696 0.021866458414681766
0 0.3908665105386417 0.5152284263959391 0.023887587822014052 0.01210464662241312
0 0.4274004683840749 0.5367044123389301 0.029508196721311476 0.015228426395939087
0 0.40866510538641687 0.5501757126122608 0.0117096018735363 0.012495119094103866
0 0.4529274004683841 0.5632565404139008 0.027166276346604217 0.023037875829754
0 0.47540983606557374 0.5745802420929325 0.03278688524590164 0.021475985942991018
0 0.3913348946135831 0.5714564623194065 0.03138173302107728 0.01679031628270207
0 0.3845433255269321 0.5913705583756346 0.05620608899297424 0.019133151112846546
0 0.3845433255269321 0.6089418196017181 0.0234192037470726 0.016009371339320577
3 0.38243559718969555 0.6247559547051933 0.012646370023419205 0.014057008980866849
0 0.4058548009367681 0.619875048809059 0.026697892271662763 0.019133151112846546
0 0.3576112412177986 0.657555642327216 0.03231850117096019 0.01952362358453729
0 0.34262295081967215 0.6751269035532995 0.017330210772833723 0.02342834830144475
0 0.3985948477751756 0.6614603670441234 0.02529274004683841 0.02030456852791878
0 0.4201405152224824 0.6515033190160093 0.027166276346604217 0.023818820773135494
0 0.4412177985948478 0.6366653650917611 0.029039812646370025 0.018352206169465052
0 0.3700234192037471 0.6921124560718469 0.02810304449648712 0.017571261226083563
0 0.3955503512880562 0.6856696602889496 0.029508196721311476 0.016399843811011325
0 0.4297423887587822 0.6788363920343615 0.026697892271662763 0.01679031628270207
0 0.4489461358313817 0.6718078875439282 0.02857142857142857 0.02069504099960953
0 0.48735362997658077 0.6495509566575557 0.03044496487119438 0.017571261226083563
0 0.4215456674473068 0.8381491604841859 0.024355971896955503 0.024599765716516987
0 0.4131147540983607 0.8658727059742288 0.02529274004683841 0.025380710659898477
0 0.814519906323185 0.13158922295978134 0.054332552693208434 0.02889496290511519
4 0.7871194379391101 0.14154627098789535 0.009836065573770493 0.008980866848887154
0 0.8306791569086651 0.20597422881686842 0.02576112412177986 0.029285435376805936
0 0.9437939110070258 0.29441624365482233 0.04871194379391101 0.03279968762202265
0 0.9814988290398127 0.30066380320187425 0.036065573770491806 0.036704412338930105
4 0.8327868852459016 0.29207340882467786 0.01686182669789227 0.014057008980866849
0 0.9508196721311475 0.4144865286997267 0.030913348946135833 0.029285435376805936
0 0.9733021077283373 0.43771964076532605 0.029976580796252927 0.027333073018352205
0 0.8843091334894614 0.9267864115579851 0.019672131147540985 0.027723545490042953
0 0.9325526932084309 0.9373291682936353 0.03185011709601874 0.03162827020695041
0 0.9644028103044496 0.9191721983600156 0.024355971896955503 0.028114017961733698
