3 0.13841463414634148 0.12588235294117647 0.017479674796747967 0.023529411764705882
3 0.17906504065040652 0.16823529411764707 0.017479674796747967 0.02235294117647059
3 0.35345528455284553 0.3588235294117647 0.022357723577235773 0.03411764705882353
0 0.32865853658536587 0.3476470588235294 0.03373983739837398 0.04588235294117647
0 0.1603658536585366 0.14558823529411766 0.04024390243902439 0.04764705882352941
0 0.42621951219512194 0.2964705882352941 0.00934959349593496 0.011764705882352941
0 0.4504065040650406 0.34852941176470587 0.03577235772357724 0.03470588235294118
0 0.4949186991869919 0.41147058823529414 0.036178861788617886 0.033529411764705884
0 0.5892276422764228 0.21 0.03861788617886179 0.04352941176470588
3 0.6071138211382113 0.2685294117647059 0.019105691056910568 0.022941176470588236
3 0.5477642276422764 0.26735294117647057 0.011788617886178862 0.012352941176470587
3 0.6888211382113821 0.22264705882352942 0.034552845528455285 0.03588235294117647
0 0.582520325203252 0.2735294117647059 0.034959349593495934 0.05529411764705883
