1 0.016706443914081145 0.26878808395396075 0.019774974428912375 0.020311442112389978
0 0.058813501534265254 0.13642518618821936 0.015342652574156155 0.03588354773188896
4 0.5163654960790999 0.3984427894380501 0.009887487214456188 0.02098849018280298
0 0.524036822366178 0.47088693297224105 0.026593931128537335 0.04942450914014895
0 0.545346062052506 0.495260663507109 0.020115922263893624 0.04265402843601896
0 0.5535288100920559 0.6015572105619499 0.017388339584043642 0.03046716316858497
0 0.6094442550289806 0.2755585646580907 0.009887487214456188 0.023019634394041977
0 0.5801227412205933 0.36662153012863913 0.017388339584043642 0.04265402843601896
0 0.6133651551312649 0.3645903859174001 0.02113876576883737 0.03994583615436696
0 0.6053528810092056 0.41570751523358157 0.03239004432321855 0.04739336492890995
0 0.6039890896692806 0.576506431956669 0.018752130923968633 0.04129993229519296
0 0.6189907944084555 0.5551794177386594 0.016706443914081145 0.04874746106973595
0 0.630071599045346 0.6259309410968179 0.024548244118649847 0.08463100880162491
0 0.6270030685305148 0.6899119837508463 0.012274122059324924 0.04197698036560596
0 0.6476304125468804 0.6868652674339878 0.018752130923968633 0.04942450914014895
0 0.6784861916126833 0.6784021665538253 0.023184452778724857 0.05010155721056195
0 0.6914422093419706 0.7274881516587678 0.015683600409137403 0.04807041299932295
4 0.6551312649164678 0.6584292484766419 0.007841800204568702 0.015572105619498984
4 0.6941697920218206 0.6394719025050779 0.010228435049437436 0.01963439404197698
4 0.7635526764405046 0.5876777251184834 0.008523695874531197 0.023019634394041977
0 0.7313331060347766 0.6706161137440758 0.011592226389362428 0.03317535545023697
0 0.7587794067507672 0.7308733920108328 0.017388339584043642 0.05754908598510494
0 0.780600068189567 0.6851726472579553 0.0235254006137061 0.05416384563303995
0 0.801909307875895 0.7261340555179417 0.02113876576883737 0.06025727826675694
0 0.8116263211728606 0.8222748815165877 0.026934878963518583 0.04265402843601896
0 0.8256051824070917 0.7670954637779283 0.026934878963518583 0.06770480704129993
0 0.8353221957040573 0.7122545700744752 0.014319809069212411 0.033852403520649964
0 0.6525741561541084 0.42721733243060256 0.019774974428912375 0.043331076506431955
0 0.6619502216160927 0.3862559241706161 0.0235254006137061 0.05484089370345294
0 0.6864984657347426 0.3825321597833446 0.021479713603818614 0.04874746106973595
0 0.6778042959427207 0.3273527420446852 0.011592226389362428 0.027758970886932972
0 0.6619502216160927 0.52031144211239 0.029662461643368564 0.056194989844278946
0 0.6648482782134334 0.5839539607312119 0.021820661438799863 0.044008124576844956
0 0.6789976133651552 0.516926201760325 0.017388339584043642 0.04265402843601896
0 0.7003068530514831 0.4915368991198375 0.023184452778724857 0.05687203791469194
0 0.718036140470508 0.468178740690589 0.019774974428912375 0.04942450914014895
0 0.7015001704739174 0.5897088693297224 0.02079781793385612 0.04874746106973595
0 0.7217865666553017 0.5693974272173324 0.025912035458574838 0.08801624915368991
0 0.7482100238663485 0.6120514556533514 0.03034435731333106 0.06093432633716994
0 0.7558813501534265 0.6580907244414353 0.015683600409137403 0.035206499661475966
0 0.7335492669621548 0.5098171970209885 0.022843504943743608 0.055517941773865945
0 0.6919536310944425 0.21123899796885579 0.03239004432321855 0.06635071090047394
0 0.7512785543811796 0.21834800270819227 0.013978861234231163 0.04536222071767095
0 0.752983293556086 0.26506431956668924 0.01602454824411865 0.04942450914014895
0 0.711217183770883 0.2938388625592417 0.025912035458574838 0.04874746106973595
0 0.7337197408796454 0.3327691266079892 0.01909307875894988 0.06431956668923494
0 0.7555404023184453 0.3307379823967502 0.019774974428912375 0.05077860528097495
0 0.7405386975792704 0.3981042654028436 0.018411183088987385 0.04874746106973595
0 0.760654619843164 0.3811780636425186 0.02386634844868735 0.040622884224779957
0 0.7357654278895329 0.449898442789438 0.019774974428912375 0.04807041299932295
0 0.7557108762359359 0.43872714962762355 0.015342652574156155 0.04197698036560596
0 0.7717354244800545 0.41706161137440756 0.020115922263893624 0.037914691943127965
0 0.7744630071599046 0.476980365605958 0.02216160927378111 0.06431956668923494
0 0.7867371292192294 0.44346648612051454 0.018752130923968633 0.046039268788083954
0 0.7981588816911013 0.4262017603249831 0.012956017729287419 0.02234258632362898
0 0.7976474599386294 0.48239675016926203 0.018070235254006136 0.04942450914014895
0 0.7812819638595295 0.5463777928232905 0.021479713603818614 0.05687203791469194
0 0.7986703034435731 0.5328368314150305 0.018752130923968633 0.037914691943127965
0 0.8048073644732356 0.5687203791469194 0.022843504943743608 0.04874746106973595
0 0.7862257074667576 0.5880162491536899 0.018411183088987385 0.02234258632362898
0 0.8092396863279918 0.520988490182803 0.014660756904193658 0.034529451591062965
0 0.7974769860211388 0.6228842247799594 0.019774974428912375 0.04739336492890995
0 0.8140129560177293 0.6557210561949899 0.02079781793385612 0.05484089370345294
0 0.8329355608591885 0.6194989844278944 0.018411183088987385 0.037914691943127965
0 0.856290487555404 0.6428571428571429 0.018070235254006136 0.052132701421800945
0 0.8288441868394135 0.4969532836831415 0.021820661438799863 0.05145565335138795
0 0.8544152744630071 0.5524712254570074 0.015001704739174906 0.03926878808395396
3 0.8479372655983635 0.523696682464455 0.008864643709512444 0.02234258632362898
0 0.7758267984998295 0.2995937711577522 0.017388339584043642 0.05077860528097495
0 0.7838390726218889 0.34326337169939064 0.018411183088987385 0.040622884224779957
0 0.7944084555063076 0.37745429925524715 0.016365496079099897 0.04129993229519296
0 0.7976474599386294 0.10426540284360189 0.008523695874531197 0.023019634394041977
0 0.8172519604500511 0.23358158429248477 0.02113876576883737 0.05145565335138795
0 0.7979884077736107 0.2968855788761002 0.021479713603818614 0.05077860528097495
0 0.8302079781793386 0.3798239675016926 0.01909307875894988 0.05010155721056195
0 0.8257756563245824 0.3070412999322952 0.017729287419024888 0.04265402843601896
0 0.8491305830207978 0.32701421800947866 0.026252983293556086 0.046039268788083954
0 0.8842482100238663 0.2995937711577522 0.022843504943743608 0.05077860528097495
0 0.9009546539379475 0.2809749492213947 0.013296965564268667 0.04739336492890995
0 0.8842482100238663 0.3392010832769127 0.009205591544493692 0.016249153689911984
0 0.8779406750767133 0.3818551117129316 0.02727582679849983 0.06228842247799594
0 0.8475963177633822 0.45633039945836157 0.021820661438799863 0.06364251861882193
0 0.8883395840436413 0.46208530805687204 0.022843504943743608 0.05348679756262695
0 0.9132287759972724 0.449898442789438 0.015342652574156155 0.04807041299932295
0 0.912035458574838 0.5125253893026405 0.010228435049437436 0.02979011509817197
0 0.9087964541425162 0.5396073121191605 0.01943402659393113 0.020311442112389978
0 0.9151039890896693 0.5721056194989844 0.01909307875894988 0.04468517264725796
0 0.9318104330037504 0.5545023696682464 0.02250255710876236 0.04874746106973595
0 0.9116945107398569 0.6929587000677048 0.017729287419024888 0.044008124576844956
0 0.8985680190930787 0.6844955991875423 0.009205591544493692 0.016249153689911984
0 0.9423798158881691 0.6547054840893703 0.020456870098874872 0.052809749492213946
0 0.957381520627344 0.7193635748138117 0.029321513808387316 0.052132701421800945
0 0.9826116604159564 0.34190927555856465 0.020456870098874872 0.03926878808395396
0 0.9792021820661438 0.3852403520649966 0.015683600409137403 0.05010155721056195
