0 0.18701191944101933 0.03946813001266357 0.009864364981504316 0.008020261713803293
0 0.08323057953144267 0.09413254537779654 0.016029593094944512 0.017728999577880964
0 0.093711467324291 0.11059518784297172 0.016440608302507192 0.018573237653018153
0 0.11200164406083025 0.15280709159983116 0.02013974517057131 0.03208104685521317
0 0.11035758323057954 0.07154917686787673 0.026715988491574187 0.0223723089911355
0 0.14693793670365804 0.06838328408611229 0.034936292642827785 0.021950189953566904
0 0.15022605836415948 0.11122836639932461 0.035758323057953144 0.030814689742507388
0 0.19646526921496096 0.08885605740818911 0.027127003699136867 0.039257070493879276
0 0.13357994245787094 0.18868720979316167 0.06083025071927661 0.023638666103841282
0 0.1327579120427456 0.2087378640776699 0.06247431154952733 0.026593499366821444
0 0.15187011919441018 0.2245673279864922 0.035758323057953144 0.019417475728155338
0 0.1611179613645705 0.2389193752638244 0.02137279079325935 0.021950189953566904
0 0.15618577887381832 0.2581257914731954 0.03616933826551583 0.024060785141409878
0 0.16646115906288533 0.29590544533558466 0.027127003699136867 0.022794428028704093
0 0.1611179613645705 0.3239763613338962 0.0468557336621455 0.02912621359223301
0 0.062063296341964655 0.40544533558463486 0.0345252774352651 0.03503588011819333
0 0.176531031648171 0.365766146053187 0.02260583641594739 0.025749261291684256
0 0.18824496506370736 0.19544111439425918 0.02383888203863543 0.021105951878429716
0 0.22071516646115907 0.18383284086112284 0.02794903411426223 0.018995356690586745
0 0.22503082614056721 0.22815533980582525 0.026715988491574187 0.018151118615449557
0 0.1952322235922729 0.26910088644997887 0.02548294286888615 0.0223723089911355
0 0.22564734895191121 0.25580413676656816 0.026304973284011508 0.030392570704938792
0 0.20550760378133992 0.30265934993668214 0.032881216605014384 0.028704094554664415
0 0.24373201808466913 0.3003376952300549 0.029593094944512947 0.027437737441958633
0 0.2622277024249897 0.32777543267201353 0.03370324702013974 0.043478260869565216
0 0.22996300863131935 0.3419164204305614 0.034936292642827785 0.04390037990713381
0 0.20715166461159062 0.36745462220346137 0.026304973284011508 0.026593499366821444
0 0.2096177558569667 0.3942591810890671 0.026304973284011508 0.023638666103841282
0 0.3072338676531032 0.36091177712114814 0.030826140567200986 0.020261713803292527
0 0.30558980682285247 0.397002954833263 0.030826140567200986 0.024060785141409878
0 0.27270859021783805 0.45040101308569014 0.03247020139745171 0.026171380329252848
0 0.22749691738594327 0.4761502743773744 0.030826140567200986 0.029548332629801603
0 0.21516646115906288 0.5230054875474884 0.019317714755445952 0.016040523427606587
0 0.2626387176325524 0.49514563106796117 0.02548294286888615 0.017728999577880964
4 0.38491574188244965 0.43752638243984804 0.012741471434443074 0.013929928239763613
4 0.33785450061652283 0.5641620937104264 0.010686395396629675 0.010552975939214858
4 0.35552815454171804 0.6333896158716759 0.013974517057131115 0.017306880540312368
4 0.5431565967940813 0.4985225833685099 0.014385532264693794 0.015196285352469396
4 0.7147554459515002 0.38307302659349934 0.012330456226880395 0.013085690164626424
4 0.8919030004110152 0.2984381595609962 0.013152486642005754 0.013507809202195019
4 0.7998355939169749 0.960953989024905 0.013974517057131115 0.013929928239763613
4 0.7570900123304563 0.8161671591388772 0.012330456226880395 0.01561840439003799
0 0.8109330045211672 0.8547910510764035 0.04849979449239622 0.045588856057408186
0 0.7772297575010275 0.807513718868721 0.030415125359638306 0.029548332629801603
0 0.7163995067817509 0.8311523849725623 0.03945745992601726 0.043056141831996624
0 0.6810521989313605 0.86639932460954 0.02219482120838471 0.021528070915998312
0 0.37525688450472666 0.8634444913465598 0.018906699547883273 0.021528070915998312
0 0.41060419235511714 0.8636555508653441 0.04110152075626798 0.028704094554664415
