8 0.39893421536199924 0.10246059207996924 0.0687247335538405 0.0918877354863514
8 0.4546122748989342 0.1966551326412918 0.07276736493936053 0.09034986543637062
8 0.5073502388827636 0.3021914648212226 0.0900404263138552 0.11534025374855825
8 0.5744211686879823 0.4027297193387159 0.09040793825799338 0.1111111111111111
8 0.6435134141859611 0.4942329873125721 0.06835722160970231 0.10342176086120723
8 0.7017640573318633 0.5818915801614764 0.06945975744211687 0.09342560553633218
8 0.7680999632488056 0.6780084582852749 0.07350238882763689 0.10034602076124567
8 0.8296582138919515 0.76720492118416 0.06431459022418229 0.08496732026143791
8 0.8875413450937155 0.8423683198769704 0.06541712605659684 0.0915032679738562
8 0.9468945240720323 0.9231064975009612 0.0687247335538405 0.09457900807381776
3 0.3945240720323411 0.1318723567858516 0.022418228592429253 0.024605920799692427
3 0.4255788313120176 0.18223760092272204 0.012495406100698273 0.013071895424836602
3 0.4406468210216832 0.19973087274125337 0.006615214994487321 0.007304882737408689
3 0.45112091142962146 0.21914648212226068 0.009922822491730982 0.011534025374855825
3 0.4799705990444689 0.24682814302191464 0.01396545387725101 0.014609765474817378
3 0.5486953325983095 0.34717416378316035 0.022050716648291068 0.021530180699730873
1 0.4757442116868798 0.20645905420991925 0.01800808526277104 0.02768166089965398
1 0.5700110253583242 0.35793925413302574 0.01396545387725101 0.019992310649750097
3 0.5683572216097024 0.4027297193387159 0.012862918044836457 0.014994232987312572
3 0.6098860712973172 0.44809688581314877 0.014332965821389196 0.014994232987312572
3 0.7072767364939361 0.6155324875048058 0.009922822491730982 0.012302960399846213
3 0.7313487688349871 0.6328335255670896 0.008820286659316428 0.013071895424836602
3 0.7557883131201764 0.6843521722414456 0.01139287026828372 0.014609765474817378
3 0.7833517089305403 0.719915417147251 0.009187798603454611 0.008842752787389465
3 0.8318632855567806 0.7920030757401 0.009922822491730982 0.013071895424836602
3 0.8515251745681734 0.8066128412149174 0.011760382212421904 0.015378700499807767
3 0.8564865858140389 0.826797385620915 0.01065784638000735 0.013456362937331795
3 0.9114296214626976 0.8873510188389081 0.01470047776552738 0.016916570549788543
1 0.8362734288864389 0.7535563244905805 0.014332965821389196 0.019992310649750097
1 0.7427416391032708 0.618800461361015 0.01396545387725101 0.023452518262206845
1 0.7807791253215729 0.4215686274509804 0.018743109151047408 0.014994232987312572
