8 0.05726681127982646 0.1652054794520548 0.10845986984815618 0.13534246575342465
8 0.16008676789587853 0.283013698630137 0.14143167028199566 0.15397260273972602
8 0.2405639913232104 0.3904109589041096 0.06637744034707159 0.07835616438356165
8 0.30629067245119307 0.4745205479452055 0.0789587852494577 0.1073972602739726
8 0.3878524945770065 0.569041095890411 0.11800433839479392 0.13424657534246576
8 0.4924078091106291 0.6813698630136986 0.09804772234273319 0.10794520547945205
8 0.5926247288503254 0.7758904109589041 0.10151843817787419 0.10191780821917808
8 0.6900216919739697 0.8673972602739726 0.10108459869848156 0.10301369863013699
8 0.7872017353579176 0.9526027397260274 0.10108459869848156 0.09479452054794521
3 0.21431670281995663 0.35232876712328765 0.01822125813449024 0.021917808219178082
3 0.2546637744034707 0.3810958904109589 0.012147505422993492 0.016986301369863014
3 0.2754880694143167 0.4178082191780822 0.01822125813449024 0.023561643835616437
3 0.3436008676789588 0.4832876712328767 0.019956616052060738 0.02410958904109589
3 0.40824295010845985 0.56 0.022559652928416486 0.028493150684931506
3 0.4466377440347072 0.6235616438356164 0.025596529284164858 0.03397260273972603
3 0.5366594360086768 0.7364383561643836 0.01908893709327549 0.021917808219178082
1 0.48329718004338396 0.6482191780821918 0.021691973969631236 0.021917808219178082
1 0.5637744034707158 0.7279452054794521 0.016919739696312365 0.01589041095890411
1 0.6806941431670283 0.8326027397260274 0.020824295010845987 0.021369863013698632
3 0.6483731019522777 0.8104109589041096 0.018655097613882864 0.0263013698630137
3 0.7219088937093275 0.869041095890411 0.01735357917570499 0.021917808219178082
3 0.7396963123644251 0.907945205479452 0.013015184381778741 0.01315068493150685
8 0.7761388286334057 0.7731506849315068 0.0650759219088937 0.06465753424657535
8 0.9631236442516269 0.7764383561643836 0.03297180043383948 0.07342465753424658
8 0.9119305856832972 0.5827397260273972 0.031236442516268982 0.04986301369863014
3 0.9318872017353579 0.5895890410958904 0.012147505422993492 0.015342465753424657
8 0.7056399132321042 0.4715068493150685 0.028199566160520606 0.08383561643835616
8 0.5581344902386117 0.3893150684931507 0.0455531453362256 0.07178082191780821
8 0.7262472885032538 0.3219178082191781 0.0668112798264642 0.0926027397260274
8 0.49718004338394794 0.30767123287671233 0.07114967462039046 0.11123287671232877
8 0.4223427331887202 0.2126027397260274 0.07158351409978309 0.08986301369863013
8 0.32169197396963123 0.14273972602739726 0.1002169197396963 0.13315068493150686
3 0.4997830802603037 0.32493150684931504 0.015618221258134491 0.017534246575342465
1 0.7407809110629068 0.2958904109589041 0.012581344902386117 0.010958904109589041
3 0.7227765726681128 0.4745205479452055 0.006073752711496746 0.010958904109589041
