0 0.09614604462474645 0.23845556849049282 0.04787018255578093 0.04074505238649592
4 0.04685598377281947 0.2673651532790066 0.007707910750507099 0.009313154831199068
4 0.14016227180527382 0.28870779976717115 0.008519269776876268 0.010089251067132324
0 0.8401622718052738 0.29588668994955375 0.0332657200811359 0.03298409002716337
0 0.7851926977687627 0.3315871168024835 0.034482758620689655 0.033760186263096625
0 0.5403651115618662 0.14415987582460224 0.03002028397565923 0.028327512611563833
0 0.5379310344827586 0.17171129220023282 0.03488843813387424 0.024447031431897557
0 0.6014198782961461 0.15405510283275126 0.019066937119675456 0.02017850213426465
0 0.6369168356997972 0.09642995731470702 0.028397565922920892 0.01979045401629802
0 0.6517241379310345 0.11738455568490493 0.023935091277890466 0.019014357780364765
0 0.6713995943204868 0.1418315871168025 0.027586206896551724 0.021342646488164533
0 0.6973630831643002 0.15095071788901823 0.023529411764705882 0.01785021342646488
0 0.7133874239350912 0.09448971672487388 0.04746450304259635 0.046177726038028714
0 0.7403651115618661 0.05975941016686069 0.016227180527383367 0.018626309662398137
0 0.7517241379310344 0.044043461389212266 0.02434077079107505 0.021342646488164533
0 0.3709939148073022 0.8088863019014357 0.044219066937119675 0.03298409002716337
0 0.4389452332657201 0.8544819557625145 0.031643002028397565 0.037252619324796274
0 0.4774847870182556 0.8789289871944121 0.056795131845841784 0.03181994567326348
0 0.4894523326572008 0.8473030655801319 0.043407707910750506 0.02910360884749709
2 0.5010141987829615 0.8659293752425301 0.011359026369168357 0.006596818005432673
3 0.5070993914807302 0.8325572370974 0.02515212981744422 0.027551416375630577
0 0.5267748478701826 0.8690337601862631 0.03286004056795132 0.033760186263096625
0 0.5567951318458418 0.8500194024058983 0.044219066937119675 0.0446255335661622
0 0.6016227180527384 0.9819557625145519 0.025963488843813387 0.0236709351959643
0 0.6247464503042597 0.9588668994955375 0.03002028397565923 0.026387272021730693
0 0.6762677484787019 0.9641055490880869 0.030831643002028397 0.02910360884749709
0 0.6298174442190669 0.8977493209157935 0.030425963488843813 0.020566550252231277
0 0.6239350912778905 0.8618548700038805 0.03002028397565923 0.020954598370197905
0 0.608316430020284 0.8168412883197517 0.03123732251521298 0.023282887077997673
0 0.5912778904665315 0.7920062087698875 0.02718052738336714 0.023282887077997673
0 0.5892494929006086 0.5999223903764067 0.03610547667342799 0.03414823438106325
0 0.6259634888438134 0.6656965463717501 0.03488843813387424 0.02211874272409779
0 0.6375253549695741 0.6823826154443151 0.025557809330628803 0.0236709351959643
0 0.6 0.7334109429569267 0.03975659229208925 0.02716336825766395
0 0.6070993914807302 0.7629025999223904 0.027991886409736308 0.02716336825766395
0 0.6296146044624746 0.7844392704695382 0.0332657200811359 0.037640667442762905
0 0.6884381338742394 0.710128055878929 0.0486815415821501 0.042685292976329066
0 0.7251521298174443 0.7239037640667443 0.024746450304259635 0.033760186263096625
0 0.6884381338742394 0.7500970120294916 0.018661257606490872 0.019402405898331393
0 0.6797160243407708 0.7679472254559565 0.01744421906693712 0.019402405898331393
0 0.6997971602434077 0.7857974388824214 0.027586206896551724 0.017074117190531625
0 0.7042596348884381 0.7683352735739232 0.03002028397565923 0.01785021342646488
0 0.7383367139959433 0.7770663562281723 0.042190669371196754 0.020566550252231277
0 0.7738336713995944 0.6757857974388825 0.03691683569979716 0.03686457120682965
0 0.8342799188640974 0.66686069072565 0.030425963488843813 0.033760186263096625
0 0.8288032454361055 0.6916957702755142 0.028397565922920892 0.03453628249902988
0 0.8233265720081135 0.7128443927046954 0.023935091277890466 0.01241753977493209
0 0.7920892494929006 0.7301125339542103 0.02718052738336714 0.03220799379123011
2 0.7791075050709939 0.7244858362436942 0.008519269776876268 0.013193636010865347
0 0.8176470588235294 0.7303065580131937 0.030425963488843813 0.02871556072953046
0 0.8614604462474645 0.7052774544043462 0.029614604462474645 0.03841676367869616
0 0.8519269776876268 0.7436942180830423 0.026774847870182555 0.037640667442762905
0 0.8450304259634889 0.7726038028715561 0.023529411764705882 0.020954598370197905
0 0.7732251521298175 0.7652308886301902 0.028397565922920892 0.03958090803259604
0 0.8030425963488844 0.7793946449359721 0.033671399594320486 0.037640667442762905
0 0.7957403651115619 0.8032596041909197 0.033671399594320486 0.030267753201396973
0 0.8354969574036512 0.8001552192471867 0.029614604462474645 0.038804811796662786
0 0.8535496957403651 0.8112145906092355 0.021906693711967545 0.02910360884749709
0 0.8099391480730224 0.837407838571983 0.01744421906693712 0.015521924718665115
0 0.8389452332657201 0.8492433061699651 0.03488843813387424 0.02677532013969732
0 0.8545638945233266 0.8686457120682964 0.015010141987829614 0.01979045401629802
4 0.8344827586206897 0.8752425300737291 0.008113590263691683 0.008149010477299184
0 0.7604462474645031 0.8896003104384944 0.02718052738336714 0.025999223903764065
0 0.7198782961460446 0.8478851377570819 0.04584178498985801 0.03181994567326348
0 0.7367139959432049 0.8036476523088864 0.04462474645030426 0.014745828482731859
0 0.6815415821501014 0.8304229724485837 0.03569979716024341 0.023282887077997673
0 0.6754563894523327 0.8502134264648816 0.031643002028397565 0.025611175785797437
0 0.665314401622718 0.8771827706635623 0.0332657200811359 0.028327512611563833
3 0.7251521298174443 0.9538222739619713 0.023123732251521298 0.02017850213426465
3 0.7442190669371197 0.9346138921226232 0.023123732251521298 0.01823826154443151
