3 0.017064846416382253 0.12696245733788397 0.015168752370117557 0.021843003412969283
3 0.0968904057641259 0.12627986348122866 0.013272658323852863 0.01911262798634812
0 0.2161547212741752 0.17474402730375427 0.009101251422070534 0.015017064846416382
0 0.21994690936670458 0.1539249146757679 0.008342813803564657 0.014334470989761093
0 0.23777019340159272 0.12320819112627987 0.02502844141069397 0.019795221843003412
0 0.24061433447098976 0.15699658703071673 0.023890784982935155 0.03686006825938567
0 0.251611679939325 0.13447098976109215 0.00720515737580584 0.013651877133105802
3 0.30621918847174817 0.07098976109215017 0.013272658323852863 0.031399317406143344
3 0.35115661736822146 0.2092150170648464 0.017444065225635193 0.025255972696245733
3 0.3837694349639742 0.40784982935153585 0.015927189988623434 0.018430034129692834
3 0.4855896852483883 0.4802047781569966 0.015547971179370497 0.023890784982935155
4 0.2815699658703072 0.6156996587030716 0.009480470231323474 0.016382252559726963
0 0.36575654152445963 0.5187713310580204 0.03375047402351156 0.060068259385665526
0 0.30735684489950704 0.658703071672355 0.04133485020857035 0.07918088737201365
0 0.34945013272658326 0.6102389078498294 0.029958285930982178 0.050511945392491465
0 0.3430034129692833 0.6532423208191126 0.01782328403488813 0.032764505119453925
0 0.39495638983693593 0.5511945392491467 0.026166097838452786 0.05392491467576792
0 0.45582100872203263 0.5249146757679181 0.034129692832764506 0.040955631399317405
0 0.4218809252938946 0.595221843003413 0.03678422449753508 0.04778156996587031
0 0.4326886613576033 0.5709897610921502 0.03337125521425863 0.049829351535836175
0 0.4154342055365946 0.6464163822525597 0.053469852104664393 0.027303754266211604
8 0.6103526734926052 0.5501706484641639 0.022373909745923397 0.04368600682593857
3 0.5527114144861585 0.589419795221843 0.005688282138794084 0.007508532423208191
1 0.5737580583996966 0.7464163822525597 0.008342813803564657 0.030716723549488054
0 0.5280621918847175 0.7075085324232082 0.011755783086841108 0.023890784982935155
1 0.5475919605612438 0.7716723549488055 0.0075843761850587785 0.032081911262798635
8 0.9694728858551385 0.15017064846416384 0.06105422828972317 0.08873720136518772
8 0.928896473265074 0.741296928327645 0.03830109973454683 0.07781569965870307
