3 0.2866276945560833 0.03785103785103785 0.017172086225794667 0.017094017094017096
3 0.25118743149433687 0.10093610093610093 0.016441359152356595 0.01628001628001628
0 0.010595542564852027 0.5101750101750102 0.019729630982827914 0.02971102971102971
0 0.040738034344172454 0.5154660154660154 0.02009499451954695 0.028897028897028897
0 0.0659481183777859 0.535002035002035 0.01351845085860431 0.015873015873015872
0 0.07234198027036902 0.4765974765974766 0.019729630982827914 0.02442002442002442
3 0.11417610522469858 0.46377696377696376 0.02009499451954695 0.028083028083028084
3 0.09919620021921813 0.5063085063085063 0.015710632078918523 0.02197802197802198
0 0.12933869199853854 0.5132275132275133 0.01680672268907563 0.02197802197802198
3 0.12970405553525757 0.5411070411070411 0.018268176835951774 0.020757020757020756
0 0.1607599561563756 0.489010989010989 0.02411399342345634 0.026455026455026454
3 0.20679576178297407 0.5020350020350021 0.013883814395323347 0.016687016687016686
0 0.19875776397515527 0.5547415547415547 0.019729630982827914 0.017094017094017096
0 0.1936426744610888 0.57997557997558 0.037997807818779684 0.035002035002035005
1 0.23127511874314943 0.532967032967033 0.00876872488125685 0.022385022385022386
8 0.26854219948849106 0.4607244607244607 0.056265984654731455 0.05942205942205942
3 0.26123492875411036 0.5832315832315832 0.013883814395323347 0.019536019536019536
3 0.2668980635732554 0.6906796906796907 0.0076726342710997444 0.010582010582010581
1 0.2743880160759956 0.7279202279202279 0.005115089514066497 0.015873015873015872
8 0.26854219948849106 0.7352462352462352 0.009499451954694921 0.017501017501017502
3 0.25849470222871757 0.8433048433048433 0.010595542564852027 0.014652014652014652
8 0.3639020825721593 0.9143264143264144 0.043843624406284254 0.05168905168905169
3 0.2773109243697479 0.9914529914529915 0.00803799780781878 0.013838013838013839
7 0.21556448666423092 0.7781847781847782 0.09937888198757763 0.10093610093610093
8 0.6158202411399343 0.07916157916157916 0.04201680672268908 0.05413105413105413
8 0.5635732553891122 0.23341473341473343 0.021556448666423093 0.04354904354904355
8 0.7431494336865181 0.19291819291819293 0.052612349287541105 0.07163207163207164
8 0.6591158202411399 0.4163614163614164 0.05115089514066496 0.06267806267806268
8 0.5798319327731093 0.4981684981684982 0.0453050785531604 0.05616605616605617
8 0.7203142126415784 0.5543345543345544 0.043478260869565216 0.05860805860805861
8 0.7338326635001827 0.6406186406186406 0.058092802338326636 0.07081807081807082
8 0.7363902082572159 0.734025234025234 0.06832298136645963 0.0468050468050468
8 0.7701863354037267 0.8278388278388278 0.07818779685787358 0.10419210419210419
8 0.8207891852393131 0.07203907203907203 0.04786262331019364 0.10989010989010989
8 0.845085860431129 0.184981684981685 0.04092071611253197 0.10948310948310948
8 0.8724881256850566 0.29853479853479853 0.0453050785531604 0.10704110704110704
8 0.8997077091706248 0.41615791615791614 0.03909389842893679 0.10541310541310542
8 0.9249177932042382 0.5848595848595849 0.050054804530507854 0.21082621082621084
8 0.9366094263792474 0.7315832315832316 0.025940811107051515 0.06471306471306472
8 0.9448301059554256 0.8878713878713879 0.06357325538911217 0.22425722425722425
3 0.649251004749726 0.4078144078144078 0.00803799780781878 0.00814000814000814
3 0.7331019364267446 0.6253561253561254 0.008403361344537815 0.013431013431013432
3 0.9389842893679211 0.7694342694342694 0.015345268542199489 0.012617012617012617
3 0.9243697478991597 0.72995522995523 0.010960906101571063 0.008547008547008548
3 0.9252831567409573 0.6965811965811965 0.018633540372670808 0.011803011803011803
3 0.9101205699671173 0.618030118030118 0.010230179028132993 0.018315018315018316
3 0.901899890390939 0.5372405372405372 0.014979905005480453 0.018722018722018723
3 0.9048227986846913 0.47557997557997556 0.02082572159298502 0.017501017501017502
3 0.8940445743514798 0.3544973544973545 0.015345268542199489 0.015466015466015465
3 0.8512970405553526 0.24582824582824583 0.018268176835951774 0.013838013838013839
3 0.8260869565217391 0.16361416361416362 0.01607599561563756 0.013024013024013023
3 0.8308366824990866 0.12962962962962962 0.010230179028132993 0.012617012617012617
1 0.8386919985385458 0.21102971102971102 0.010595542564852027 0.022385022385022386
1 0.8713920350748995 0.3443223443223443 0.009499451954694921 0.01628001628001628
1 0.8905736207526489 0.44017094017094016 0.008403361344537815 0.0231990231990232
