0 0.164804469273743 0.2869518137520303 0.04926358557643474 0.055224688684353006
0 0.37938039614017266 0.2834325933946941 0.02133062468257999 0.017866811044937737
0 0.3895378364652108 0.26475365457498645 0.0223463687150838 0.02598808879263671
0 0.1947689182326054 0.39252842447211694 0.020822752666328086 0.036816459122902004
0 0.08151345860843068 0.3156469951272334 0.031995937023869984 0.04547915538711424
3 0.43219908583037076 0.3094206821873308 0.023362112747587607 0.016783974011911208
3 0.6259522600304723 0.4288034650785057 0.019807008633824275 0.01949106659447753
3 0.6350939563230066 0.5170546832701678 0.019807008633824275 0.023822414726583648
3 0.5881157948197054 0.5557661072008663 0.019299136617572373 0.017866811044937737
3 0.46317927882173693 0.5711965349214944 0.02031488065007618 0.01949106659447753
1 0.3557643473844591 0.5771521386031402 0.0228542407313357 0.010828370330265295
3 0.33164042661249366 0.6169463995668651 0.02133062468257999 0.017866811044937737
3 0.27196546470289484 0.5814834867352463 0.020822752666328086 0.02490525175961018
1 0.35017775520568817 0.5592853275582025 0.012696800406297613 0.008662696264212236
3 0.14144235652615542 0.5877097996751489 0.023869984763839513 0.01353546291283162
0 0.18410360589131539 0.3375744450460206 0.03504316912138141 0.05468327016783974
0 0.22600304723209752 0.32241472658364917 0.01218892839004571 0.016783974011911208
