0 0.14770070148090414 0.1571334648257725 0.07716289945440374 0.0631163708086785
0 0.17420109119251753 0.22189349112426035 0.08028059236165237 0.07955292570677186
0 0.2244738893219018 0.2807363576594346 0.05300077942322681 0.049967126890203814
0 0.3156664068589244 0.18376068376068377 0.026500389711613406 0.023011176857330704
0 0.3932190179267342 0.22024983563445102 0.10678098207326578 0.08941485864562787
0 0.4598597038191738 0.3050624589086128 0.0701480904130943 0.0973044049967127
0 0.4844115354637568 0.40401051939513477 0.05533904910366329 0.07297830374753451
0 0.3975058456742011 0.43129520052596976 0.04520654715510522 0.047337278106508875
0 0.18355416991426343 0.4188034188034188 0.036632891660171474 0.04865220249835635
0 0.2283710054559626 0.41420118343195267 0.04988308651597818 0.04865220249835635
0 0.03780202650038971 0.40631163708086787 0.0646921278254092 0.06837606837606838
0 0.08768511301636789 0.4418145956607495 0.08028059236165237 0.05917159763313609
0 0.1691348402182385 0.47863247863247865 0.05144193296960249 0.06180144641683103
0 0.21005455962587685 0.4898093359631821 0.05845674201091192 0.06180144641683103
0 0.04403741231488698 0.5818540433925049 0.08651597817614964 0.11965811965811966
3 0.49181605611847234 0.4648257725180802 0.07638347622759158 0.06969099276791585
0 0.539360872954014 0.4710716633793557 0.028059236165237724 0.034845496383957925
0 0.43686671862821513 0.6130834976988823 0.20031176929072486 0.17159763313609466
2 0.5366328916601715 0.5943458251150558 0.013250194855806703 0.011834319526627219
2 0.5229929851909587 0.5834976988823143 0.014029618082618862 0.012491781722550954
2 0.5105222135619641 0.5969756738987508 0.014029618082618862 0.015779092702169626
2 0.49727201870615745 0.6124260355029586 0.014029618082618862 0.01643655489809336
2 0.4809041309431021 0.6265614727153189 0.014029618082618862 0.013149243918474688
2 0.4922057677318784 0.6387245233399079 0.014809041309431021 0.015121630506245891
2 0.4353078721745908 0.6824457593688363 0.013250194855806703 0.014464168310322156
2 0.4469992205767732 0.4539776462853386 0.010132501948558068 0.015121630506245891
0 0.5362431800467654 0.628862590401052 0.09664848012470771 0.09007232084155162
0 0.4450506625097428 0.7110453648915187 0.12470771628994544 0.09664694280078895
2 0.38893219017926733 0.7488494411571335 0.01558846453624318 0.01051939513477975
0 0.5744349181605611 0.665680473372781 0.01558846453624318 0.015121630506245891
0 0.23850350740452064 0.9099276791584484 0.04676539360872954 0.04076265614727153
4 0.9220576773187841 0.7412886259040106 0.020265003897116135 0.0190664036817883
0 0.021434138737334373 0.9326101249178173 0.01636788776305534 0.011176857330703484
