0 0.22927409758032527 0.601687186502508 0.03728679095596985 0.044231646146830825
0 0.2504958349861166 0.5688554491564067 0.04165013883379611 0.03784769721842225
0 0.22213407378024594 0.5503875968992248 0.009520031733439112 0.010031919744642043
0 0.28560095200317337 0.5364797081623347 0.009520031733439112 0.01595987232102143
1 0.15093216977389926 0.5262197902416781 0.011503371677905593 0.020975832193342453
0 0.13447044823482746 0.46716826265389877 0.007933359777865925 0.0168718650250798
3 0.12772709242364141 0.4236206110351117 0.013486711622372074 0.020975832193342453
3 0.08885362951209837 0.3123575011399909 0.012693375644585482 0.01823985408116735
3 0.16620388734629116 0.1876424988600091 0.014280047600158666 0.014135886912904697
3 0.2058706862356208 0.20132238942088462 0.01586671955573185 0.0168718650250798
3 0.27270924236414124 0.2856817145462836 0.015470051566838556 0.0196078431372549
3 0.3536295120983737 0.36707706338349294 0.015470051566838556 0.016415868673050615
3 0.3548195160650536 0.42042863657090745 0.016263387544625148 0.020975832193342453
1 0.3159460531535105 0.3684450524395805 0.009123363744545815 0.019151846785225718
3 0.4131297104323681 0.5088919288645691 0.013090043633478779 0.01823985408116735
3 0.49821499404998015 0.6073871409028728 0.011106703689012296 0.01459188326493388
3 0.6090836969456564 0.6108071135430917 0.014676715589051963 0.0168718650250798
1 0.7354224514081713 0.5953032375740994 0.01745339151130504 0.005927952576379389
3 0.7314557715192384 0.6543547651618787 0.010313367711225704 0.01823985408116735
1 0.7364141213804046 0.6940264477884177 0.011503371677905593 0.015503875968992248
1 0.7112257040856803 0.7131782945736435 0.007933359777865925 0.005471956224350205
3 0.7399841332804443 0.7478340173278614 0.010710035700119 0.020063839489284085
3 0.7364141213804046 0.825125398996808 0.010710035700119 0.015047879616963064
1 0.7370091233637446 0.8588691290469677 0.00872669575565252 0.008663930688554491
3 0.9535898452994843 0.8253533971728226 0.014280047600158666 0.016415868673050615
