0 0.14444444444444443 0.12656641604010024 0.06360153256704981 0.05430242272347535
0 0.13448275862068965 0.18295739348370926 0.055938697318007664 0.05179615705931495
0 0.2149425287356322 0.1971595655806182 0.05134099616858238 0.05847953216374269
0 0.2367816091954023 0.22807017543859648 0.04597701149425287 0.026733500417710943
0 0.07816091954022988 0.29406850459482037 0.03984674329501916 0.04177109440267335
0 0.19770114942528735 0.34461152882205515 0.041379310344827586 0.059314954051796154
0 0.19042145593869733 0.4741019214703425 0.04980842911877394 0.07602339181286549
0 0.1363984674329502 0.5380116959064327 0.041379310344827586 0.045112781954887216
0 0.3260536398467433 0.5196324143692564 0.016091954022988506 0.01670843776106934
0 0.3275862068965517 0.539264828738513 0.014559386973180077 0.012531328320802004
0 0.135632183908046 0.5756056808688388 0.01685823754789272 0.01670843776106934
0 0.1793103448275862 0.5852130325814536 0.07203065134099616 0.07769423558897243
0 0.1674329501915709 0.66624895572264 0.0789272030651341 0.055973266499582286
0 0.19386973180076628 0.6883876357560568 0.03218390804597701 0.026733500417710943
0 0.23869731800766283 0.6010860484544696 0.05134099616858238 0.06432748538011696
0 0.25862068965517243 0.6441102756892231 0.037547892720306515 0.03842940685045948
0 0.32375478927203066 0.6549707602339181 0.04061302681992337 0.036758563074352546
0 0.36053639846743296 0.6353383458646616 0.04674329501915709 0.06265664160401002
0 0.3969348659003831 0.6888053467000835 0.03218390804597701 0.04594820384294068
0 0.31340996168582375 0.9273182957393483 0.01532567049808429 0.01670843776106934
0 0.7632183908045977 0.47577276524644946 0.01532567049808429 0.029239766081871343
1 0.8555555555555555 0.581453634085213 0.022222222222222223 0.03508771929824561
3 0.9065134099616858 0.7819548872180451 0.029118773946360154 0.03842940685045948
