1 0.22672811059907835 0.13014899211218228 0.04055299539170507 0.025416301489921123
1 0.14285714285714285 0.12971078001752848 0.018433179723502304 0.019281332164767746
3 0.1552995391705069 0.20289219982471515 0.059907834101382486 0.03943908851884312
2 0.3728110599078341 0.5236634531113059 0.02119815668202765 0.009640666082383873
2 0.4336405529953917 0.5170902716914987 0.01935483870967742 0.008764241893076249
2 0.43410138248847924 0.5306748466257669 0.018433179723502304 0.007887817703768623
2 0.8990783410138249 0.31113058720420683 0.013824884792626729 0.026292725679228746
2 0.9129032258064517 0.2852760736196319 0.01566820276497696 0.02366345311130587
3 0.18202764976958524 0.9070990359333918 0.041474654377880185 0.028045574057843997
3 0.3327188940092166 0.9430324276950044 0.04423963133640553 0.029798422436459245
3 0.532258064516129 0.85977212971078 0.04331797235023042 0.029798422436459245
1 0.7041474654377881 0.9881682734443471 0.014746543778801843 0.021910604732690624
