1 0.03488372093023256 0.06994144437215355 0.007751937984496124 0.01626545217957059
1 0.07820337437300502 0.263825634352635 0.015047879616963064 0.02147039687703318
1 0.09165526675786594 0.3435263500325309 0.016415868673050615 0.031229668184775537
1 0.09233926128590972 0.4359141184124919 0.02416780665754674 0.007807417046193884
1 0.08481532147742818 0.45738451528952506 0.020975832193342453 0.015614834092387769
1 0.09895120839033288 0.4850357839947951 0.012767897856817145 0.026675341574495772
8 0.07523939808481532 0.3614183474300586 0.02918376652986776 0.044892648015614836
2 0.11149110807113544 0.35621340273259594 0.012311901504787962 0.02147039687703318
3 0.09074327405380757 0.5266753415744958 0.01459188326493388 0.02797657774886142
3 0.08230734154126768 0.6193884189980482 0.012311901504787962 0.026024723487312947
3 0.0674874601003192 0.6851008458035134 0.011855905152758778 0.027325959661678594
3 0.09119927040583675 0.7547169811320755 0.020063839489284085 0.02342225113858165
1 0.15253077975376197 0.7521145087833442 0.005927952576379389 0.028627195836044242
2 0.13315093479252166 0.6447625243981783 0.006383948928408573 0.013012361743656473
2 0.17373461012311903 0.599544567338972 0.009119927040583675 0.01236174365647365
2 0.2186502507979936 0.5455432661027977 0.010487916096671226 0.0071567989590110605
0 0.24350205198358413 0.8168510084580352 0.013679890560875513 0.02147039687703318
0 0.3178294573643411 0.6037735849056604 0.030095759233926128 0.04424202992843201
2 0.3376652986776106 0.6005204944697463 0.007751937984496124 0.006506180871828237
0 0.32991336069311444 0.49414443721535456 0.04331965344277246 0.04229017566688354
0 0.34952120383036933 0.3757319453480807 0.040583675330597355 0.07482108002602472
2 0.3622891016871865 0.4378659726740403 0.010487916096671226 0.009108653220559532
2 0.3650250797993616 0.30513988288874433 0.025079799361605107 0.02992843201040989
2 0.3545371637026904 0.23715029277813923 0.029639762881896944 0.038386467143786594
0 0.33561331509347925 0.11320754716981132 0.03556771545827633 0.03903708523096942
0 0.34701322389420886 0.14606376057254392 0.024623803009575923 0.044892648015614836
0 0.3399452804377565 0.048796356538711776 0.03967168262653899 0.0494469746258946
0 0.3996808025535796 0.04424202992843201 0.03511171910624715 0.07677293428757319
0 0.47036023711810304 0.08197787898503578 0.0168718650250798 0.01951854261548471
0 0.39443684450524397 0.11515940143135979 0.04377564979480164 0.06766428106701367
0 0.4019607843137255 0.18379960962914768 0.03419972640218878 0.06961613532856213
0 0.41472868217054265 0.2358490566037736 0.028727770177838577 0.044892648015614836
0 0.4331965344277246 0.21437865972674042 0.023711810305517556 0.02797657774886142
0 0.42248062015503873 0.27586206896551724 0.023255813953488372 0.028627195836044242
0 0.4325125398996808 0.3155497722836695 0.04331965344277246 0.04424202992843201
0 0.41336069311445506 0.3620689655172414 0.023255813953488372 0.03057905009759271
0 0.39306885544915643 0.46356538711776185 0.027359781121751026 0.039687703318152245
0 0.39420884632922937 0.5243981782693559 0.029639762881896944 0.028627195836044242
0 0.38258093935248516 0.549772283669486 0.034655722754217966 0.05204944697462589
0 0.3695850433196534 0.6431359791802213 0.03146374829001368 0.04229017566688354
0 0.36114911080711354 0.6958360442420299 0.017327861377108983 0.038386467143786594
0 0.47058823529411764 0.6837996096291477 0.027359781121751026 0.03643461288223813
0 0.4487004103967168 0.7264150943396226 0.022799817601459188 0.02277163305139883
0 0.4632922936616507 0.7537410540013012 0.020063839489284085 0.039687703318152245
0 0.5170998632010944 0.5783994795055303 0.01459188326493388 0.0247234873129473
0 0.5262197902416781 0.6076772934287573 0.020975832193342453 0.03513337670787248
0 0.5255357957136343 0.6330513988288874 0.0196078431372549 0.013012361743656473
0 0.5460556315549475 0.5849056603773585 0.021431828545371637 0.02342225113858165
0 0.551983584131327 0.6229668184775536 0.02051983584131327 0.02277163305139883
0 0.5896032831737346 0.549772283669486 0.017327861377108983 0.03513337670787248
0 0.45690834473324216 0.3880936890045543 0.028271773825809393 0.04229017566688354
0 0.5683994528043775 0.039687703318152245 0.05699954400364797 0.07286922576447626
0 0.584359325125399 0.13793103448275862 0.04240766073871409 0.12491867273910215
0 0.615595075239398 0.308067664281067 0.04377564979480164 0.12296681847755368
0 0.7961696306429549 0.10474951203643461 0.0674874601003192 0.20819778789850357
2 0.8303693570451436 0.21860767729342875 0.008207934336525308 0.006506180871828237
2 0.8331053351573188 0.22608978529603124 0.008207934336525308 0.0071567989590110605
2 0.79890560875513 0.23454782042940794 0.01094391244870041 0.0071567989590110605
2 0.7975376196990424 0.24398178269355889 0.00729594163246694 0.006506180871828237
0 0.7455540355677155 0.33116460637605727 0.028271773825809393 0.02992843201040989
0 0.8431372549019608 0.3240078074170462 0.01459188326493388 0.018217306441119064
0 0.8679890560875513 0.07742355237475602 0.04605563155494756 0.07807417046193885
2 0.8488372093023255 0.13597918022121014 0.005015959872321021 0.014313597918022121
0 0.8864569083447332 0.17176317501626545 0.046511627906976744 0.08588158750813273
0 0.8974008207934336 0.2332465842550423 0.02918376652986776 0.048796356538711776
2 0.8951208390332878 0.28724788549121666 0.01094391244870041 0.008458035133376708
0 0.8974008207934336 0.31945348080676644 0.0364797081623347 0.0494469746258946
0 0.8898768809849521 0.3682498373454782 0.04149566803465572 0.06896551724137931
0 0.9149566803465572 0.3705270006506181 0.02051983584131327 0.029277813923227064
4 0.9662562699498404 0.36955107351984384 0.020063839489284085 0.02992843201040989
0 0.8492932056543547 0.4229017566688354 0.040583675330597355 0.05985686402081978
0 0.8948928408572732 0.4394925178919974 0.01595987232102143 0.013662979830839297
0 0.84359325125399 0.4886141834743006 0.034655722754217966 0.04033832140533507
0 0.8233014135886912 0.47657774886141835 0.005927952576379389 0.005855562784645413
0 0.8367533059735522 0.5299284320104098 0.027359781121751026 0.043591411841249185
0 0.854765161878705 0.5143135979180221 0.011399908800729594 0.01756668835393624
0 0.7881896944824441 0.5572543916720885 0.03237574099407205 0.029277813923227064
0 0.7808937528499772 0.5351333767078725 0.011399908800729594 0.02277163305139883
0 0.7856817145462837 0.4990240728692258 0.031007751937984496 0.0494469746258946
2 0.8034655722754218 0.5188679245283019 0.006383948928408573 0.020169160702667534
0 0.7945736434108527 0.44664931685100845 0.03419972640218878 0.06441119063109954
0 0.8030095759233926 0.39915419648666234 0.038303693570451436 0.04229017566688354
0 0.8132694938440492 0.7338972023422251 0.02051983584131327 0.022121014964216004
0 0.8269493844049247 0.756668835393624 0.02051983584131327 0.05074821080026025
0 0.8643410852713178 0.7885491216655823 0.036935704514363885 0.05985686402081978
