0 0.04907539118065434 0.8670241286863271 0.028923660502607872 0.03753351206434316
3 0.023233760075865337 0.8294906166219839 0.00948316737790422 0.013941018766756031
0 0.038643907064959696 0.8372654155495979 0.026078710289236605 0.023056300268096516
0 0.05476529160739687 0.7766756032171582 0.036510194404931244 0.039142091152815014
0 0.12304409672830725 0.8857908847184987 0.017543859649122806 0.028954423592493297
0 0.26173541963015645 0.8579088471849866 0.02844950213371266 0.027882037533512063
0 0.13134186818397345 0.8514745308310991 0.02939781887150308 0.032171581769437
0 0.1555239449976292 0.817426273458445 0.044570886676149835 0.04664879356568365
0 0.18990042674253202 0.7911528150134048 0.03176861071597914 0.05201072386058981
0 0.10502607871028924 0.7793565683646113 0.013750592697961118 0.012332439678284183
2 0.11356092935040303 0.792225201072386 0.010905642484589853 0.012332439678284183
0 0.12209577999051684 0.7568364611260053 0.026078710289236605 0.035924932975871314
0 0.11830251303935514 0.7233243967828418 0.03556187766714083 0.03324396782841823
0 0.14461830251303937 0.718230563002681 0.010431484115694643 0.015549597855227882
0 0.1541014698909436 0.7343163538873995 0.01991465149359886 0.032707774798927614
0 0.112375533428165 0.6697050938337802 0.025604551920341393 0.013941018766756031
0 0.12825983878615457 0.6903485254691689 0.023233760075865337 0.032707774798927614
0 0.20578473210052156 0.6876675603217158 0.03793266951161688 0.039142091152815014
0 0.05879563774300616 0.7442359249329759 0.03319108582266477 0.03324396782841823
0 0.06258890469416785 0.7096514745308311 0.034139402560455195 0.03806970509383378
0 0.025130393551446185 0.7016085790884719 0.020862968231389285 0.030563002680965148
0 0.05310573731626363 0.667828418230563 0.05215742057847321 0.03485254691689008
0 0.18729255571360834 0.6458445040214478 0.02939781887150308 0.033780160857908845
0 0.15599810336652442 0.6380697050938338 0.027501185395922237 0.031099195710455763
0 0.04954954954954955 0.6211796246648793 0.0431484115694642 0.026273458445040216
0 0.013987671882408724 0.6045576407506702 0.02418207681365576 0.03806970509383378
0 0.10146989094357516 0.5924932975871313 0.02275960170697013 0.030026809651474532
0 0.12754860123281175 0.5919571045576407 0.027501185395922237 0.032171581769437
0 0.07112375533428165 0.5024128686327077 0.012328117591275486 0.0096514745308311
0 0.09340919867235657 0.5085790884718498 0.02939781887150308 0.02091152815013405
0 0.09767662399241346 0.5485254691689008 0.02370791844476055 0.055764075067024126
0 0.12541488857278332 0.5420911528150134 0.013750592697961118 0.0096514745308311
0 0.1339497392128971 0.5587131367292225 0.02702702702702703 0.03324396782841823
0 0.09838786154575628 0.446112600536193 0.01849217638691323 0.030026809651474532
0 0.026552868658131817 0.5158176943699732 0.027501185395922237 0.04611260053619303
2 0.044570886676149835 0.5246648793565684 0.00948316737790422 0.005898123324396783
2 0.047178757705073494 0.5402144772117963 0.009009009009009009 0.005898123324396783
4 0.0388809862494073 0.3646112600536193 0.013276434329065908 0.015013404825737266
0 0.1934566145092461 0.32144772117962467 0.018018018018018018 0.01876675603217158
0 0.2889995258416311 0.257372654155496 0.00995732574679943 0.011796246648793566
0 0.2335229966808914 0.2415549597855228 0.016595542911332386 0.019839142091152815
0 0.23589378852536746 0.28257372654155494 0.0431484115694642 0.04504021447721179
0 0.3807491702228544 0.1579088471849866 0.04172593646277857 0.043431635388739946
0 0.39521100047415836 0.13431635388739946 0.016595542911332386 0.01876675603217158
0 0.41512565196775725 0.1260053619302949 0.02418207681365576 0.0193029490616622
0 0.43859649122807015 0.11072386058981233 0.03224276908487435 0.03806970509383378
4 0.6865813181602656 0.2160857908847185 0.01422475106685633 0.017158176943699734
4 0.43551446183025133 0.5163538873994639 0.012802275960170697 0.015013404825737266
5 0.7418207681365576 0.7900804289544235 0.03745851114272167 0.02520107238605898
5 0.9369369369369369 0.8651474530831099 0.04267425320056899 0.026273458445040216
