3 0.07292980243799915 0.030817009077878644 0.018915510718789406 0.019589106545628284
3 0.10697772173182009 0.04945054945054945 0.010508617065994116 0.00716674629718108
0 0.13787305590584278 0.08361204013377926 0.014291719209751997 0.015289058767319636
0 0.25493905002101724 0.2709030100334448 0.006305170239596469 0.017200191113234592
3 0.29255989911727615 0.2529861442904921 0.015973097940311057 0.01385570950788342
3 0.34131988230348886 0.27066411849020544 0.015973097940311057 0.01385570950788342
3 0.367801597309794 0.2904921165790731 0.013451029844472467 0.008600095556617296
3 0.4489281210592686 0.28953655040611564 0.017654476670870115 0.019111323459149548
3 0.6166456494325346 0.6268514094601051 0.016813787305590584 0.02866698518872432
5 0.73224043715847 0.5559006211180124 0.034468263976460696 0.026278069756330624
5 0.6691887347625053 0.32608695652173914 0.03867171080285835 0.040611562350692784
