0 0.20582598696818705 0.8145516903478687 0.029896512073591414 0.044585987261146494
0 0.2121502491376006 0.7435080842724154 0.014948256036795707 0.04752572268495835
0 0.2322729014948256 0.7621264086232239 0.029896512073591414 0.0240078392944635
0 0.23725565350709085 0.788829005389515 0.022997316979685704 0.021558059774620286
0 0.2585281717133001 0.5977462028417443 0.02798006899195094 0.03135717785399314
0 0.3100804906094289 0.6829985301322881 0.026830203142966653 0.041156295933366
2 0.31717133001149866 0.6663400293973543 0.004982752012265236 0.009799118079372856
0 0.2727098505174396 0.38510534051935325 0.026446914526638558 0.02449779519843214
0 0.29532387888079725 0.4086232239098481 0.02414718282866999 0.02939735423811857
0 0.2698351858949789 0.42846643802057816 0.021464162514373324 0.021068103870651642
0 0.2914909927175163 0.44708476237138656 0.02184745113070142 0.026947574718275354
0 0.2600613261786125 0.4532092111709946 0.018014564967420467 0.011758941695247428
0 0.26312763510923726 0.4821166095051445 0.018014564967420467 0.027437530622243998
0 0.282292065925642 0.4899559039686428 0.014948256036795707 0.019598236158745713
0 0.2648524338827137 0.5093091621754042 0.026830203142966653 0.026947574718275354
0 0.3838635492525872 0.5173934345908868 0.02491376006132618 0.035276825085742286
0 0.3681487159831353 0.5458108770210681 0.02108087389804523 0.035276825085742286
0 0.34860099655040244 0.821656050955414 0.03257953238788808 0.04017638412542871
0 0.3725565350709084 0.7976482116609506 0.025297048677654272 0.03233708966193043
0 0.37389804522805675 0.7410583047525723 0.047144499808355694 0.05732484076433121
0 0.47796090456113455 0.8084272415482606 0.024530471444998085 0.028417442430181284
0 0.4547719432732848 0.7648211660950515 0.03027980068991951 0.02449779519843214
0 0.4382905327711767 0.6665850073493386 0.014948256036795707 0.026947574718275354
0 0.47585281717133 0.6883880450759432 0.026446914526638558 0.028417442430181284
0 0.4651207359141433 0.7430181283684468 0.027213491759294748 0.029887310142087214
0 0.4908010732081257 0.7648211660950515 0.027213491759294748 0.04017638412542871
0 0.5026830203142967 0.7119059284664381 0.0310463779225757 0.04311611954924057
0 0.5228056726715217 0.7513473787359137 0.030663089306247605 0.033806957373836356
0 0.5107320812571866 0.6815286624203821 0.03027980068991951 0.036256736893679566
0 0.4572633192794174 0.6178343949044586 0.029896512073591414 0.027437530622243998
0 0.48390187811422003 0.6237138657520823 0.02414718282866999 0.025477707006369428
0 0.5072824837102338 0.609750122488976 0.02184745113070142 0.033806957373836356
0 0.5134151015714833 0.5661440470357668 0.02951322345726332 0.04164625183733464
0 0.4576466078957455 0.5632043116119549 0.009198926791874281 0.01224889759921607
0 0.5310463779225757 0.6119549240568349 0.02184745113070142 0.02645761881430671
0 0.5546186278267535 0.6210191082802548 0.022230739747029514 0.018128368446839783
0 0.5494442315063243 0.6575208231259186 0.02951322345726332 0.04409603135717785
0 0.5745496358758145 0.6803037726604606 0.022230739747029514 0.024987751102400785
0 0.10578765810655423 0.9149926506614404 0.03526255270218474 0.03478686918177364
0 0.13760061326178613 0.9002939735423812 0.036029129934840934 0.033806957373836356
