3 0.21569109690113134 0.36199686356508104 0.025086079685194294 0.023523261892315735
3 0.6810132808657157 0.5300575013068479 0.028037383177570093 0.03868269733403032
3 0.6259222823413675 0.6442760062728699 0.01426463354648303 0.02247778358599059
3 0.6364977865223808 0.7420282279142708 0.01278898180029513 0.023523261892315735
0 0.5718150516478111 0.7464715107161526 0.01426463354648303 0.030318870883429168
0 0.543777668470241 0.8105070569785677 0.01819970486965076 0.026659696811291166
0 0.5376291195277915 0.871144798745426 0.026561731431382195 0.03920543648719289
0 0.544515494343335 0.8447464715107161 0.014756517461878997 0.010454783063251438
0 0.5666502705361535 0.8651332984840564 0.02164289227742253 0.028227914270778882
3 0.6586325627151992 0.9814427600627287 0.02164289227742253 0.023523261892315735
1 0.8293162813575996 0.42158912702561424 0.01574028529267093 0.008886565603763722
0 0.42843089030988685 0.880292733925771 0.037383177570093455 0.03136434918975431
0 0.4367929168716183 0.9129639309984318 0.04033448106246926 0.037114479874542604
0 0.4367929168716183 0.943282801881861 0.046237088047220855 0.03293256664924203
0 0.43334972946384653 0.9814427600627287 0.03246433841613379 0.02561421850496602
