2 0.09342665855143031 0.7200236266981689 0.016433353621424222 0.009450679267572357
0 0.655203895313451 0.5171293561724749 0.04077906269020085 0.026580035440047254
0 0.6643335362142423 0.5815121086828116 0.03956177723676202 0.026580035440047254
0 0.7029823493609252 0.5776727702303603 0.032866707242848445 0.024808033077377438
0 0.7017650639074863 0.53248670998228 0.04747413268411443 0.04311872415829888
0 0.7379793061472916 0.5761961015948022 0.03225806451612903 0.02303603071470762
0 0.7766281192939745 0.6199054932073242 0.04625684723067559 0.047844063792085056
0 0.772976262933658 0.5572947430596574 0.02678027997565429 0.021854695806261076
0 0.7793670115642118 0.5826934435912581 0.02982349360925137 0.021854695806261076
0 0.8049300060864273 0.5437093916125222 0.03956177723676202 0.027761370348493797
0 0.8490566037735849 0.5395747194329592 0.04382227632379793 0.032486709982279975
0 0.8438831405964698 0.5815121086828116 0.05538648813146683 0.040756054341405785
0 0.7583688374923919 0.33638511518015357 0.04382227632379793 0.032486709982279975
0 0.7465003043213634 0.37950383933845244 0.06269020085209982 0.05729474305965741
0 0.7051125989044431 0.4125812167749557 0.03469263542300669 0.025398700531600708
0 0.7507608034083992 0.4500886001181335 0.04808277541083384 0.05197873597164796
0 0.7522824102251978 0.4926166568222091 0.04625684723067559 0.04134672179562906
0 0.8064516129032258 0.3733018310691081 0.04990870359099209 0.02244536326048435
0 0.800060864272672 0.40253987005316005 0.044430919050517347 0.030124040165386886
0 0.8085818624467438 0.4548139397519197 0.05782105903834449 0.05316007088009451
0 0.8575776019476568 0.477259303012404 0.020693852708460133 0.0318960425280567
0 0.9500912964090079 0.26934435912581217 0.05112598904443092 0.05197873597164796
0 0.918746195982958 0.30507974010632016 0.04077906269020085 0.03721204961606615
0 0.9248326232501521 0.35764914353219135 0.06390748630553865 0.03603071470761961
0 0.9230066950699939 0.4043118724158299 0.06755934266585514 0.052569403425871235
4 0.8715763846622033 0.3349084465445954 0.018259281801582473 0.016538688718251624
0 0.9814363968350578 0.6051388068517425 0.03712720632988436 0.07383343177790903
