0 0.45783446121811555 0.055100927441352976 0.027589796980739198 0.022913256955810146
0 0.48256116605934407 0.07555919258046917 0.02706923477355544 0.03764320785597381
0 0.5398230088495575 0.0861974904528096 0.035398230088495575 0.03491543917075832
0 0.5372201978136387 0.1320240043644299 0.03956272774596564 0.050190943807965085
0 0.5715773034877668 0.12465902891434806 0.031233732431025507 0.03873431533006001
0 0.6090577824049974 0.08483360611020185 0.021863612701717855 0.04746317512274959
0 0.6431546069755336 0.09192580469176213 0.03071317022384175 0.03982542280414621
0 0.678813118167621 0.1082924168030551 0.03331598125976054 0.036552100381887616
0 0.6124414367516918 0.12929623567921442 0.029672045809474232 0.03709765411893071
0 0.6147839666840187 0.15766503000545554 0.024986985944820406 0.016366612111292964
0 0.6473191046330037 0.1320240043644299 0.022384174908901613 0.03600654664484452
0 0.6642373763664758 0.14048008728859793 0.01353461738677772 0.014729950900163666
0 0.6663196251952108 0.15930169121658483 0.018740239458615304 0.020731042007637753
0 0.5559604372722541 0.2165848336061102 0.024986985944820406 0.03491543917075832
0 0.5190005205622071 0.25150027277686854 0.03643935450286309 0.03927986906710311
0 0.5205622071837585 0.3044189852700491 0.03331598125976054 0.038188761593016915
0 0.6124414367516918 0.21031096563011456 0.029672045809474232 0.045280960174577195
0 0.6460176991150443 0.2032187670485543 0.026028110359187923 0.03764320785597381
0 0.6452368558042686 0.23349699945444627 0.018219677251431546 0.025095471903982543
3 0.6415929203539823 0.0673758865248227 0.016137428422696512 0.011456628477905073
4 0.5054659031754295 0.041734860883797055 0.012493492972410203 0.014729950900163666
4 0.491410723581468 0.11238406983087834 0.017699115044247787 0.015275504637206765
4 0.5174388339406559 0.16557555919258046 0.017699115044247787 0.01691216584833606
4 0.5132743362831859 0.22531369339879978 0.014575741801145237 0.015275504637206765
4 0.551795939614784 0.2624113475177305 0.012493492972410203 0.014184397163120567
4 0.594742321707444 0.31123840698308786 0.016137428422696512 0.015821058374249863
4 0.6845393024466424 0.34888161483906166 0.014575741801145237 0.015821058374249863
0 0.3055700156168662 0.2763229678123295 0.03748047891723061 0.03546099290780142
4 0.8693388859968766 0.11620294599018004 0.014575741801145237 0.016366612111292964
4 0.9731910463300364 0.1497545008183306 0.015096304008328995 0.01800327332242226
0 0.34148880791254554 0.8687943262411347 0.04789172306090578 0.05182760501909438
0 0.409422175950026 0.8090561920349154 0.02030192608016658 0.03600654664484452
0 0.41644976574700676 0.8745226404800873 0.029151483602290473 0.041462084015275506
0 0.44768349817803227 0.8696126568466994 0.026028110359187923 0.031642116748499725
