0 0.3163134232498394 0.024437548487199378 0.03147077713551702 0.03335919317300233
2 0.3304431599229287 0.01047323506594259 0.009633911368015413 0.019394879751745538
0 0.32915863840719334 0.04965089216446858 0.028901734104046242 0.03413498836307215
0 0.34232498394348104 0.06904577191621412 0.019267822736030827 0.027928626842513578
0 0.35645472061657035 0.10318076027928627 0.029543994861913937 0.04654771140418929
0 0.3904945407835581 0.07137315748642359 0.01798330122029544 0.021722265321955005
0 0.506422607578677 0.12451512800620636 0.0224791265253693 0.016291698991466253
0 0.5003211303789339 0.1466252909231963 0.020552344251766216 0.026377036462373934
0 0.5912010276172126 0.2269200930954228 0.023763648041104687 0.027152831652443754
0 0.5115606936416185 0.3417377812257564 0.054592164418754016 0.0643910007757952
0 0.6727681438664097 0.5500387897595035 0.04174694926140013 0.062063615205585725
2 0.6994219653179191 0.5702094647013188 0.014129736673089274 0.02482544608223429
0 0.7052023121387283 0.6361520558572537 0.015414258188824663 0.017067494181536073
0 0.7456647398843931 0.7234290147401086 0.028259473346178548 0.048875096974398756
