3 0.16292364230298081 0.36342909256725947 0.0310330747243773 0.03556771545827633
0 0.45896284197631687 0.24601003191974463 0.022049816251531237 0.022343821249430004
0 0.47937933850551245 0.27336981304149566 0.039199673336055535 0.03875968992248062
0 0.46325030624744795 0.420656634746922 0.030624744793793384 0.021431828545371637
0 0.4579420171498571 0.44482444140446875 0.029808084932625562 0.022343821249430004
0 0.560228664761127 0.3901048791609667 0.04246631278072683 0.05973552211582307
0 0.5749285422621478 0.4357045143638851 0.027766435279706004 0.02781577747378021
0 0.592282564311964 0.46101231190150477 0.0208248264597795 0.019151846785225718
0 0.421192323397305 0.5150478796169631 0.03879134340547162 0.026903784769721842
0 0.4540628828093099 0.5072959416324669 0.02694977541853818 0.029639762881896944
0 0.4393630053082891 0.5371637026903785 0.03674969375255206 0.020063839489284085
0 0.4336463862801143 0.5674874601003193 0.027766435279706004 0.02051983584131327
0 0.48713760718660676 0.5599635202918377 0.03348305430788077 0.028271773825809393
0 0.4820334830543079 0.6326949384404925 0.02735810534912209 0.02416780665754674
4 0.6441404654961209 0.18946648426812585 0.011841567986933442 0.015047879616963064
1 0.3740302164148632 0.6397628818969449 0.011433238056349531 0.009119927040583675
4 0.4252756227031441 0.6691746466028272 0.005308289097590854 0.005927952576379389
3 0.4912209064924459 0.6874145006839946 0.013066557778685178 0.018695850433196534
1 0.629644752960392 0.5453716370269038 0.013883217639853002 0.006383948928408573
0 0.7264189465087791 0.6256269949840402 0.01551653736218865 0.02188782489740082
1 0.7227439771335239 0.6481988144094847 0.01551653736218865 0.006839945280437756
3 0.7784810126582279 0.7786137710898313 0.017558187015108206 0.02416780665754674
0 0.9032258064516129 0.7720018239854081 0.022866476112699062 0.03556771545827633
0 0.8723968966925275 0.8834929320565436 0.02490812576561862 0.03967168262653899
0 0.9412004899959167 0.8848609211126311 0.0310330747243773 0.03875968992248062
0 0.6988566761943651 0.4466484268125855 0.04124132298897509 0.026903784769721842
