3 0.004998000799680128 0.1401404330017554 0.009196321471411436 0.02047981275599766
0 0.028588564574170333 0.12346401404330018 0.03078768492602959 0.017554125219426564
0 0.08916433426629349 0.12375658279695728 0.015193922431027589 0.018139262726740785
0 0.04618152738904438 0.14686951433586892 0.06437425029988005 0.018724400234055003
0 0.11215513794482207 0.1456992393212405 0.0627748900439824 0.016383850204798128
0 0.20071971211515394 0.4842012873025161 0.055177928828468614 0.03686366296079579
2 0.3426629348260696 0.3978935049736688 0.005597760895641743 0.014043300175541252
3 0.3590563774490204 0.39877121123464015 0.01759296281487405 0.05441778818022235
0 0.3676529388244702 0.4212990052662376 0.006797281087564974 0.010532475131655939
4 0.594562175129948 0.19133996489174956 0.020791683326669332 0.03159742539496782
4 0.5859656137544982 0.2205968402574605 0.010795681727309077 0.016383850204798128
0 0.4652139144342263 0.9125219426565243 0.025189924030387844 0.0403744880046811
0 0.4926029588164734 0.9174956114686952 0.013594562175129948 0.03861907548273844
5 0.5059976009596161 0.76214160327677 0.009196321471411436 0.006436512580456407
5 0.38024790083966414 0.8534230544177882 0.007996801279488205 0.0052662375658279695
5 0.4032387045181927 0.7384435342305442 0.0075969612155137945 0.005851375073142188
5 0.4420231907237105 0.40520772381509657 0.006797281087564974 0.0076067875950848445
