3 0.19731693683622134 0.08824987605354487 0.020122973728339856 0.018839861179970253
3 0.22778088317495807 0.2270699058006941 0.01621017328116266 0.01983143282102132
3 0.24846282839575182 0.3210213187902826 0.013974287311347122 0.017352503718393655
3 0.27501397428731134 0.4615765989092712 0.019005030743432086 0.02181457610312345
3 0.28954723309111235 0.6227069905800694 0.021240916713247623 0.017848289538919187
1 0.30715483510340974 0.6834407535944472 0.012856344326439352 0.005453644025780862
1 0.3160983789826719 0.6918691125433812 0.02627166014533259 0.012394645513138325
3 0.31637786472889884 0.717649975210709 0.020122973728339856 0.031234506693108576
3 0.30212409167132476 0.7724343083787804 0.01956400223588597 0.017848289538919187
1 0.2859139183901621 0.9283589489340605 0.01621017328116266 0.019335647000495785
