1 0.3750470455400828 0.03440643863179074 0.026721866767030485 0.018913480885311872
1 0.3701543093714716 0.04245472837022133 0.030485509973654498 0.021327967806841045
1 0.3519006398193451 0.1505030181086519 0.007527286413248024 0.03219315895372234
1 0.35905156191193077 0.14587525150905434 0.00978547233722243 0.0358148893360161
1 0.39781708694015805 0.14386317907444668 0.006774557771923222 0.018108651911468814
1 0.4023334587881069 0.1442655935613682 0.008280015054572827 0.018913480885311872
1 0.4087316522393677 0.1460764587525151 0.00978547233722243 0.017706237424547282
1 0.3219796763266842 0.19275653923541247 0.016936394429808054 0.012877263581488933
1 0.29883327060594655 0.24245472837022133 0.003763643206624012 0.01006036217303823
1 0.3022205494919082 0.24225352112676057 0.004516371847948814 0.010462776659959759
1 0.2181031238238615 0.28450704225352114 0.017689123071132858 0.008048289738430584
1 0.21433948061723748 0.30181086519114686 0.016936394429808054 0.006438631790744467
1 0.21339856981558147 0.3066398390342052 0.017312758750470454 0.00482897384305835
1 0.21302220549491907 0.31106639839034206 0.015054572826496047 0.006438631790744467
0 0.249529544599172 0.2987927565392354 0.014301844185171246 0.012474849094567404
1 0.16785848701543093 0.361569416498994 0.024087316522393678 0.012474849094567404
1 0.17896123447497178 0.41750503018108653 0.010161836657884832 0.017303822937625755
1 0.17011667293940536 0.4442655935613682 0.016560030109145654 0.006438631790744467
1 0.16898757997741815 0.4482897384305835 0.01580730146782085 0.007243460764587525
1 0.17312758750470456 0.4509054325955734 0.006774557771923222 0.004426559356136821
1 0.16917576213774935 0.45714285714285713 0.017689123071132858 0.011267605633802818
1 0.16804666917576214 0.46177062374245476 0.017689123071132858 0.008450704225352112
1 0.16785848701543093 0.464989939637827 0.013549115543846444 0.005231388329979879
1 0.16691757621377493 0.4688128772635815 0.01618366578848325 0.006438631790744467
1 0.16672939405344372 0.47243460764587525 0.01279638690252164 0.00482897384305835
1 0.16541211893112534 0.47545271629778674 0.01618366578848325 0.008450704225352112
1 0.1576966503575461 0.4768611670020121 0.013549115543846444 0.01448692152917505
1 0.15280391418893488 0.4800804828973843 0.013549115543846444 0.008853118712273641
1 0.14753481369966126 0.482897384305835 0.013549115543846444 0.012072434607645875
1 0.14132480240873166 0.48732394366197185 0.016936394429808054 0.006438631790744467
1 0.07546104629281145 0.5352112676056338 0.014678208505833647 0.0096579476861167
1 0.07602559277380504 0.5416498993963783 0.017312758750470454 0.007243460764587525
1 0.07715468573579225 0.5458752515090544 0.015054572826496047 0.01006036217303823
1 0.03462551750094091 0.59738430583501 0.00978547233722243 0.015694164989939637
1 0.055513737297704174 0.5907444668008048 0.007903650733910425 0.00482897384305835
1 0.0651110274745954 0.5859154929577465 0.01279638690252164 0.006438631790744467
0 0.7480240873165224 0.04567404426559356 0.013925479864508844 0.01488933601609658
0 0.7165976665412119 0.07645875251509054 0.02860368837034249 0.03299798792756539
0 0.7623259315016936 0.09195171026156941 0.021452766277756868 0.02535211267605634
0 0.7756868648852089 0.10221327967806841 0.01279638690252164 0.015291750503018108
0 0.748588633797516 0.10824949698189135 0.021076401957094468 0.022535211267605635
0 0.7327813323296951 0.11891348088531187 0.023334587881068874 0.026961770623742453
0 0.7382386149793 0.13219315895372233 0.013172751223184042 0.01488933601609658
0 0.773993225442228 0.14245472837022133 0.021452766277756868 0.02977867203219316
0 0.7593150169363945 0.14969818913480884 0.026721866767030485 0.02977867203219316
0 0.7359804290553256 0.16619718309859155 0.024463680843056078 0.028169014084507043
0 0.7086940158073015 0.18148893360160967 0.03914188934888972 0.035412474849094565
0 0.6859239744072262 0.19839034205231387 0.025969138125705685 0.0289738430583501
0 0.6834776063229205 0.09154929577464789 0.02182913059841927 0.03420523138832998
0 0.665976665412119 0.09456740442655935 0.030485509973654498 0.03460764587525151
0 0.6465939028980052 0.11106639839034205 0.036130974783590515 0.031388329979879274
0 0.5677455777192322 0.06720321931589537 0.016936394429808054 0.02012072434607646
0 0.605946556266466 0.11026156941649899 0.024840045163718478 0.021730382293762576
0 0.6146029356417012 0.14044265593561367 0.041400075272864136 0.041851106639839035
0 0.5875047045540083 0.1688128772635815 0.042152803914188935 0.03742454728370221
0 0.5846819721490403 0.2028169014084507 0.02521640948438088 0.04024144869215292
0 0.557207376740685 0.206841046277666 0.010161836657884832 0.016901408450704224
0 0.5479864508844562 0.2329979879275654 0.014301844185171246 0.025754527162977867
0 0.5743319533308242 0.24004024144869215 0.035378246142265715 0.027766599597585512
2 0.5963492660895747 0.22696177062374245 0.004892736168611215 0.008853118712273641
0 0.6656003010914565 0.1585513078470825 0.03500188182160331 0.030583501006036216
0 0.6422657132103876 0.1790744466800805 0.03650733910425292 0.035412474849094565
0 0.6240120436582612 0.20301810865191147 0.029356417011667295 0.036619718309859155
0 0.6458411742566804 0.20462776659959758 0.01580730146782085 0.014084507042253521
0 0.6368084305607828 0.21730382293762576 0.008280015054572827 0.0096579476861167
0 0.6356793375987956 0.24325955734406438 0.030109145652992095 0.03983903420523139
0 0.611592021076402 0.27605633802816903 0.023334587881068874 0.031388329979879274
0 0.6738803161460294 0.286317907444668 0.025969138125705685 0.02857142857142857
0 0.7546104629281144 0.23822937625754528 0.03387278885961611 0.024949698189134808
0 0.7171622130222055 0.2647887323943662 0.027474595408355288 0.03702213279678068
0 0.8289424162589386 0.23279678068410462 0.04328189687617614 0.040643863179074445
0 0.8575461046292812 0.27062374245472837 0.03726006774557772 0.0358148893360161
0 0.891230711328566 0.27364185110663986 0.018065487391795258 0.008048289738430584
3 0.9166353029732781 0.2865191146881288 0.005645464809936018 0.007243460764587525
0 0.9237862250658637 0.2885311871227364 0.011667293940534437 0.01609657947686117
0 0.888407978923598 0.2975855130784708 0.019947308995107264 0.030985915492957747
0 0.9062852841550622 0.3032193158953722 0.013549115543846444 0.02535211267605634
0 0.9217162213022205 0.30724346076458753 0.015054572826496047 0.02454728370221328
0 0.9341362438840798 0.3293762575452716 0.016560030109145654 0.021327967806841045
0 0.8650733910425291 0.30482897384305835 0.02521640948438088 0.020523138832997986
0 0.9151298456906285 0.33138832997987927 0.011667293940534437 0.026156941649899398
0 0.8808806925103501 0.3301810865191147 0.057583741061347386 0.030181086519114688
2 0.8669552126458412 0.34909456740442657 0.00639819345126082 0.0036217303822937627
0 0.7538577342867896 0.27927565392354126 0.04742190440346255 0.04748490945674044
0 0.7896123447497178 0.29577464788732394 0.0323673315769665 0.03702213279678068
0 0.8248024087316522 0.3158953722334004 0.052314640572073766 0.0482897384305835
0 0.8933007150922092 0.3645875251509054 0.024463680843056078 0.024949698189134808
0 0.930560782837787 0.3818913480885312 0.01919458035378246 0.028169014084507043
0 0.948438088069251 0.3935613682092555 0.03312006021829131 0.03943661971830986
0 0.9813699661272112 0.4189134808853119 0.03726006774557772 0.05070422535211268
0 0.9791117802032367 0.5229376257545272 0.04177643959352653 0.07122736418511066
0 0.9567181031238239 0.5895372233400402 0.024840045163718478 0.025754527162977867
0 0.9226571321038766 0.6772635814889336 0.04328189687617614 0.05150905432595573
0 0.9712081294693263 0.738430583501006 0.007903650733910425 0.006438631790744467
2 0.8780579601053821 0.7305835010060362 0.0060218291305984195 0.007645875251509054
2 0.8735415882574332 0.7374245472837022 0.0060218291305984195 0.008450704225352112
2 0.8631915694392172 0.7545271629778671 0.004892736168611215 0.008853118712273641
2 0.873353406097102 0.7639839034205231 0.004892736168611215 0.006841046277665996
0 0.8916070756492285 0.7668008048289738 0.049680090327436956 0.05593561368209256
0 0.7839668799397818 0.3639839034205231 0.041400075272864136 0.03420523138832998
0 0.7909296198720361 0.37766599597585515 0.013925479864508844 0.01488933601609658
0 0.8202860368837034 0.3710261569416499 0.022958223560406475 0.025754527162977867
0 0.8027850959729018 0.39517102615694166 0.02559277380504328 0.02414486921529175
0 0.7534813699661272 0.3935613682092555 0.041400075272864136 0.045875251509054325
0 0.7734286789612345 0.4275653923541248 0.0323673315769665 0.02857142857142857
0 0.7267595031990968 0.4044265593561368 0.02182913059841927 0.022535211267605635
0 0.7124576590139254 0.41670020120724344 0.026345502446368085 0.027766599597585512
0 0.735415882574332 0.4476861167002012 0.030109145652992095 0.02857142857142857
0 0.7559277380504328 0.4613682092555332 0.03575461046292811 0.03501006036217304
0 0.7009785472337222 0.4275653923541248 0.014678208505833647 0.018913480885311872
0 0.6863003387278886 0.43480885311871226 0.025969138125705685 0.02535211267605634
0 0.7184794881445239 0.4394366197183099 0.02258185923974407 0.020925553319919517
0 0.668799397817087 0.4517102615694165 0.02258185923974407 0.030985915492957747
0 0.6599548362815205 0.4686116700201207 0.02822732404968009 0.03983903420523139
0 0.6477229958599925 0.4768611670020121 0.030109145652992095 0.03621730382293763
0 0.6191193074896499 0.4973843058350101 0.03387278885961611 0.04265593561368209
0 0.5987956341738803 0.5014084507042254 0.02258185923974407 0.02414486921529175
0 0.5850583364697026 0.5134808853118712 0.025969138125705685 0.027364185110663984
0 0.5662401204365826 0.5271629778672032 0.024463680843056078 0.02414486921529175
0 0.5502446368084306 0.53158953722334 0.014301844185171246 0.011267605633802818
0 0.5383891607075649 0.5567404426559356 0.04403462551750094 0.047082494969818915
0 0.5107263831388784 0.5698189134808853 0.03387278885961611 0.03380281690140845
0 0.48870907038012795 0.5905432595573441 0.03801279638690252 0.03822937625754527
0 0.4734663153933007 0.6126760563380281 0.03763643206624012 0.04225352112676056
0 0.4627399322544223 0.6412474849094567 0.04027098231087693 0.04225352112676056
0 0.44655626646593904 0.6545271629778672 0.02521640948438088 0.021327967806841045
0 0.4459917199849454 0.6728370221327968 0.0323673315769665 0.027364185110663984
0 0.43545351900639817 0.6915492957746479 0.036883703424915315 0.03742454728370221
0 0.4079789235980429 0.7118712273641851 0.01279638690252164 0.01609657947686117
0 0.40327436958976287 0.7382293762575453 0.030485509973654498 0.0358148893360161
0 0.7269476853594279 0.3036217303822938 0.01618366578848325 0.012474849094567404
0 0.7352277004140008 0.3209255533199195 0.022958223560406475 0.022937625754527163
0 0.7660895747083176 0.32776659959758553 0.030485509973654498 0.027766599597585512
0 0.7468949943545352 0.341046277665996 0.021452766277756868 0.02454728370221328
0 0.7132103876552502 0.3203219315895372 0.02860368837034249 0.0386317907444668
3 0.7007903650733911 0.3354124748490946 0.00978547233722243 0.01006036217303823
0 0.7337222431313511 0.35030181086519113 0.01919458035378246 0.021327967806841045
0 0.7141512984569063 0.3617706237424547 0.03801279638690252 0.037826961770623745
0 0.6996612721114038 0.3468812877263581 0.01279638690252164 0.010462776659959759
0 0.6531802785095973 0.33943661971830985 0.04177643959352653 0.03420523138832998
3 0.6620248400451637 0.35191146881287727 0.012043658261196839 0.01006036217303823
0 0.6759503199096726 0.3299798792756539 0.01957094467444486 0.023340040241448694
0 0.6765148663906662 0.35070422535211265 0.02822732404968009 0.02374245472837022
0 0.6799021452766277 0.379476861167002 0.044787354158825746 0.053923541247484906
2 0.6783966879939781 0.40945674044265595 0.007150922092585623 0.006841046277665996
2 0.6751975912683478 0.43158953722334004 0.006774557771923222 0.006036217303822937
0 0.6076401957094467 0.396579476861167 0.020700037636432068 0.01971830985915493
0 0.6368084305607828 0.42132796780684106 0.04441098983816334 0.04024144869215292
0 0.6025592773805043 0.44386317907444667 0.04064734663153933 0.037826961770623745
0 0.580730146782085 0.45774647887323944 0.021076401957094468 0.02857142857142857
0 0.5652992096349266 0.4651911468812877 0.030109145652992095 0.03219315895372234
0 0.5444109898381634 0.4800804828973843 0.03575461046292811 0.04346076458752515
0 0.5188182160331201 0.506841046277666 0.030485509973654498 0.030985915492957747
0 0.4964245389537072 0.5128772635814889 0.03838916070756492 0.040643863179074445
0 0.5107263831388784 0.46579476861167 0.030861874294316898 0.02535211267605634
0 0.46405720737674067 0.5032193158953723 0.016560030109145654 0.014084507042253521
0 0.48588633797515995 0.5340040241448692 0.026345502446368085 0.020925553319919517
0 0.5159954836281521 0.3386317907444668 0.02860368837034249 0.02857142857142857
0 0.4698908543470079 0.34869215291750505 0.032743695897628905 0.026961770623742453
0 0.570380127963869 0.37183098591549296 0.023710952201731274 0.027364185110663984
0 0.5385773428678962 0.3806841046277666 0.03989461799021453 0.03380281690140845
0 0.5509973654497554 0.39959758551307845 0.02559277380504328 0.020925553319919517
0 0.5092209258562288 0.39134808853118713 0.030109145652992095 0.03340040241448692
0 0.5306736921339857 0.41146881287726356 0.018065487391795258 0.018108651911468814
0 0.5159954836281521 0.4183098591549296 0.02258185923974407 0.016498993963782696
0 0.4986827248776816 0.4275653923541248 0.018065487391795258 0.013279678068410463
0 0.48795634173880315 0.39416498993963783 0.021452766277756868 0.026961770623742453
0 0.4700790365073391 0.4044265593561368 0.017312758750470454 0.03621730382293763
0 0.45220173127587504 0.406841046277666 0.023710952201731274 0.03380281690140845
0 0.4339480617237486 0.406841046277666 0.014301844185171246 0.01448692152917505
0 0.42340986074520137 0.40945674044265595 0.015054572826496047 0.020523138832997986
3 0.4124952954459917 0.41106639839034204 0.015054572826496047 0.017303822937625755
2 0.43225442228076777 0.38028169014084506 0.00940910801656003 0.005633802816901409
2 0.4768535942792623 0.3806841046277666 0.008280015054572827 0.00482897384305835
2 0.5033872788859616 0.37645875251509053 0.010161836657884832 0.004426559356136821
0 0.48343996989085436 0.4414486921529175 0.027474595408355288 0.03299798792756539
0 0.4657508468197215 0.4509054325955734 0.038765525028227325 0.03340040241448692
0 0.436206247647723 0.47283702213279677 0.04365826119683854 0.04346076458752515
0 0.40007527286413247 0.49899396378269617 0.035378246142265715 0.04104627766599597
0 0.3980052691004893 0.458953722334004 0.013925479864508844 0.013279678068410463
0 0.42867896123447496 0.5140845070422535 0.03312006021829131 0.02535211267605634
0 0.4053443733534061 0.5517102615694165 0.0323673315769665 0.03380281690140845
0 0.45088445615355666 0.5539235412474849 0.027850959729017688 0.021327967806841045
0 0.4403462551750094 0.5724346076458753 0.03462551750094091 0.030985915492957747
0 0.4284907790741438 0.6018108651911469 0.03726006774557772 0.047082494969818915
0 0.3831388784343244 0.5943661971830986 0.030109145652992095 0.030583501006036216
0 0.4060971019947309 0.6267605633802817 0.042152803914188935 0.03983903420523139
0 0.40252164094843806 0.6472837022132797 0.026721866767030485 0.02857142857142857
0 0.3891607075649228 0.6611670020120725 0.03914188934888972 0.03621730382293763
0 0.378998870907038 0.6849094567404427 0.036883703424915315 0.0386317907444668
0 0.3690252164094844 0.710261569416499 0.029732781332329695 0.03460764587525151
0 0.34964245389537074 0.6651911468812878 0.02559277380504328 0.026559356136820925
0 0.3351524275498683 0.6837022132796781 0.0312382386149793 0.03299798792756539
0 0.35886337975159954 0.3496981891348089 0.013925479864508844 0.02012072434607646
0 0.3680843056078284 0.38551307847082494 0.030861874294316898 0.020925553319919517
0 0.38859616108392925 0.42052313883299797 0.03500188182160331 0.028169014084507043
0 0.36601430184418515 0.43259557344064387 0.04328189687617614 0.045875251509054325
0 0.3449378998870907 0.4340040241448692 0.022958223560406475 0.02535211267605634
0 0.33195333082423784 0.4396378269617706 0.020323673315769664 0.01971830985915493
0 0.3280015054572826 0.46458752515090546 0.022958223560406475 0.03340040241448692
0 0.32611968385397067 0.49456740442655933 0.022958223560406475 0.035412474849094565
2 0.314264207753105 0.4535211267605634 0.005269100489273617 0.008853118712273641
0 0.3248024087316522 0.3665995975855131 0.023334587881068874 0.0289738430583501
0 0.3127587504704554 0.3810865191146881 0.024087316522393678 0.022535211267605635
0 0.29770417764395934 0.3977867203219316 0.030109145652992095 0.0317907444668008
0 0.2894241625893865 0.4420523138832998 0.015054572826496047 0.018913480885311872
2 0.302973278133233 0.4370221327967807 0.004516371847948814 0.008853118712273641
0 0.28885961610839295 0.48651911468812875 0.02521640948438088 0.020925553319919517
0 0.2850959729017689 0.5193158953722334 0.0312382386149793 0.044668008048289735
2 0.30240873165223936 0.5169014084507042 0.003387278885961611 0.007645875251509054
0 0.23842679713963116 0.47364185110663987 0.0041400075272864136 0.007243460764587525
0 0.26646593902898 0.5416498993963783 0.024840045163718478 0.026559356136820925
0 0.24068498306360556 0.5565392354124749 0.04403462551750094 0.03943661971830986
0 0.20925856228829506 0.5543259557344065 0.010538200978547234 0.008450704225352112
0 0.2156567557395559 0.569215291750503 0.021076401957094468 0.02454728370221328
0 0.20154309371471585 0.5750503018108651 0.031990967256304105 0.028169014084507043
0 0.1883703424915318 0.5871227364185111 0.029732781332329695 0.026559356136820925
0 0.17500940910801657 0.607645875251509 0.03387278885961611 0.04507042253521127
2 0.2487768159578472 0.5746478873239437 0.005269100489273617 0.005633802816901409
0 0.24576590139254798 0.5997987927565392 0.03763643206624012 0.03420523138832998
0 0.2201731275875047 0.6191146881287727 0.0323673315769665 0.03420523138832998
0 0.20304855099736546 0.6448692152917505 0.027474595408355288 0.0358148893360161
0 0.17651486639066616 0.6678068410462776 0.016560030109145654 0.015694164989939637
0 0.16409484380880693 0.6804828973843058 0.014301844185171246 0.012877263581488933
0 0.1546857357922469 0.6911468812877264 0.01279638690252164 0.014084507042253521
3 0.16729394053443733 0.6933601609657948 0.03650733910425292 0.03702213279678068
0 0.14678208505833648 0.706841046277666 0.0323673315769665 0.03742454728370221
0 0.13417388031614602 0.7251509054325955 0.013172751223184042 0.012072434607645875
0 0.11855476100865638 0.6714285714285714 0.07075649228453143 0.060764587525150904
0 0.11347384267971396 0.7344064386317908 0.031990967256304105 0.031388329979879274
0 0.09917199849454272 0.7488933601609657 0.02822732404968009 0.028169014084507043
0 0.12100112909296198 0.772635814889336 0.04252916823485134 0.037826961770623745
0 0.26138502070003766 0.6567404426559356 0.04252916823485134 0.04265593561368209
0 0.24331953330824238 0.6919517102615694 0.020700037636432068 0.030985915492957747
0 0.29431689875799777 0.6810865191146881 0.0323673315769665 0.03420523138832998
3 0.3153933007150922 0.6589537223340041 0.012043658261196839 0.01488933601609658
0 0.2164094843808807 0.7358148893360161 0.027098231087692888 0.04144869215291751
0 0.23108769288671435 0.7380281690140845 0.021076401957094468 0.03943661971830986
0 0.2493413624388408 0.7319919517102615 0.019947308995107264 0.0289738430583501
0 0.27342867896123446 0.7436619718309859 0.021452766277756868 0.022535211267605635
0 0.2721114038389161 0.761569416498994 0.023334587881068874 0.018108651911468814
0 0.26797139631162964 0.7784708249496982 0.027098231087692888 0.026961770623742453
0 0.2707941287165977 0.8048289738430584 0.017689123071132858 0.01851106639839034
0 0.3155814828754234 0.7183098591549296 0.027474595408355288 0.0289738430583501
0 0.3368460669928491 0.7307847082494969 0.014301844185171246 0.010462776659959759
0 0.30485509973654495 0.7448692152917505 0.023334587881068874 0.022535211267605635
0 0.3065487391795258 0.7607645875251509 0.024463680843056078 0.015694164989939637
0 0.32913059841926984 0.7474849094567404 0.010914565299209636 0.010865191146881288
0 0.3018441851712458 0.7985915492957747 0.018065487391795258 0.022937625754527163
0 0.308618742943169 0.8193158953722334 0.024840045163718478 0.022535211267605635
0 0.314264207753105 0.8352112676056338 0.027850959729017688 0.022937625754527163
0 0.35246518630033874 0.758148893360161 0.029732781332329695 0.020925553319919517
0 0.3530297327813323 0.7758551307847082 0.029356417011667295 0.013682092555331992
0 0.35604064734663154 0.7911468812877264 0.030861874294316898 0.020925553319919517
0 0.3601806548739179 0.8118712273641852 0.030861874294316898 0.02937625754527163
0 0.3688370342491532 0.8336016096579477 0.026345502446368085 0.030985915492957747
0 0.3795634173880316 0.8557344064386317 0.02898005269100489 0.02937625754527163
0 0.3923598042905533 0.8706237424547284 0.026721866767030485 0.027766599597585512
0 0.34926608957470834 0.8853118712273642 0.017312758750470454 0.017706237424547282
0 0.38389160707564923 0.893158953722334 0.01881821603312006 0.018108651911468814
0 0.38784343244260444 0.906841046277666 0.012420022581859239 0.012474849094567404
0 0.4013925479864509 0.9120724346076459 0.016936394429808054 0.018108651911468814
0 0.4057207376740685 0.8851106639839034 0.027850959729017688 0.02937625754527163
0 0.42002258185923974 0.9010060362173038 0.024087316522393678 0.026559356136820925
3 0.4395935265336846 0.9162977867203219 0.00978547233722243 0.011267605633802818
0 0.3797515995483628 0.9158953722334005 0.01957094467444486 0.0193158953722334
0 0.4034625517500941 0.7708249496981892 0.03312006021829131 0.021327967806841045
0 0.4060971019947309 0.7873239436619718 0.03462551750094091 0.011670020120724347
0 0.4098607452013549 0.8012072434607646 0.036883703424915315 0.017706237424547282
0 0.41042529168234854 0.8271629778672032 0.03650733910425292 0.03420523138832998
0 0.447497177267595 0.7816901408450704 0.027850959729017688 0.026156941649899398
0 0.444674444862627 0.854728370221328 0.03801279638690252 0.03621730382293763
2 0.4153180278509597 0.8573440643863179 0.008656379375235227 0.00925553319919517
0 0.4657508468197215 0.8788732394366198 0.04027098231087693 0.04426559356136821
0 0.48438088069251034 0.896579476861167 0.035378246142265715 0.037826961770623745
0 0.5045163718479488 0.9227364185110664 0.04855099736544975 0.037826961770623745
2 0.44862627022958224 0.9092555331991952 0.008280015054572827 0.007645875251509054
2 0.4574708317651487 0.9169014084507042 0.010161836657884832 0.00925553319919517
2 0.4687617613850207 0.9291750503018109 0.010161836657884832 0.010462776659959759
0 0.48419269853217917 0.8070422535211268 0.018441851712457658 0.01971830985915493
0 0.4796763266842303 0.8301810865191147 0.032743695897628905 0.03460764587525151
0 0.4939781708694016 0.8559356136820926 0.016936394429808054 0.015291750503018108
0 0.512231840421528 0.8688128772635815 0.029356417011667295 0.03380281690140845
2 0.5126082047421905 0.8909456740442656 0.006774557771923222 0.007243460764587525
0 0.5372600677455778 0.9018108651911468 0.02521640948438088 0.0289738430583501
0 0.5508091832894242 0.9012072434607646 0.00940910801656003 0.011670020120724347
0 0.560030109145653 0.9169014084507042 0.027850959729017688 0.032595573440643864
0 0.6915694392171622 0.5046277665995976 0.017689123071132858 0.01609657947686117
0 0.6981558148287542 0.5221327967806841 0.027850959729017688 0.02535211267605634
0 0.6264584117425668 0.5424547283702214 0.04102371095220173 0.04346076458752515
0 0.6561911930748965 0.5633802816901409 0.025969138125705685 0.03380281690140845
0 0.5927738050432819 0.5750503018108651 0.02258185923974407 0.026559356136820925
0 0.5698155814828755 0.5851106639839034 0.030861874294316898 0.03299798792756539
0 0.5410237109522017 0.6030181086519115 0.03650733910425292 0.02857142857142857
0 0.5190063981934513 0.6237424547283702 0.0323673315769665 0.028169014084507043
0 0.50940910801656 0.6396378269617706 0.026721866767030485 0.020523138832997986
0 0.5001881821603312 0.6599597585513078 0.008280015054572827 0.008853118712273641
0 0.5022581859239744 0.6770623742454729 0.008656379375235227 0.00925553319919517
0 0.47440722619495673 0.7052313883299799 0.022958223560406475 0.02857142857142857
0 0.4578471960858111 0.7412474849094567 0.03650733910425292 0.03380281690140845
2 0.8313887843432443 0.37967806841046275 0.005269100489273617 0.008450704225352112
0 0.8330824237862251 0.39959758551307845 0.029732781332329695 0.04104627766599597
0 0.8232969514490026 0.4217303822937626 0.02898005269100489 0.023340040241448694
0 0.8140760255927738 0.44064386317907445 0.02860368837034249 0.024949698189134808
0 0.804855099736545 0.4569416498993964 0.033496424538953705 0.02374245472837022
0 0.7992096349266089 0.4704225352112676 0.039518253669552125 0.027364185110663984
0 0.7794505080918329 0.48490945674044267 0.021076401957094468 0.022535211267605635
3 0.7625141136620248 0.4975855130784708 0.00978547233722243 0.011670020120724347
0 0.7903650733910426 0.509456740442656 0.024840045163718478 0.02414486921529175
2 0.8031614602935642 0.5249496981891348 0.006774557771923222 0.00925553319919517
2 0.8364697026721867 0.4480885311871227 0.007150922092585623 0.01006036217303823
0 0.7442604441098983 0.5249496981891348 0.014678208505833647 0.017303822937625755
0 0.7677832141512985 0.5531187122736418 0.03838916070756492 0.051106639839034206
2 0.7491531802785096 0.5917505030181086 0.00940910801656003 0.005231388329979879
0 0.6840421528039142 0.5877263581488934 0.023710952201731274 0.0317907444668008
0 0.6661648475724501 0.6020120724346076 0.02559277380504328 0.025754527162977867
0 0.6390666164847573 0.5754527162977867 0.024087316522393678 0.031388329979879274
0 0.62382386149793 0.5881287726358149 0.029732781332329695 0.03340040241448692
0 0.60500564546481 0.5917505030181086 0.013925479864508844 0.013279678068410463
0 0.5952201731275875 0.6086519114688129 0.025969138125705685 0.030181086519114688
0 0.5767783214151299 0.6221327967806841 0.026721866767030485 0.03299798792756539
0 0.5598419269853218 0.6327967806841046 0.02822732404968009 0.027766599597585512
0 0.6512984569062853 0.6092555331991951 0.019947308995107264 0.02414486921529175
0 0.6366202484004516 0.6189134808853118 0.024463680843056078 0.024949698189134808
0 0.6253293187805796 0.6331991951710262 0.02521640948438088 0.027766599597585512
0 0.6093338351524276 0.6432595573440644 0.02258185923974407 0.022132796780684104
0 0.5912683477606323 0.6629778672032193 0.04591644712081295 0.03420523138832998
0 0.5404591644712081 0.6537223340040241 0.030109145652992095 0.02857142857142857
0 0.5308618742943169 0.672635814889336 0.027474595408355288 0.01971830985915493
0 0.5278509597290177 0.6883299798792757 0.013172751223184042 0.012474849094567404
0 0.5538200978547234 0.671830985915493 0.016936394429808054 0.018913480885311872
0 0.5784719608581107 0.6824949698189134 0.03462551750094091 0.041851106639839035
0 0.5551373729770418 0.712877263581489 0.049680090327436956 0.03340040241448692
0 0.5045163718479488 0.7227364185110664 0.029732781332329695 0.0386317907444668
0 0.5419646217538577 0.7303822937625755 0.048927361686112156 0.049899396378269616
0 0.48701543093714716 0.7587525150905433 0.027098231087692888 0.020523138832997986
0 0.5214527662777568 0.7629778672032194 0.04027098231087693 0.04024144869215292
0 0.5240873165223937 0.7977867203219315 0.03650733910425292 0.027766599597585512
0 0.5289800526910049 0.8185110663983903 0.04102371095220173 0.0193158953722334
0 0.5455400828001505 0.8611670020120724 0.02822732404968009 0.02977867203219316
0 0.8688370342491532 0.4199195171026157 0.03424915318027851 0.0454728370221328
0 0.9062852841550622 0.4396378269617706 0.02258185923974407 0.02937625754527163
3 0.924915318027851 0.4541247484909457 0.020700037636432068 0.018913480885311872
0 0.8558524651863003 0.4565392354124749 0.036130974783590515 0.043058350100603625
0 0.8453142642077531 0.4911468812877264 0.03838916070756492 0.03501006036217304
0 0.8263078660143018 0.5138832997987928 0.010161836657884832 0.0096579476861167
0 0.8251787730523147 0.543661971830986 0.03801279638690252 0.03460764587525151
0 0.8159578471960858 0.5764587525150905 0.04666917576213775 0.04225352112676056
0 0.8577342867896124 0.572635814889336 0.01957094467444486 0.015291750503018108
0 0.8483251787730524 0.5955734406438632 0.021076401957094468 0.01851106639839034
0 0.8042905532555513 0.6106639839034205 0.041400075272864136 0.03501006036217304
0 0.7847196085811066 0.6309859154929578 0.03838916070756492 0.04104627766599597
0 0.8317651486639067 0.638430583501006 0.030109145652992095 0.03983903420523139
0 0.818968761761385 0.6720321931589537 0.027850959729017688 0.03460764587525151
0 0.8690252164094844 0.6989939637826962 0.03312006021829131 0.023340040241448694
0 0.8244260444109899 0.7490945674044266 0.017689123071132858 0.014084507042253521
0 0.7771923221678585 0.7321931589537224 0.02258185923974407 0.0317907444668008
0 0.7997741814076026 0.7406438631790745 0.0323673315769665 0.026961770623742453
0 0.7484004516371848 0.7084507042253522 0.03801279638690252 0.040643863179074445
0 0.7156567557395559 0.6631790744466801 0.029732781332329695 0.03380281690140845
0 0.6821603312006022 0.6458752515090543 0.030485509973654498 0.03702213279678068
0 0.6584493789988709 0.6509054325955734 0.014678208505833647 0.017303822937625755
0 0.6808430560782838 0.6704225352112676 0.014301844185171246 0.017706237424547282
0 0.6561911930748965 0.6645875251509055 0.010161836657884832 0.012474849094567404
0 0.6689875799774181 0.6790744466800804 0.010914565299209636 0.013279678068410463
0 0.6369966127211141 0.6762575452716297 0.02220549491908167 0.020523138832997986
0 0.6341738803161461 0.6991951710261569 0.04064734663153933 0.03420523138832998
3 0.6245765901392548 0.723943661971831 0.007150922092585623 0.008048289738430584
0 0.6134738426797139 0.7247484909456741 0.00978547233722243 0.0096579476861167
0 0.5987956341738803 0.7261569416498994 0.01881821603312006 0.018108651911468814
0 0.5890101618366579 0.7408450704225352 0.023334587881068874 0.022535211267605635
0 0.5681219420398946 0.7613682092555332 0.02521640948438088 0.021730382293762576
3 0.5971019947308995 0.7672032193158954 0.016936394429808054 0.013279678068410463
0 0.5752728641324802 0.7843058350100603 0.03726006774557772 0.01851106639839034
0 0.584493789988709 0.8134808853118712 0.04591644712081295 0.040643863179074445
2 0.5617237485886338 0.8348088531187122 0.00639819345126082 0.010865191146881288
0 0.5961610839292435 0.8577464788732394 0.042905532555513735 0.03742454728370221
2 0.5645464809936018 0.8760563380281691 0.005269100489273617 0.008048289738430584
2 0.5794128716597666 0.9020120724346077 0.004892736168611215 0.006841046277665996
2 0.5846819721490403 0.9211267605633803 0.007903650733910425 0.012877263581488933
0 0.6095220173127588 0.8993963782696177 0.04403462551750094 0.025754527162977867
0 0.6315393300715092 0.9187122736418512 0.013549115543846444 0.008853118712273641
0 0.6179902145276628 0.9426559356136821 0.03838916070756492 0.03420523138832998
0 0.626646593902898 0.9778672032193159 0.04064734663153933 0.03702213279678068
0 0.7273240496800903 0.9488933601609658 0.04252916823485134 0.05875251509054326
0 0.7043658261196839 0.8597585513078471 0.03726006774557772 0.06317907444668008
0 0.675385773428679 0.7279678068410462 0.02822732404968009 0.02977867203219316
0 0.6663530297327813 0.7446680080482897 0.022958223560406475 0.027766599597585512
0 0.6520511855476101 0.7605633802816901 0.02898005269100489 0.03299798792756539
0 0.6354911554384645 0.7788732394366197 0.027474595408355288 0.02857142857142857
0 0.7000376364320663 0.7625754527162978 0.03387278885961611 0.03621730382293763
0 0.6721866767030485 0.7953722334004024 0.029356417011667295 0.032595573440643864
0 0.744824990590892 0.7629778672032194 0.023334587881068874 0.031388329979879274
0 0.7702295822356041 0.8531187122736419 0.07339104252916824 0.07806841046277666
2 0.611592021076402 0.6746478873239437 0.008280015054572827 0.01006036217303823
0 0.5197591268347761 0.9706237424547284 0.016560030109145654 0.01609657947686117
0 0.5686864885208882 0.9573440643863179 0.03312006021829131 0.023340040241448694
2 0.45502446368084304 0.6072434607645876 0.0060218291305984195 0.010462776659959759
2 0.40007527286413247 0.7082494969818913 0.006774557771923222 0.0096579476861167
0 0.16785848701543093 0.7905432595573441 0.024840045163718478 0.03340040241448692
0 0.19213398569815582 0.795774647887324 0.02898005269100489 0.03340040241448692
0 0.2162213022205495 0.8225352112676056 0.025969138125705685 0.02977867203219316
3 0.24030861874294318 0.8156941649899396 0.015430937147158449 0.011267605633802818
0 0.23165223936770793 0.8436619718309859 0.023710952201731274 0.018913480885311872
0 0.244824990590892 0.8511066398390342 0.029732781332329695 0.028169014084507043
0 0.2502822732404968 0.8678068410462777 0.027098231087692888 0.022132796780684104
0 0.2585622882950696 0.8816901408450705 0.027098231087692888 0.025754527162977867
0 0.26815957847196087 0.899195171026157 0.026721866767030485 0.026156941649899398
0 0.2832141512984569 0.922132796780684 0.02822732404968009 0.030181086519114688
0 0.30127963869025215 0.9531187122736419 0.033496424538953705 0.04225352112676056
0 0.3244260444109898 0.969215291750503 0.012043658261196839 0.011670020120724347
0 0.2866014301844185 0.8503018108651912 0.02898005269100489 0.021730382293762576
2 0.03838916070756492 0.7690140845070422 0.006774557771923222 0.011267605633802818
2 0.04328189687617614 0.7565392354124748 0.0060218291305984195 0.011267605633802818
