5 0.7611904761904762 0.24785461887935387 0.03666666666666667 0.04139323573952549
5 0.6795238095238095 0.05123674911660778 0.035238095238095235 0.046945986875315496
1 0.3645238095238095 0.939424533064109 0.020476190476190478 0.03634528016153458
1 0.36333333333333334 0.8644623927309439 0.021904761904761906 0.030792529025744572
8 0.4580952380952381 0.9742554265522464 0.05333333333333334 0.05148914689550732
8 0.3838095238095238 0.8745583038869258 0.1180952380952381 0.1468955073195356
8 0.29928571428571427 0.7385159010600707 0.09476190476190476 0.12417970721857648
1 0.31166666666666665 0.7874810701665825 0.024285714285714285 0.0292781423523473
8 0.21214285714285713 0.6047450782433115 0.10333333333333333 0.13730439172135286
8 0.12023809523809524 0.47097425542655225 0.10523809523809524 0.1413427561837456
3 0.1742857142857143 0.5345784957092378 0.01904761904761905 0.02120141342756184
3 0.2588095238095238 0.6385663806158506 0.015714285714285715 0.016153457849570924
3 0.26571428571428574 0.671630489651691 0.01904761904761905 0.019687026754164564
3 0.2945238095238095 0.6948510853104493 0.012857142857142857 0.016658253407370014
3 0.3576190476190476 0.8104492680464412 0.008571428571428572 0.013629480060575468
3 0.3680952380952381 0.809439676930843 0.009523809523809525 0.01060070671378092
3 0.4083333333333333 0.8662291771832408 0.016666666666666666 0.02120141342756184
3 0.4430952380952381 0.9447248864209995 0.015714285714285715 0.01867743563856638
3 0.47404761904761905 0.9684502776375568 0.012857142857142857 0.01463907117617365
1 0.4611904761904762 0.20519939424533065 0.019523809523809523 0.02574457344775366
1 0.4785714285714286 0.16506814740030287 0.013333333333333334 0.024230186774356385
8 0.05738095238095238 0.36067642604745076 0.016666666666666666 0.02271580010095911
8 0.21095238095238095 0.3286219081272085 0.07428571428571429 0.07269056032306916
8 0.6664285714285715 0.7084805653710248 0.03761904761904762 0.030792529025744572
8 0.5373809523809524 0.29530540131246846 0.03666666666666667 0.028268551236749116
6 0.8604761904761905 0.46718828874305907 0.18666666666666668 0.16506814740030287
