1 0.27883310719131615 0.6294784580498867 0.015829941203075532 0.01904761904761905
1 0.2835820895522388 0.39501133786848075 0.009950248756218905 0.0045351473922902496
1 0.3726820443238354 0.4324263038548753 0.007236544549977386 0.016780045351473923
1 0.38670284938941657 0.4417233560090703 0.009950248756218905 0.017233560090702947
1 0.42989597467209406 0.4435374149659864 0.023066485753052916 0.027210884353741496
1 0.494572591587517 0.4238095238095238 0.014020805065581185 0.02947845804988662
1 0.532790592492085 0.41904761904761906 0.015377657168701944 0.029024943310657598
1 0.5823156942559927 0.4312925170068027 0.008593396653098146 0.009977324263038548
3 0.35368611488014473 0.42448979591836733 0.018995929443690638 0.01904761904761905
0 0.41112618724559025 0.41904761904761906 0.020805065581184983 0.018140589569160998
0 0.39597467209407505 0.13990929705215419 0.007688828584350972 0.007709750566893424
0 0.3579828132066938 0.17800453514739228 0.016734509271822705 0.021315192743764172
0 0.39009497964721845 0.15918367346938775 0.017639077340569877 0.014512471655328799
0 0.3882858435097241 0.1743764172335601 0.028493894165535955 0.017687074829931974
0 0.3943916779737675 0.20408163265306123 0.026232473993668022 0.019954648526077097
0 0.3964269561284487 0.2222222222222222 0.02668475802804161 0.018140589569160998
0 0.40072365445499775 0.23877551020408164 0.02532790592492085 0.015873015873015872
0 0.39552238805970147 0.25736961451247165 0.040253279059249206 0.019501133786848073
0 0.40343735866123925 0.2777777777777778 0.02804161013116237 0.021315192743764172
0 0.4084124830393487 0.29546485260770977 0.023518769787426504 0.014965986394557823
0 0.41135232926277704 0.3149659863945578 0.02668475802804161 0.02312925170068027
0 0.3919041157847128 0.3242630385487528 0.014020805065581185 0.009070294784580499
0 0.41090004522840345 0.3351473922902494 0.027589326096788783 0.018140589569160998
0 0.4181365897783808 0.16575963718820863 0.022161917684305744 0.02040816326530612
0 0.4330619629127092 0.19047619047619047 0.03573043871551334 0.031746031746031744
0 0.43080054274084123 0.21609977324263038 0.03482587064676617 0.019501133786848073
0 0.43034825870646765 0.2331065759637188 0.025780189959294438 0.013605442176870748
0 0.43487109905020355 0.24875283446712018 0.022161917684305744 0.016780045351473923
0 0.43781094527363185 0.28616780045351475 0.01990049751243781 0.021768707482993196
0 0.44866576209859793 0.30612244897959184 0.03346901854364541 0.018140589569160998
0 0.44866576209859793 0.3242630385487528 0.0370872908186341 0.018140589569160998
0 0.4418815015829941 0.12448979591836734 0.010854816824966078 0.02040816326530612
0 0.4694708276797829 0.18866213151927438 0.021709633649932156 0.018140589569160998
0 0.4728629579375848 0.21043083900226758 0.03211216644052465 0.029024943310657598
0 0.47829036635006783 0.23741496598639455 0.02668475802804161 0.02312925170068027
0 0.48077792853912255 0.2564625850340136 0.023518769787426504 0.015873015873015872
0 0.48009950248756217 0.28503401360544217 0.031207598371777476 0.04036281179138322
0 0.4873360470375396 0.3129251700680272 0.013116236996834011 0.012698412698412698
0 0.46766169154228854 0.3551020408163265 0.020805065581184983 0.015419501133786848
0 0.515377657168702 0.13696145124716552 0.014020805065581185 0.014512471655328799
0 0.5027137042062415 0.14875283446712018 0.013116236996834011 0.014512471655328799
0 0.5002261420171868 0.16621315192743763 0.029850746268656716 0.017687074829931974
0 0.5024875621890548 0.19251700680272107 0.03346901854364541 0.03492063492063492
0 0.5330167345092718 0.18820861678004536 0.033016734509271825 0.033560090702947847
0 0.5067842605156038 0.22131519274376418 0.031207598371777476 0.024489795918367346
0 0.5094979647218453 0.24467120181405896 0.027589326096788783 0.02585034013605442
0 0.5429669832654908 0.2439909297052154 0.03934871099050204 0.041723356009070296
0 0.514246947082768 0.26848072562358277 0.028946178199909543 0.022675736961451247
0 0.5178652193577566 0.2909297052154195 0.02804161013116237 0.022222222222222223
0 0.5472636815920398 0.27732426303854874 0.02804161013116237 0.024943310657596373
0 0.5841248303934871 0.2766439909297052 0.031207598371777476 0.028117913832199547
0 0.5805065581184984 0.25124716553287985 0.02939846223428313 0.024489795918367346
0 0.5768882858435097 0.23061224489795917 0.028493894165535955 0.02040816326530612
0 0.5741745816372682 0.21292517006802722 0.028493894165535955 0.016780045351473923
0 0.5696517412935324 0.18956916099773244 0.02939846223428313 0.030839002267573697
0 0.5651289009497965 0.1655328798185941 0.024875621890547265 0.0163265306122449
0 0.5581184984170059 0.14625850340136054 0.018995929443690638 0.02040816326530612
0 0.5737222976028946 0.1528344671201814 0.012211668928086838 0.011791383219954649
0 0.5533695160560832 0.13219954648526078 0.010402532790592492 0.008616780045351474
0 0.6035730438715513 0.14535147392290249 0.010402532790592492 0.013151927437641724
0 0.6024423337856174 0.1634920634920635 0.02804161013116237 0.024943310657596373
0 0.6033469018543646 0.18662131519274378 0.01990049751243781 0.02040816326530612
0 0.6096788783355948 0.20997732426303856 0.027137042062415198 0.028117913832199547
0 0.6144278606965174 0.24965986394557824 0.028493894165535955 0.05124716553287982
0 0.6381727725011307 0.11904761904761904 0.017186793306196293 0.012244897959183673
0 0.6383989145183175 0.13877551020408163 0.022161917684305744 0.020861678004535148
0 0.6460877431026685 0.163718820861678 0.013116236996834011 0.015419501133786848
0 0.6442786069651741 0.18480725623582767 0.03573043871551334 0.026757369614512472
0 0.643374038896427 0.20430839002267573 0.022161917684305744 0.02312925170068027
0 0.6519674355495251 0.23673469387755103 0.033921302578018994 0.029931972789115645
0 0.6779737675260064 0.14807256235827665 0.027137042062415198 0.03310657596371882
0 0.6983265490728178 0.16145124716553289 0.012663952962460425 0.029024943310657598
0 0.6938037087290818 0.18095238095238095 0.04703753957485301 0.021768707482993196
0 0.6895070104025328 0.20068027210884354 0.02939846223428313 0.021315192743764172
0 0.6879240162822252 0.22063492063492063 0.023518769787426504 0.019501133786848073
0 0.7315694255992763 0.22585034013605443 0.014925373134328358 0.0163265306122449
0 0.7688828584350973 0.22857142857142856 0.01990049751243781 0.022675736961451247
0 0.7865219357756671 0.2365079365079365 0.021709633649932156 0.03219954648526077
0 0.8046132971506106 0.2473922902494331 0.020805065581184983 0.030385487528344673
0 0.8297150610583447 0.26326530612244897 0.0203527815468114 0.02585034013605442
0 0.8487109905020352 0.28458049886621317 0.03573043871551334 0.03582766439909297
0 0.9154228855721394 0.3129251700680272 0.0407055630936228 0.05170068027210884
0 0.9773857982813207 0.3671201814058957 0.045228403437358664 0.047619047619047616
0 0.9855269109000452 0.4038548752834467 0.008141112618724558 0.008616780045351474
0 0.9954771596562642 0.4129251700680272 0.009045680687471733 0.021315192743764172
3 0.8028041610131162 0.9723356009070295 0.014473089099954772 0.0163265306122449
3 0.7905924920850294 0.9022675736961451 0.017186793306196293 0.018594104308390022
3 0.79760289461782 0.6836734693877551 0.015829941203075532 0.017687074829931974
8 0.7822252374491181 0.6047619047619047 0.010402532790592492 0.010430839002267574
1 0.7005879692446857 0.4748299319727891 0.014473089099954772 0.010884353741496598
5 0.8335594753505201 0.16303854875283447 0.020805065581184983 0.016780045351473923
