0 0.029662522202486677 0.5942923254917084 0.010301953818827708 0.013112225221750868
3 0.060923623445825935 0.5663324334747397 0.03943161634103019 0.049749325106054766
0 0.3046181172291297 0.588314693405322 0.015985790408525755 0.01504049363671423
0 0.35008880994671404 0.5844581565753953 0.023801065719360567 0.03200925568839182
0 0.37708703374777974 0.6131893559583494 0.013854351687388987 0.020053991515618975
0 0.4058614564831261 0.6174315464712689 0.018117229129662522 0.016968762051677595
0 0.38543516873889877 0.676629386810644 0.01349911190053286 0.021210952564596992
0 0.3978685612788632 0.6733513305052063 0.01492007104795737 0.014654839953721558
0 0.4065719360568384 0.6606247589664481 0.01669626998223801 0.020053991515618975
0 0.3960923623445826 0.7024681835711531 0.01847246891651865 0.025838796760509063
0 0.41101243339253996 0.6802930967990745 0.015630550621669625 0.016968762051677595
0 0.42238010657193603 0.6505977632086386 0.01349911190053286 0.01774006941766294
0 0.4518650088809947 0.62842267643656 0.022735346358792183 0.024296182028538373
0 0.444582593250444 0.7229078287697648 0.017406749555950268 0.017354415734670267
0 0.42433392539964476 0.5833011955264172 0.015985790408525755 0.017354415734670267
5 0.4921847246891652 0.17605090628615502 0.028063943161634103 0.017354415734670267
5 0.452753108348135 0.30042421905129196 0.027353463587921848 0.01774006941766294
0 0.44706927175843697 0.3879676050906286 0.014564831261101243 0.013112225221750868
0 0.39822380106571936 0.46297724643270344 0.02202486678507993 0.01504049363671423
0 0.430550621669627 0.4446586964905515 0.027708703374777974 0.023139220979560355
0 0.45790408525754883 0.46085615117624373 0.02984014209591474 0.024681835711531045
0 0.4834813499111901 0.4606633243347474 0.01989342806394316 0.012726571538758195
0 0.4872113676731794 0.44176629386810645 0.028774422735346358 0.015811801002699577
0 0.5136767317939609 0.45757809487080603 0.016341030195381884 0.01041264944080216
0 0.530373001776199 0.43058233706131893 0.01989342806394316 0.011183956806787505
0 0.45204262877442275 0.5094485152333205 0.013143872113676732 0.016968762051677595
0 0.5628774422735346 0.43598148862321634 0.018117229129662522 0.016583108368684922
0 0.5587921847246892 0.4543000385653683 0.020603907637655416 0.013112225221750868
0 0.5262877442273535 0.48225993058233707 0.019538188277087035 0.01195526417277285
0 0.48152753108348134 0.5268029309679907 0.0216696269982238 0.01928268414963363
0 0.5513321492007105 0.49112996529116854 0.03126110124333925 0.014269186270728885
0 0.5744227353463588 0.4706903200925569 0.015630550621669625 0.011183956806787505
0 0.5909413854351687 0.4361743154647127 0.023090586145648313 0.014654839953721558
0 0.6083481349911191 0.44408021596606245 0.015985790408525755 0.014269186270728885
0 0.5948490230905862 0.46779791747011185 0.019538188277087035 0.013112225221750868
0 0.6142095914742451 0.4577709217123023 0.015630550621669625 0.018511376783648285
0 0.6310834813499112 0.4446586964905515 0.0216696269982238 0.02236791361357501
0 0.5761989342806394 0.4886232163517162 0.01705150976909414 0.01619745468569225
0 0.5623445825932505 0.5084843810258388 0.02984014209591474 0.018125723100655612
0 0.5845470692717585 0.5160046278441959 0.015985790408525755 0.014654839953721558
0 0.6008880994671403 0.5026995757809487 0.018827708703374777 0.015811801002699577
0 0.6195381882770871 0.4967219436945623 0.019182948490230906 0.013883532587736213
0 0.6193605683836589 0.47743925954492866 0.018117229129662522 0.01619745468569225
0 0.5976909413854352 0.4847666795217894 0.023801065719360567 0.015426147319706903
0 0.6408525754884548 0.4687620516775935 0.015630550621669625 0.01504049363671423
0 0.6483126110124334 0.4841881989973004 0.017761989342806393 0.019668337832626302
0 0.6634103019538188 0.4660624758966448 0.018117229129662522 0.021210952564596992
0 0.6770870337477798 0.44446586964905516 0.021314387211367674 0.024296182028538373
0 0.6955595026642984 0.40127265715387583 0.030550621669627 0.03200925568839182
9 0.7959147424511546 0.12842267643655997 0.08277087033747779 0.1704589278827613
4 0.4548845470692718 0.5271885846509834 0.013143872113676732 0.013112225221750868
0 0.5182948490230905 0.5283455456999614 0.012788632326820605 0.008484381025838797
0 0.5069271758436945 0.5620902429618203 0.007104795737122558 0.006556112610875434
0 0.5044404973357016 0.5757809487080602 0.01989342806394316 0.014654839953721558
0 0.5243339253996447 0.6423062090242961 0.024156305506216696 0.028152718858465098
0 0.5454706927175844 0.6666023910528346 0.015985790408525755 0.015811801002699577
0 0.5596802841918295 0.6681450057848053 0.017406749555950268 0.017354415734670267
0 0.5872113676731794 0.6951407635942923 0.01492007104795737 0.01195526417277285
0 0.5612788632326821 0.7495179328962591 0.017761989342806393 0.01349787890474354
0 0.6087033747779751 0.7151947551099113 0.014564831261101243 0.012726571538758195
0 0.6238010657193606 0.7331276513690705 0.015630550621669625 0.018511376783648285
0 0.5120781527531083 0.5437716930196683 0.00674955595026643 0.007713073659853451
0 0.5357015985790409 0.544157346702661 0.005683836589698046 0.005399151561897416
0 0.5451154529307283 0.5591978403393753 0.04014209591474245 0.027767065175472425
0 0.5767317939609237 0.5474354030080987 0.030905861456483125 0.025838796760509063
0 0.6078152753108348 0.5376012340917856 0.03836589698046181 0.02853837254145777
0 0.6348134991119005 0.5277670651754724 0.026287744227353464 0.024296182028538373
0 0.6596802841918294 0.5187042036251446 0.03339253996447602 0.027767065175472425
0 0.5419182948490231 0.5894716544543 0.02664298401420959 0.021982259930582337
0 0.5616341030195382 0.5827227150019283 0.02202486678507993 0.024681835711531045
0 0.577797513321492 0.5773235634400309 0.020959147424511545 0.024681835711531045
0 0.5960923623445826 0.5707674508291554 0.026287744227353464 0.02236791361357501
0 0.6149200710479573 0.563054377169302 0.02202486678507993 0.026224450443501735
0 0.6348134991119005 0.5584265329733898 0.029129662522202487 0.026224450443501735
0 0.6596802841918294 0.5505206324720401 0.026287744227353464 0.024296182028538373
0 0.6850799289520426 0.5410721172387196 0.03801065719360568 0.027767065175472425
0 0.7161634103019539 0.5310451214809101 0.035523978685612786 0.029309679907443115
0 0.5662522202486678 0.6118395680678751 0.0369449378330373 0.026610104126494408
0 0.5893428063943161 0.6027767065175472 0.021314387211367674 0.023139220979560355
0 0.6126110124333926 0.5964134207481682 0.028063943161634103 0.022753567296567682
0 0.636234458259325 0.587736212880833 0.03126110124333925 0.023139220979560355
0 0.6628774422735346 0.5794446586964905 0.03197158081705151 0.028924026224450443
0 0.6976909413854352 0.5686463555726957 0.04831261101243339 0.029695333590435788
0 0.7268206039076377 0.5566910913999229 0.020603907637655416 0.023524874662553028
0 0.7493783303730017 0.5520632472040108 0.03232682060390764 0.025838796760509063
0 0.6062166962699822 0.6268800617045893 0.05435168738898757 0.030466640956421133
0 0.6515097690941385 0.6122252217508677 0.044760213143872116 0.030466640956421133
0 0.6987566607460035 0.5977632086386425 0.05115452930728242 0.030852294639413805
0 0.7593250444049734 0.5796374855379869 0.05079928952042629 0.033166216737369844
0 0.5991119005328597 0.6579251831854994 0.037300177619893425 0.021596606247589665
0 0.6609236234458259 0.6409564211338218 0.030905861456483125 0.02236791361357501
0 0.7184724689165186 0.6239876590821443 0.025932504440497335 0.0239105283455457
0 0.7431616341030195 0.6145391438488238 0.03126110124333925 0.028152718858465098
0 0.7731793960923623 0.6054762822984959 0.02664298401420959 0.023139220979560355
0 0.6300177619893428 0.6797146162745854 0.02522202486678508 0.021982259930582337
0 0.6614564831261102 0.6700732741997686 0.030550621669627 0.025838796760509063
0 0.686145648312611 0.6642884689548785 0.028774422735346358 0.028152718858465098
0 0.7104795737122558 0.6544543000385654 0.02344582593250444 0.0239105283455457
0 0.7602131438721137 0.6411492479753181 0.028419182948490232 0.023524874662553028
0 0.7857904085257549 0.6347859622059391 0.02984014209591474 0.02545314307751639
0 0.6412078152753108 0.7067103740840726 0.02699822380106572 0.023524874662553028
0 0.6660746003552398 0.6991901272657154 0.029129662522202487 0.0239105283455457
0 0.686145648312611 0.693790975703818 0.023801065719360567 0.026224450443501735
0 0.7031971580817051 0.6885846509834169 0.019538188277087035 0.024296182028538373
0 0.7218472468916519 0.6827998457385268 0.029129662522202487 0.027381411492479753
0 0.7445825932504441 0.677207867335133 0.027708703374777974 0.02545314307751639
0 0.7653641207815275 0.6694947936752796 0.025932504440497335 0.02545314307751639
0 0.7927175843694494 0.6627458542229079 0.035879218472468916 0.025838796760509063
0 0.6589698046181173 0.7331276513690705 0.030550621669627 0.026224450443501735
0 0.6820603907637656 0.7244504435017355 0.02486678507992895 0.022753567296567682
0 0.7008880994671404 0.7188584650983417 0.022735346358792183 0.0239105283455457
0 0.7186500888099467 0.713266486694948 0.019182948490230906 0.022753567296567682
0 0.7397868561278863 0.7078673351330506 0.03232682060390764 0.023524874662553028
0 0.7664298401420959 0.6993829541072117 0.023801065719360567 0.021982259930582337
0 0.7877442273534636 0.6935981488623216 0.024511545293072826 0.022753567296567682
0 0.7067495559502665 0.7477824913227922 0.04369449378330373 0.0239105283455457
0 0.7436944937833038 0.7360200539915156 0.025932504440497335 0.025067489394523718
0 0.7714031971580817 0.7294639413806402 0.03374777975133215 0.023524874662553028
0 0.8126110124333925 0.7175086772078674 0.03019538188277087 0.025067489394523718
0 0.6902309058614565 0.7801774006941766 0.03410301953818828 0.026224450443501735
0 0.7298401420959147 0.7715001928268415 0.02664298401420959 0.021982259930582337
0 0.7532859680284192 0.7653297338989588 0.024511545293072826 0.023524874662553028
0 0.7920071047957371 0.7543386039336676 0.04085257548845471 0.02699575780948708
0 0.8234458259325045 0.7456613960663324 0.030550621669627 0.025838796760509063
0 0.713676731793961 0.8060161974546857 0.036234458259325045 0.026224450443501735
0 0.7429840142095915 0.7984959506363286 0.03232682060390764 0.024296182028538373
0 0.7330373001776199 0.8326263015811801 0.03943161634103019 0.02699575780948708
0 0.8584369449378331 0.635364442730428 0.018827708703374777 0.018897030466640957
0 0.8785079928952043 0.6396066332433474 0.01705150976909414 0.016583108368684922
0 0.8568383658969805 0.6500192826841497 0.020603907637655416 0.017354415734670267
0 0.8607460035523978 0.6899344388738913 0.022735346358792183 0.014654839953721558
0 0.24014209591474245 0.4005013497878905 0.007104795737122558 0.007327419976860779
0 0.25683836589698045 0.4124566139606633 0.012788632326820605 0.009641342074816815
0 0.26145648312611014 0.4247975318164288 0.007104795737122558 0.008098727342846125
5 0.2595026642984014 0.027959892016968763 0.025932504440497335 0.015811801002699577
5 0.8920071047957371 0.4350173544157347 0.03197158081705151 0.026224450443501735
