0 0.17410104688211198 0.09813307802776448 0.035958124715521164 0.03733843944471039
4 0.14087391898042786 0.08257539492580182 0.005917159763313609 0.005265677357587362
4 0.15634956759217114 0.05385351842987075 0.005006827492034593 0.005265677357587362
0 0.37460172963131544 0.23288654858784108 0.009103322712790168 0.010052656773575874
4 0.21461083295402822 0.36572522738152224 0.012289485662266727 0.013403542364767831
0 0.43855257168866635 0.3202489229296314 0.015020482476103778 0.014360938247965534
0 0.46586253982703685 0.31235040689325033 0.009558488848429678 0.008137865007180469
0 0.4886208466090123 0.3360459550023935 0.024123805188893947 0.02584968884633796
0 0.48771051433773327 0.3626136907611297 0.03413746017296313 0.026328386787936812
0 0.4720072826581702 0.4013882240306367 0.010923987255348202 0.014839636189564385
0 0.49772416932180247 0.389181426519866 0.026854802002730997 0.026807084729535663
0 0.49522075557578515 0.4234083293441838 0.03459262630860264 0.03973192915270465
0 0.4745106964041875 0.44590713259932985 0.03322712790168411 0.02920057443752992
0 0.44993172507965407 0.44901866921972233 0.025034137460172964 0.03542364767831498
0 0.43104233045061446 0.4612254667304931 0.024578971324533454 0.02537099090473911
0 0.5227583067819754 0.4655337482048827 0.02230314064633591 0.02537099090473911
0 0.4622212107419208 0.48946864528482525 0.036868456986800184 0.03015797032072762
0 0.5279927173418297 0.36931546194351367 0.03186162949476559 0.03207276208712303
0 0.5532544378698225 0.3719483006223073 0.012289485662266727 0.01723312589755864
0 0.5776058261265362 0.36644327429392054 0.013654984069185253 0.010052656773575874
0 0.5928538916704598 0.3898994734322642 0.029585798816568046 0.04068932503590235
0 0.5316340464269458 0.3922929631402585 0.030040964952207556 0.0215414073719483
0 0.5357305416477014 0.41168022977501195 0.03186162949476559 0.02106270943034945
0 0.5400546199362768 0.43298228817616086 0.03322712790168411 0.027285782671134514
2 0.5207100591715976 0.4277166108185735 0.0063723258989531175 0.010052656773575874
0 0.5764679107874374 0.42436572522738153 0.04142011834319527 0.052178075634274776
0 0.6308602639963586 0.4202967927237913 0.024578971324533454 0.02584968884633796
0 0.6479289940828402 0.4071325993298229 0.029585798816568046 0.034944949736716135
0 0.6686390532544378 0.4030636668262326 0.032771961766044605 0.044997606510292006
0 0.6697769685935366 0.36093824796553375 0.010468821119708694 0.011488750598372427
0 0.6795630405097861 0.3511249401627573 0.01456531634046427 0.0205840114887506
0 0.6970869367319071 0.33963618956438485 0.03140646335912608 0.031115366203925323
0 0.6986800182066454 0.38439444710387743 0.04369594902139281 0.03733843944471039
0 0.7239417387346382 0.32886548587841075 0.029585798816568046 0.02967927237912877
0 0.7457897132453345 0.3334131163235998 0.00864815657715066 0.009095260890378171
0 0.728720983158853 0.3726663475347056 0.030951297223486572 0.03781713738630924
0 0.7503413746017297 0.365007180469124 0.02594446973145198 0.027285782671134514
0 0.7792444242148384 0.37386309238870274 0.03914428766499772 0.03446625179511728
0 0.8559399180700956 0.3810435615126855 0.029585798816568046 0.03350885591191958
0 0.8377332726445152 0.38535184298707514 0.00864815657715066 0.016275730014360938
0 0.88893946290396 0.38152225945428436 0.04005461993627674 0.03733843944471039
0 0.8918980427856168 0.4095260890378171 0.01137915339098771 0.01771182383915749
0 0.960172963131543 0.384155098133078 0.044151115157032315 0.031115366203925323
0 0.9906690942193901 0.3915749162278602 0.018661811561219845 0.031594064145524174
0 0.37255348202093763 0.517951172809957 0.0323167956304051 0.036381043561512685
0 0.35502958579881655 0.5634274772618477 0.04005461993627674 0.030636668262326472
0 0.33978152025489305 0.5897558640497846 0.04142011834319527 0.044997606510292006
0 0.3243058716431497 0.6151268549545237 0.04597177969959035 0.032551460028721876
0 0.3147473827947201 0.6352321685016754 0.04961310878470642 0.036381043561512685
0 0.3106508875739645 0.6673049305887985 0.04597177969959035 0.027764480612733365
0 0.3122439690487028 0.6924365725227382 0.04915794264906691 0.022498803255146003
0 0.31338188438780157 0.717089516515079 0.04779244424214838 0.028721876495931067
0 0.40737369139736 0.5830540928674006 0.011834319526627219 0.030636668262326472
0 0.39258079198907603 0.6122546673049306 0.035958124715521164 0.03829583532790809
3 0.38484296768320436 0.638343705122068 0.01137915339098771 0.014839636189564385
0 0.37551206190259445 0.660842508377214 0.03823395539371871 0.03303015797032073
0 0.3691397360036413 0.6907611297271422 0.028220300409649523 0.023934897079942556
0 0.3875739644970414 0.6988989947343226 0.009558488848429678 0.00861656294877932
0 0.31838871187983614 0.8133078027764481 0.03322712790168411 0.030636668262326472
0 0.31338188438780157 0.8468166586883676 0.03322712790168411 0.03446625179511728
0 0.33750568957669547 0.8511249401627573 0.01137915339098771 0.020105313547151747
0 0.31042330450614475 0.8824796553374821 0.04460628129267182 0.031115366203925323
0 0.2969959035047792 0.9102441359502154 0.044151115157032315 0.03207276208712303
0 0.28447883477469277 0.9466251795117281 0.021847974510696404 0.01675442795595979
0 0.2949476558944015 0.9674485399712781 0.02913063268092854 0.02967927237912877
4 0.24169321802457897 0.6814265198659646 0.0063723258989531175 0.006223073240785065
0 0.22781065088757396 0.821685016754428 0.012289485662266727 0.015797032072762087
0 0.2380518889394629 0.8274293920536142 0.013654984069185253 0.027285782671134514
0 0.23076923076923078 0.8717089516515079 0.027309968138370506 0.03446625179511728
0 0.269458352298589 0.8599808520823361 0.023668639053254437 0.02920057443752992
0 0.22917614929449248 0.948779320248923 0.05325443786982249 0.0421254188606989
1 0.9665452890304961 0.12613690761129728 0.01957214383249886 0.013882240306366683
8 0.8104233045061447 0.03135471517472475 0.01137915339098771 0.011967448539971278
