0 0.1959673765292252 0.10037484381507705 0.03035795197100136 0.025822573927530196
0 0.23516085183507024 0.09933361099541857 0.02718622564567286 0.02790503956684715
0 0.20344358858178524 0.14743856726364016 0.024467603081105575 0.04081632653061224
0 0.2827367467149977 0.13473552686380674 0.040779338468509285 0.042898792169929194
0 0.2435432714091527 0.14244064972927947 0.025826914363389217 0.034152436484798
0 0.2532850022655188 0.18096626405664307 0.03715450838241957 0.037900874635568516
0 0.6275487086542818 0.036651395251978344 0.024467603081105575 0.022490628904623073
0 0.7054825555052107 0.011453561016243232 0.01812415043044857 0.018742190753852563
0 0.736973266878115 0.03519366930445648 0.023108291798821932 0.03456892961266139
3 0.8316719528772089 0.013327780091628489 0.011327594019030359 0.013327780091628489
3 0.836202990484821 0.04997917534360683 0.01042138649750793 0.01582673885880883
3 0.8432260987766198 0.08038317367763433 0.015405527865881287 0.019991670137442734
3 0.8559130040779338 0.12619741774260726 0.009968282736746714 0.009162848812994586
3 0.8434526506570005 0.16243231986672219 0.011327594019030359 0.01749271137026239
3 0.8828726778432261 0.33506872136609744 0.022202084277299503 0.017076218242399
3 0.8590847304032624 0.42877967513536025 0.012686905301314002 0.014577259475218658
3 0.9034888989578613 0.4606413994169096 0.031717263253285 0.03248646397334444
3 0.8767557770729497 0.4914618908788005 0.009062075215224286 0.01582673885880883
3 0.8880833710919801 0.4895876718034152 0.010874490258269144 0.015410245730945439
3 0.9342999546896239 0.5058309037900874 0.016311735387403714 0.012078300708038317
3 0.9109651110104214 0.523948354852145 0.013140009062075216 0.011661807580174927
3 0.9304485727231536 0.5403998334027489 0.03307657453556864 0.019575177009579343
3 0.9583144540099683 0.546438983756768 0.024467603081105575 0.014993752603082049
3 0.9580879021295877 0.5610162432319866 0.02945174444947893 0.011661807580174927
3 0.9046216583597644 0.565597667638484 0.012233801540552787 0.027488546438983758
3 0.9261440869959221 0.5633069554352353 0.028998640688717717 0.01790920449812578
3 0.8221567739012233 0.5918367346938775 0.01676483914816493 0.011661807580174927
3 0.9243316719528772 0.6149521032902957 0.01812415043044857 0.011245314452311536
3 0.7199818758495695 0.6955435235318618 0.024467603081105575 0.01665972511453561
3 0.7172632532850023 0.7369845897542691 0.02084277299501586 0.012078300708038317
3 0.7433167195287721 0.7186588921282799 0.013140009062075216 0.015410245730945439
3 0.6370638876302673 0.9073302790503956 0.03715450838241957 0.037900874635568516
3 0.638423198912551 0.8808829654310704 0.011780697779791573 0.010828821324448146
1 0.664929768917082 0.9683465222823824 0.02401449932034436 0.009162848812994586
3 0.7000453103760761 0.9500208246563931 0.011780697779791573 0.008329862557267805
3 0.6887177163570458 0.9137859225322782 0.011780697779791573 0.008329862557267805
3 0.6472587222473947 0.7982090795501874 0.01676483914816493 0.015410245730945439
