0 0.041550139832201356 0.07907890039271688 0.01997602876548142 0.039628704034273474
0 0.036556132640831004 0.11370938950374866 0.02357171394326808 0.029632274187790075
0 0.061725928885337594 0.07711531595858621 0.024370755093887336 0.02784719742948947
0 0.056532161406312426 0.12852552659764369 0.016380343587694766 0.024277043912888253
0 0.08689572512984418 0.10317743662977508 0.02117459049141031 0.028561228132809712
0 0.14962045545345584 0.11567297393787933 0.026767878545745107 0.03355944305605141
0 0.07550938873351977 0.1949303820064263 0.020775069916100678 0.019992859692966797
0 0.11046743907311227 0.21135308818279186 0.024370755093887336 0.019278828989646554
0 0.11446264482620855 0.23866476258479113 0.02596883739512585 0.02534808996786862
0 0.12764682381142628 0.2575865762227776 0.012385137834598482 0.011781506604784006
0 0.13443867359168998 0.28828989646554803 0.02117459049141031 0.029632274187790075
0 0.1460247702756692 0.21599428775437343 0.021973631642029565 0.02570510531952874
0 0.1699960047942469 0.2197429489468047 0.022772672792648822 0.019635844341306677
0 0.1825809029165002 0.2534808996786862 0.03116260487415102 0.034273473759371655
0 0.20335597283260087 0.19992859692966797 0.019176987614862164 0.022134951802927526
0 0.21733919296843787 0.21599428775437343 0.01997602876548142 0.023563013209568013
0 0.2103475829005194 0.23866476258479113 0.026767878545745107 0.02820421278114959
0 0.23391929684378746 0.26990360585505174 0.01558130243707551 0.024277043912888253
0 0.2273272073511786 0.3032845412352731 0.020775069916100678 0.019635844341306677
0 0.2287255293647623 0.3418421992145662 0.024370755093887336 0.02320599785790789
0 0.23092289252896525 0.37361656551231703 0.026368357970435477 0.02034987504462692
0 0.2684778266080703 0.27043912888254196 0.024770275669196963 0.021777936451267403
0 0.2516979624450659 0.2957872188504106 0.021574111066719935 0.02320599785790789
0 0.272073511785857 0.3041770796144234 0.024770275669196963 0.024991074616208496
0 0.25469436675988816 0.33184576936808285 0.017179384738314023 0.03248839700107105
0 0.2782660807031562 0.3291681542306319 0.01797842588893328 0.029275258836129952
0 0.2852576907710747 0.3573723670117815 0.02317219336795845 0.02570510531952874
4 0.2317219336795845 0.39985719385933594 0.006392329204954055 0.006426276329882185
0 0.27187375149820214 0.3841485183862906 0.009188973232121454 0.007140307033202428
0 0.3679584498601678 0.05622991788646912 0.022373152217339192 0.026776151374509102
0 0.2976428286056732 0.21813637986433418 0.037554934079105075 0.03355944305605141
0 0.3062325209748302 0.24634059264548375 0.016380343587694766 0.02284898250624777
0 0.2926488214143028 0.26312031417350945 0.017179384738314023 0.02284898250624777
0 0.2962445065920895 0.28561228132809713 0.017179384738314023 0.022134951802927526
0 0.3110267678785457 0.3038200642627633 0.016380343587694766 0.021420921099607283
0 0.31402317219336795 0.32863263120314173 0.027167399121054734 0.022491967154587646
0 0.32500998801438274 0.37450910389146735 0.019576508190171794 0.026419136022848982
0 0.31242508989212947 0.4141378079257408 0.022373152217339192 0.024277043912888253
0 0.308629644426688 0.46251338807568726 0.018777467039552537 0.023920028561228133
0 0.3300039952057531 0.4858978936094252 0.03276068717538953 0.03141735094609068
0 0.440870954854175 0.11745805069617994 0.027566919696364364 0.029989289539450195
0 0.5199760287654814 0.0808639771510175 0.029165001997602878 0.028918243484469832
0 0.4370755093887335 0.14530524812566942 0.03196164602477027 0.022134951802927526
0 0.46703955253695567 0.13066761870760443 0.028765481422293248 0.02284898250624777
0 0.4908110267678785 0.12513388075687254 0.016380343587694766 0.01535166012138522
0 0.5147822612864562 0.12656194216351302 0.027566919696364364 0.03034630489111032
0 0.5013983220135837 0.15048197072474118 0.03116260487415102 0.01606569082470546
0 0.47502996404314823 0.16726169225276688 0.021574111066719935 0.012495537308104248
0 0.4922093487814622 0.1749375223134595 0.015181781861765881 0.02284898250624777
0 0.5045944866160608 0.16511960014280613 0.015181781861765881 0.012495537308104248
0 0.5577307231322413 0.1585148161370939 0.018377946464242907 0.024991074616208496
0 0.513983220135837 0.19778650481970725 0.025169796244506593 0.02284898250624777
0 0.5355573312025569 0.1885041056765441 0.013983220135836995 0.019992859692966797
0 0.4061126648022373 0.2256337022491967 0.02996404314822213 0.026419136022848982
0 0.3875349580503396 0.2591931453052481 0.020775069916100678 0.023563013209568013
0 0.36076707950459447 0.2952516958229204 0.010387534958050339 0.022134951802927526
0 0.3917299240910907 0.282399143163156 0.014782261286456252 0.022134951802927526
0 0.42229324810227725 0.26633345233845057 0.030363563723531762 0.023563013209568013
0 0.4141030763084299 0.2879328811138879 0.022772672792648822 0.019635844341306677
0 0.43328006392329205 0.28953945019635846 0.013983220135836995 0.022134951802927526
0 0.4510587295245705 0.28596929667975723 0.021574111066719935 0.024277043912888253
0 0.40890930882940474 0.31131738664762587 0.017179384738314023 0.021420921099607283
0 0.4266879744306832 0.3129239557300964 0.019176987614862164 0.019635844341306677
0 0.41769876148621654 0.3330953230988932 0.018777467039552537 0.019278828989646554
0 0.3637634838194167 0.3425562299178865 0.013983220135836995 0.018921813637986434
0 0.3803435876947663 0.3402356301320957 0.015980823012385136 0.018564798286326314
0 0.4001198561725929 0.3482684755444484 0.013983220135836995 0.018921813637986434
0 0.4628445864962046 0.3257765083898608 0.025169796244506593 0.026776151374509102
0 0.45425489412704756 0.3461263834344877 0.021574111066719935 0.019635844341306677
0 0.4410707151418298 0.3620135665833631 0.02317219336795845 0.023563013209568013
0 0.42508989212944465 0.38397001071046055 0.01757890531362365 0.02320599785790789
0 0.35737115461446267 0.39503748661192434 0.01797842588893328 0.023920028561228133
0 0.43507790651218536 0.4478757586576223 0.027167399121054734 0.019635844341306677
0 0.46683979224930083 0.4473402356301321 0.012385137834598482 0.02284898250624777
0 0.46943667598881345 0.4687611567297394 0.026368357970435477 0.02284898250624777
0 0.4522572912504994 0.4889325240985362 0.021574111066719935 0.023920028561228133
0 0.48601677986416303 0.5003570153516601 0.022772672792648822 0.029632274187790075
0 0.5133839392728725 0.4634059264548376 0.01997602876548142 0.027133166726169226
0 0.5355573312025569 0.45019635844341305 0.019576508190171794 0.022134951802927526
0 0.5149820215741111 0.48750446269189573 0.013583699560527367 0.018921813637986434
0 0.5047942469037155 0.5191003213138164 0.026767878545745107 0.027133166726169226
0 0.5351578106272473 0.5019635844341307 0.014782261286456252 0.021420921099607283
0 0.5455453455852977 0.4805426633345234 0.03076308429884139 0.02570510531952874
0 0.23092289252896525 0.5012495537308104 0.02556931681981622 0.03641556586933238
0 0.2632840591290451 0.5358800428418422 0.019176987614862164 0.03070332024277044
0 0.2457051538154215 0.5489111031774366 0.01757890531362365 0.012495537308104248
0 0.3008389932081502 0.532309889325241 0.021574111066719935 0.02784719742948947
0 0.2920495405513384 0.5524812566940378 0.01757890531362365 0.022491967154587646
0 0.2650819017179385 0.5655123170296322 0.018777467039552537 0.01785076758300607
0 0.19476628046344388 0.5951445912174224 0.01797842588893328 0.029275258836129952
0 0.24390731122652817 0.5865762227775795 0.02117459049141031 0.023563013209568013
0 0.2738713543747503 0.5958586219207426 0.043547742708749504 0.034987504462691894
0 0.30842988413903316 0.5901463762941807 0.033559728326008786 0.029989289539450195
0 0.3090291650019976 0.61745805069618 0.01558130243707551 0.02320599785790789
0 0.34338793447862564 0.6094252052838272 0.035557331202556934 0.024991074616208496
0 0.31901717938473834 0.6358443413066762 0.01797842588893328 0.02284898250624777
0 0.3068318018377946 0.6606569082470546 0.01757890531362365 0.021063905747947163
0 0.33180183779464645 0.6769011067475902 0.019576508190171794 0.028561228132809712
0 0.37035557331202557 0.6212067118886112 0.029564522572912505 0.026419136022848982
0 0.37415101877746704 0.6461977865048197 0.035557331202556934 0.024277043912888253
0 0.40990811026767876 0.797215280257051 0.03116260487415102 0.03213138164941092
2 0.10427487015581302 0.5160656908247054 0.007990411506192568 0.008925383791503035
0 0.561326408310028 0.2665119600142806 0.02556931681981622 0.01535166012138522
0 0.654814222932481 0.2484826847554445 0.03196164602477027 0.03070332024277044
0 0.6727926488214143 0.29775080328454123 0.023971234518577706 0.024277043912888253
0 0.6731921693967239 0.3229203855765798 0.015181781861765881 0.02534808996786862
0 0.6843787455053936 0.3461263834344877 0.019176987614862164 0.03320242770439129
0 0.7103475829005194 0.35005355230274904 0.026368357970435477 0.018921813637986434
0 0.7642828605673192 0.30078543377365224 0.028765481422293248 0.02034987504462692
0 0.7618857371154615 0.36754730453409495 0.029564522572912505 0.027490182077829346
0 0.8074310827007591 0.3845055337379507 0.03196164602477027 0.026419136022848982
0 0.8711546144626449 0.3582649053909318 0.022772672792648822 0.021063905747947163
0 0.8475829005193768 0.37522313459478757 0.013983220135836995 0.017136736879685827
0 0.8256092688773472 0.40574794716172796 0.032361166600079906 0.03034630489111032
0 0.8601677986416301 0.39039628704034274 0.033559728326008786 0.023920028561228133
0 0.8519776268477827 0.4134237772224206 0.026767878545745107 0.027133166726169226
0 0.8883339992009589 0.4066404855408783 0.026767878545745107 0.022134951802927526
0 0.9372752696763883 0.4459121742234916 0.03435876947662805 0.018564798286326314
0 0.6234518577706752 0.5756872545519457 0.03875349580503396 0.0367725812209925
0 0.6112664802237315 0.9064619778650482 0.021574111066719935 0.023563013209568013
0 0.6418298042349181 0.8978936094252052 0.02596883739512585 0.024277043912888253
0 0.6174590491410308 0.9482327740092824 0.018777467039552537 0.024277043912888253
0 0.6791849780263683 0.9202070689039629 0.037554934079105075 0.034630489111031774
0 0.6488214143028366 0.9316315601570867 0.018377946464242907 0.02320599785790789
0 0.6576108669596484 0.9609068189932167 0.030363563723531762 0.031060335594430562
0 0.9264882141430284 0.7267047483041771 0.019176987614862164 0.02034987504462692
0 0.9712345185777067 0.7231345947875759 0.024770275669196963 0.03320242770439129
0 0.9420695165801038 0.7418779007497323 0.022373152217339192 0.026419136022848982
0 0.9163004394726328 0.76454837558015 0.02357171394326808 0.019635844341306677
0 0.958050339592489 0.7609782220635487 0.01997602876548142 0.01820778293466619
