3 0.19587242026266416 0.4810126582278481 0.01275797373358349 0.020913593835993397
3 0.19212007504690432 0.6073197578425977 0.01575984990619137 0.02806824435883324
3 0.20825515947467166 0.7061089708310402 0.02176360225140713 0.028618602091359385
3 0.27204502814258913 0.7707760044028619 0.01575984990619137 0.014859658778205834
8 0.8958724202626641 0.17638965327462852 0.057410881801125704 0.1337369290038525
8 0.9478424015009381 0.3456246560264172 0.08105065666041276 0.20803522289488166
3 0.8726078799249531 0.10456796917996698 0.013883677298311446 0.020913593835993397
3 0.8971857410881802 0.23610346725371492 0.01726078799249531 0.0275178866263071
3 0.9812382739212008 0.45129334067143645 0.01125703564727955 0.014309301045679693
1 0.9101313320825516 0.28343423225096315 0.015384615384615385 0.023115024766097964
1 0.9303939962476547 0.3464501926252064 0.012382739212007506 0.03137039075399009
