0 0.08679479231246125 0.8975799481417459 0.08927464352138871 0.09420916162489196
0 0.12616243025418475 0.733362143474503 0.019218846869187848 0.04753673292999136
0 0.15561066336019838 0.7394122731201382 0.044637321760694355 0.056179775280898875
0 0.2619342839429634 0.5916162489196197 0.0328580285182889 0.049265341400172864
0 0.2718536887786733 0.5371650821089023 0.05889646621202728 0.07173725151253241
0 0.30998140111593303 0.5043215211754538 0.05703657780533168 0.08556611927398444
0 0.347179169249845 0.4243733794295592 0.05579665220086795 0.08124459809853068
0 0.393676379417235 0.34312878133102853 0.052076875387476754 0.06568712186689715
0 0.40638561686298824 0.287381158167675 0.050216986980781156 0.08556611927398444
0 0.4249845009299442 0.23163353500432152 0.03037817730936144 0.05012964563526361
0 0.45443273403595785 0.219533275713051 0.04215747055176689 0.06222990492653414
0 0.4727216367017979 0.16464995678478825 0.06137631742095474 0.08729472774416594
0 0.4823310601363918 0.317199654278306 0.04339739615623062 0.06050129645635264
0 0.5043397396156231 0.27441659464131374 0.04277743335399876 0.052722558340535866
0 0.5319280843149411 0.22990492653414002 0.053316800991940486 0.07778738115816768
0 0.5086794792312461 0.3802938634399309 0.0328580285182889 0.04840103716508211
0 0.569435833849969 0.46153846153846156 0.04277743335399876 0.06222990492653414
0 0.5750154990700558 0.3707865168539326 0.019218846869187848 0.020743301642178046
0 0.6252324860508369 0.1421780466724287 0.017978921264724116 0.03025064822817632
3 0.6456912585244885 0.19230769230769232 0.022938623682579044 0.037165082108902334
0 0.6289522628642281 0.21348314606741572 0.041537507749535026 0.05358686257562662
0 0.6168629882207067 0.25799481417458947 0.02851828890266584 0.049265341400172864
0 0.6658400495970241 0.2571305099394987 0.06323620582765034 0.07692307692307693
4 0.5852448853068816 0.3176318063958513 0.02851828890266584 0.03889369057908384
0 0.8019218846869188 0.10501296456352636 0.034097954122752634 0.025064822817631807
4 0.9088654680719157 0.1063094209161625 0.013639181649101054 0.01901469317199654
