5 0.46467040068935805 0.0774307083150022 0.043515725980180955 0.04663440387153542
5 0.5523481258078414 0.24197096348438188 0.04136148211977596 0.03607567091948966
8 0.08487720809995691 0.34821821381434226 0.06893580353295993 0.0708315002199736
8 0.034898750538560966 0.48350197976242854 0.06893580353295993 0.10558732952045755
8 0.11525204653166739 0.5864496260448746 0.1046962516156829 0.12406511218653761
8 0.2074536837570013 0.6946766388033436 0.09694097371822491 0.10822701275846898
8 0.2994398965962947 0.8053233611966564 0.11719086600603189 0.12186537615486141
8 0.4278328306764326 0.9337879454465464 0.15424386040499785 0.13242410910690716
3 0.07173632055148643 0.5252969643642763 0.01938819474364498 0.01935767707875055
3 0.16113744075829384 0.608227012758469 0.016372253339077984 0.01627804663440387
3 0.17061611374407584 0.6370435547734272 0.015510555794915984 0.01847778266608007
3 0.1999138302455838 0.655081390233172 0.014648858250753986 0.013198416190057193
1 0.1996984058595433 0.7058952925648923 0.021973287376130978 0.025956885173779146
3 0.25484704868591124 0.736691597008359 0.01680310211115898 0.015398152221733392
3 0.2796208530805687 0.7514298284205895 0.01120206807410599 0.011438627364716234
3 0.3211977595863852 0.7967443906731192 0.015941404566996983 0.01759788825340959
3 0.3612666953899181 0.8636163660360757 0.015079707022834985 0.01583809942806863
3 0.3935803532959931 0.8827540695116586 0.01680310211115898 0.015398152221733392
1 0.3453252908229211 0.8792344918609767 0.021973287376130978 0.026836779586449627
6 0.6966824644549763 0.4135503739551254 0.17578629900904783 0.13374395072591289
8 0.4015510555794916 0.30048394192696876 0.04997845756139595 0.03343598768147822
8 0.5467470917707885 0.6416630004399472 0.037914691943127965 0.031236251649802024
