3 0.40661227994847576 0.6513419483101391 0.018892228424216402 0.020377733598409543
3 0.32245598969514816 0.6498508946322068 0.013739802490339202 0.008449304174950299
3 0.29497638471446974 0.6284791252485089 0.017174753112924 0.016401590457256462
3 0.24474023185916702 0.61058648111332 0.016316015457277802 0.01341948310139165
0 0.20416487762988408 0.6289761431411531 0.0055817947617003 0.01739562624254473
5 0.7030914555603264 0.9612326043737575 0.0347788750536711 0.0268389662027833
5 0.6380420781451267 0.7216699801192843 0.0369257191927866 0.027833001988071572
0 0.08286818376985831 0.4309145129224652 0.017174753112924 0.016898608349900597
3 0.04937741519965651 0.393389662027833 0.009446114212108201 0.007455268389662028
3 0.014383855732073852 0.37301192842942343 0.021897810218978103 0.018389662027833
