0 0.11662249148049982 0.055853920515574654 0.023475956077243468 0.0372359470103831
0 0.33964407421431275 0.44110275689223055 0.023475956077243468 0.023630504833512353
0 0.3576296857251041 0.42910848549946295 0.02764104505868989 0.02756892230576441
0 0.4106399091253313 0.40816326530612246 0.042786823173040514 0.03580379520229144
0 0.3864066641423703 0.46383816684568563 0.023854600530102233 0.02685284640171858
4 0.4407421431276032 0.8243823845327605 0.009844755774327906 0.011099176512710347
4 0.4835289663006437 0.8379878267096312 0.008330177962892843 0.00966702470461869
4 0.5212040893600909 0.8460436806301468 0.00946611132146914 0.010025062656641603
4 0.5407042786823173 0.8820264948084497 0.0121166224914805 0.011815252416756176
4 0.5753502461188944 0.9027926960257787 0.010980689132904203 0.011815252416756176
4 0.5921999242711095 0.9493376297887576 0.009844755774327906 0.00966702470461869
0 0.6355547141234381 0.7434658073755818 0.02688375615297236 0.018259935553168637
0 0.48731541082923135 0.8032581453634086 0.025747822794396063 0.02685284640171858
0 0.5092767890950397 0.8317221625492303 0.03104884513441878 0.029359112065878983
0 0.49943203332071184 0.8648406731113498 0.025747822794396063 0.026136770497672754
0 0.43638773191972735 0.8863229502327247 0.012495266944339266 0.017543859649122806
0 0.4449072321090496 0.9047619047619048 0.016660355925785686 0.02434658073755818
0 0.46402877697841727 0.8870390261367705 0.017796289284361985 0.03329752953813104
0 0.44793638773191974 0.9387755102040817 0.013631200302915562 0.015037593984962405
0 0.482203710715638 0.9208736126029359 0.020825444907232107 0.01933404940923738
0 0.5374858008330178 0.9108485499462943 0.030670200681560015 0.03079126387397064
0 0.5221507004922378 0.9264232008592911 0.026505111700113593 0.02900107411385607
0 0.5535781900795154 0.9378804153240243 0.02953426732298372 0.02327246688148944
0 0.5948504354411208 0.9217687074829932 0.026505111700113593 0.02756892230576441
0 0.6192730026505112 0.9246330110991765 0.020068156001514577 0.021124239169351952
0 0.46630064369556984 0.9489795918367347 0.03142748958727755 0.02756892230576441
0 0.4933737220749716 0.9366272824919442 0.03029155622870125 0.027926960257787327
0 0.45664521014767134 0.9744002864303616 0.03104884513441878 0.024704618689581095
0 0.48693676637637257 0.9718940207662012 0.03029155622870125 0.034013605442176874
0 0.5107913669064749 0.9622269960615826 0.02953426732298372 0.03186537773003938
3 0.49507762211283607 0.9837092731829574 0.00946611132146914 0.00966702470461869
