0 0.18954526136846578 0.9100864553314121 0.019549511262218443 0.03688760806916427
0 0.19783255418614534 0.8760806916426513 0.01997450063748406 0.03688760806916427
3 0.15618359541011476 0.8270893371757925 0.006374840628984276 0.01037463976945245
3 0.1274968125796855 0.7449567723342939 0.011049723756906077 0.019020172910662825
0 0.13344666383340417 0.7838616714697406 0.009349766255843604 0.016138328530259365
3 0.08861028474288143 0.6527377521613833 0.008924776880577986 0.017867435158501442
3 0.10390990225244369 0.5409221902017292 0.009774755631109222 0.009798270893371758
3 0.12643433914152147 0.5487031700288184 0.011474713132171696 0.012680115273775217
3 0.1780705482362941 0.615850144092219 0.011049723756906077 0.015561959654178675
3 0.23714407139821506 0.677521613832853 0.010199745006374841 0.013256484149855908
3 0.24840628984275392 0.7253602305475504 0.008924776880577986 0.015561959654178675
1 0.21653208669783255 0.6815561959654178 0.007224819379515512 0.016714697406340056
3 0.2987675308117297 0.8 0.011049723756906077 0.019596541786743516
3 0.36931576710582237 0.8881844380403459 0.011049723756906077 0.01729106628242075
3 0.4407139821504462 0.8855907780979827 0.009349766255843604 0.019020172910662825
3 0.5212494687632809 0.8657060518731988 0.012324691882702932 0.008069164265129682
3 0.530174245643859 0.923342939481268 0.009774755631109222 0.018443804034582133
1 0.5269868253293668 0.98328530259366 0.008499787505312367 0.0069164265129683
1 0.5441988950276243 0.9634005763688761 0.007224819379515512 0.016714697406340056
3 0.8204419889502762 0.8876080691642652 0.01572460688482788 0.018443804034582133
0 0.8799405014874628 0.9236311239193083 0.014024649383765405 0.01440922190201729
