1 0.24696645253390434 0.46802131912058625 0.029978586723768737 0.03664223850766156
1 0.3515346181299072 0.4770153231179214 0.023554603854389723 0.034643570952698204
1 0.3579586009992862 0.4826782145236509 0.030692362598144184 0.04063957361758828
1 0.367237687366167 0.4880079946702199 0.030692362598144184 0.04197201865423051
1 0.3758029978586724 0.49866755496335774 0.03497501784439686 0.03930712858094604
1 0.38436830835117775 0.5066622251832112 0.030692362598144184 0.029980013324450366
1 0.39114917915774444 0.5106595602931379 0.04425410421127766 0.049966688874083946
1 0.4025695931477516 0.5309793471019321 0.028551034975017844 0.033311125916055964
1 0.4114917915774447 0.5303131245836109 0.024982155603140613 0.029313790806129246
1 0.42041399000713775 0.5419720186542305 0.042826552462526764 0.03397734843437708
1 0.42862241256245537 0.5526315789473685 0.039257673090649536 0.03530979347101932
1 0.47644539614561027 0.5846102598267822 0.014989293361884369 0.0552964690206529
1 0.49000713775874377 0.5886075949367089 0.013561741613133477 0.049966688874083946
1 0.5057102069950036 0.5909393737508328 0.017844396859386154 0.041305796135909394
1 0.5153461812990721 0.5872751499000666 0.014275517487508922 0.028647568287808126
1 0.6534618129907209 0.6895403064623584 0.054960742326909354 0.037308461025982675
1 0.6598857958600999 0.6755496335776149 0.057815845824411134 0.033311125916055964
1 0.4057815845824411 0.3061292471685543 0.013561741613133477 0.020652898067954697
3 0.8322626695217702 0.40239840106595604 0.018558172733761598 0.02798134576948701
3 0.8725910064239829 0.4047301798800799 0.026409707351891507 0.020652898067954697
3 0.9093504639543183 0.43137908061292474 0.027123483226266953 0.016655562958027982
3 0.9486081370449678 0.47301798800799466 0.01998572448251249 0.02531645569620253
1 0.6980728051391863 0.8597601598934044 0.01284796573875803 0.028647568287808126
1 0.7073518915060671 0.8567621585609594 0.01284796573875803 0.023984010659560292
1 0.7187723054960742 0.8610926049300467 0.017130620985010708 0.02465023317788141
1 0.6081370449678801 0.8690872751499 0.015703069236259814 0.05263157894736842
1 0.6220556745182013 0.8597601598934044 0.02069950035688794 0.059293804130579615
1 0.5492505353319058 0.9393737508327782 0.02926481084939329 0.018654230512991338
