1 0.040781160252728314 0.2603043753963221 0.024124066628374498 0.017121116043119847
1 0.2530155083285468 0.22320862396956245 0.007466973004020678 0.013950538998097653
1 0.2584721424468696 0.22289156626506024 0.0068925904652498565 0.014584654407102092
1 0.3357265939115451 0.20228281547241597 0.010913268236645606 0.04819277108433735
1 0.38569787478460654 0.1616994292961319 0.017805858701895463 0.04311984781230184
1 0.4569213095921884 0.09543436905516804 0.020103388856978748 0.023462270133164237
1 0.45720850086157383 0.08433734939759036 0.031016657093624354 0.03677869372225745
1 0.46668581275129234 0.0818008877615726 0.028144744399770247 0.030437539632213063
1 0.5203905801263642 0.05865567533291059 0.0080413555427915 0.031071655041217502
1 0.5439402642159679 0.05833861762840837 0.009190120620333142 0.025364616360177554
0 0.5086157380815624 0.09860494610019023 0.030442274554853533 0.023462270133164237
3 0.5720850086157381 0.05485098287888396 0.024124066628374498 0.017121116043119847
1 0.6789201608271108 0.04280279010779962 0.01263641585295807 0.013316423589093214
0 0.5835726593911545 0.1946734305643627 0.04709936817920735 0.05072923272035511
0 0.6016657093624354 0.22289156626506024 0.05571510626076967 0.05643627140139505
0 0.6111430212521539 0.2482561826252378 0.04709936817920735 0.04121750158528852
0 0.6246410109132683 0.27362079898541536 0.0511200459506031 0.04882688649334179
0 0.6421596783457783 0.29835129993658843 0.05399195864445721 0.05263157894736842
0 0.6582423894313613 0.20355104629042486 0.009190120620333142 0.013950538998097653
0 0.6502010338885698 0.3227647431832594 0.048248133256748996 0.04311984781230184
0 0.6648477886272257 0.3443246670894103 0.04767375071797817 0.04946100190234623
0 0.6774842044801838 0.3668357641090679 0.048822515795519814 0.05263157894736842
0 0.6883974727168294 0.3979074191502854 0.04767375071797817 0.061509194673430564
0 0.715393452039058 0.39410272669625873 0.013210798391728892 0.029803424223208624
0 0.694428489373923 0.437856689917565 0.02067777139574957 0.027266962587190868
0 0.6901206203331419 0.4660748256182625 0.012062033314187249 0.022828154724159798
0 0.6553704767375071 0.44831959416613826 0.03790924755887421 0.039315155358275206
0 0.6309592188397473 0.4188332276474318 0.061458931648477884 0.0653138871274572
0 0.6097070649052269 0.3883956880152188 0.049971280873061456 0.046290424857324035
0 0.597932222860425 0.3662016487000634 0.05054566341183228 0.04375396322130628
0 0.5887421022400919 0.3452758402029169 0.051694428489373924 0.05009511731135067
0 0.5715106260769672 0.2872542802790108 0.03446295232624928 0.04185161699429296
0 0.5462377943710511 0.2679137603043754 0.05399195864445721 0.05009511731135067
0 0.5330269959793222 0.24762206721623337 0.051694428489373924 0.04502219403931516
0 0.48822515795519816 0.2913760304375396 0.018380241240666284 0.023462270133164237
0 0.5071797817346353 0.2812301838934686 0.014933946008041356 0.017121116043119847
0 0.5143595634692706 0.3062777425491439 0.04767375071797817 0.05072923272035511
0 0.5278575531303848 0.33354470513633483 0.04595060310166571 0.04946100190234623
0 0.5379092475588743 0.359860494610019 0.032739804709936815 0.032339885859226376
0 0.5548535324526135 0.385859226379201 0.043653072946582425 0.04755865567533291
0 0.5700746697300402 0.4099556119213697 0.03963239517518667 0.0424857324032974
0 0.5807007466973004 0.4273937856689918 0.03676048248133257 0.03424223208623969
0 0.5873061458931649 0.45212428662016485 0.03388856978747846 0.03551046290424857
0 0.597932222860425 0.48478123018389346 0.040206777713957496 0.031071655041217502
0 0.46611143021252155 0.3427393785668992 0.040781160252728314 0.0424857324032974
0 0.4870763928776565 0.3684210526315789 0.04250430786904078 0.04946100190234623
0 0.5077541642734061 0.3998097653772987 0.03676048248133257 0.046290424857324035
0 0.5206777713957496 0.4327837666455295 0.04652498564043653 0.05770450221940393
0 0.5381964388282596 0.46068484464172477 0.048248133256748996 0.04882688649334179
0 0.5608845491097071 0.49270767279644895 0.053417576105686385 0.054533925174381735
0 0.5614589316484779 0.5320228281547241 0.025847214244686962 0.03424223208623969
0 0.5663411832280298 0.5589727330374128 0.014933946008041356 0.017121116043119847
0 0.5485353245261344 0.5640456563094484 0.02067777139574957 0.023462270133164237
0 0.512636415852958 0.49461001902346224 0.053417576105686385 0.060875079264426125
0 0.47501435956346927 0.4334178820545339 0.04480183802412407 0.04755865567533291
0 0.4620907524411258 0.40710209258084973 0.04767375071797817 0.04819277108433735
0 0.43681792073520964 0.38363982244768546 0.03159103963239517 0.04438807863031072
0 0.39460080413555426 0.40932149651236527 0.05514072372199885 0.05897273303741281
0 0.41326823664560597 0.44229549778059607 0.04767375071797817 0.05136334812935954
0 0.4304997128087306 0.47019657577679136 0.04767375071797817 0.04755865567533291
0 0.4460080413555428 0.49429296131896006 0.040781160252728314 0.04375396322130628
0 0.4620907524411258 0.5256816740646798 0.05686387133831131 0.05960684844641725
0 0.48104537622056287 0.5542168674698795 0.04192992533026996 0.04185161699429296
0 0.4945433658816772 0.5770450221940393 0.04709936817920735 0.04185161699429296
0 0.4385410683515221 0.5830691185795814 0.04652498564043653 0.05136334812935954
0 0.425904652498564 0.5494610019023463 0.03388856978747846 0.0424857324032974
0 0.40178058587018955 0.5209258084971464 0.048822515795519814 0.05643627140139505
0 0.3509477311889719 0.450856055802156 0.013785180930499713 0.019023462270133164
0 0.3790924755887421 0.48478123018389346 0.051694428489373924 0.05136334812935954
0 0.3388856978747846 0.5110970196575777 0.05743825387708214 0.062143310082435003
0 0.3526708788052843 0.5488268864933418 0.031016657093624354 0.031071655041217502
0 0.3785180930499713 0.5833861762840837 0.05858701895462378 0.05072923272035511
0 0.38340034462952327 0.6166772352568167 0.022400919012062034 0.02599873176918199
0 0.41010913268236643 0.6433100824350032 0.039058012636415854 0.04375396322130628
0 0.42102240091901205 0.6737476220672163 0.022975301550832855 0.013316423589093214
0 0.3038483630097645 0.5599239061509195 0.03790924755887421 0.04311984781230184
0 0.3164847788627226 0.5897273303741281 0.04480183802412407 0.05072923272035511
0 0.32682366456059736 0.6160431198478123 0.05284319356691557 0.046290424857324035
0 0.35870189546237796 0.6591629676601142 0.05226881102814474 0.061509194673430564
0 0.2972429638139001 0.6398224476854788 0.025847214244686962 0.03677869372225745
0 0.3236645605973578 0.6569435637285986 0.02929350947731189 0.04311984781230184
0 0.21424468696151636 0.6011414077362079 0.03790924755887421 0.032974001268230815
0 0.1904078116025273 0.6128725428027901 0.03388856978747846 0.033608116677235254
3 0.1909821941412981 0.6363348129359544 0.010913268236645606 0.01077996195307546
0 0.17892016082711085 0.6458465440710209 0.013210798391728892 0.031071655041217502
0 0.1565192418150488 0.62428662016487 0.032739804709936815 0.0424857324032974
0 0.12119471568064331 0.6223842739378567 0.03446295232624928 0.04121750158528852
0 0.10654796094198736 0.6566265060240963 0.017805858701895463 0.028535193405199746
0 0.07265939115450891 0.6211160431198478 0.025847214244686962 0.03868103994927077
0 0.03360137851809305 0.6100190234622701 0.05571510626076967 0.03804692454026633
4 0.031016657093624354 0.5700697526949905 0.009190120620333142 0.010145846544071021
0 0.6461803561171741 0.5323398858592264 0.018380241240666284 0.02599873176918199
1 0.7268811028144745 0.595434369055168 0.012062033314187249 0.012682308180088777
0 0.49684089603676046 0.21433100824350032 0.027570361860999426 0.030437539632213063
0 0.2122343480758185 0.4895370957514268 0.020103388856978748 0.015218769816106531
