1 0.011887433284813197 0.5013698630136987 0.016982047549733138 0.005479452054794521
1 0.020378457059679767 0.5073972602739726 0.01455604075691412 0.008767123287671232
1 0.024502668607472102 0.5227397260273973 0.022804463852498787 0.019726027397260273
1 0.025715672003881612 0.5317808219178082 0.028141678796700632 0.021369863013698632
0 0.07544881125667152 0.4726027397260274 0.021834061135371178 0.02904109589041096
0 0.07569141193595343 0.5035616438356164 0.01455604075691412 0.028493150684931506
0 0.08709364386220281 0.5728767123287671 0.010189228529839884 0.012602739726027398
0 0.10262008733624454 0.5805479452054795 0.023774866569626393 0.011506849315068493
1 0.10310528869480834 0.6315068493150685 0.011159631246967491 0.04
1 0.12081513828238719 0.6391780821917808 0.011644832605531296 0.04
0 0.012130033964095099 0.13835616438356163 0.022319262493934983 0.03232876712328767
0 0.029839883551673944 0.15013698630136987 0.017952450266860747 0.01643835616438356
0 0.13901018922852984 0.15698630136986302 0.0849102377486657 0.07945205479452055
0 0.18461911693352742 0.17342465753424657 0.03153808830664726 0.04876712328767123
0 0.17952450266860748 0.2052054794520548 0.011644832605531296 0.0136986301369863
0 0.19408054342552158 0.09397260273972603 0.018437651625424552 0.016986301369863014
0 0.21227559437166424 0.09424657534246575 0.018922852983988356 0.017534246575342465
0 0.2071809801067443 0.1273972602739726 0.048520135856380396 0.04986301369863014
0 0.2336244541484716 0.14191780821917807 0.036390101892285295 0.06465753424657535
0 0.24793789422610382 0.16821917808219178 0.035904900533721494 0.05041095890410959
0 0.27195536147501215 0.18191780821917808 0.04512372634643377 0.06027397260273973
0 0.21373119844735566 0.20273972602739726 0.028626880155264434 0.044931506849315066
0 0.23508005822416303 0.21726027397260275 0.037360504609412905 0.057534246575342465
0 0.2571567200388161 0.23205479452054795 0.025230470645317808 0.04438356164383562
0 0.2714701601164483 0.2389041095890411 0.019893255701115962 0.03616438356164384
0 0.28432799611838916 0.25095890410958904 0.026200873362445413 0.041643835616438356
0 0.30955846676370696 0.2684931506849315 0.046579330422125184 0.06027397260273973
0 0.33139252789907814 0.28027397260273973 0.02911208151382824 0.04986301369863014
0 0.28335759340126154 0.28794520547945207 0.018437651625424552 0.025753424657534246
3 0.3039786511402232 0.3019178082191781 0.011159631246967491 0.01315068493150685
0 0.3534691897137312 0.30712328767123287 0.051916545366327026 0.06301369863013699
0 0.356380397865114 0.34465753424657536 0.020863658418243572 0.028493150684931506
0 0.36171761280931586 0.37589041095890413 0.024745269286754003 0.03178082191780822
0 0.40684133915574966 0.35863013698630136 0.033478893740902474 0.04328767123287671
0 0.37627365356623 0.33808219178082194 0.03056768558951965 0.047123287671232875
0 0.39082969432314413 0.3506849315068493 0.032508491023774864 0.044931506849315066
2 0.42066957787481807 0.33095890410958906 0.015526443474041727 0.015342465753424657
0 0.31222707423580787 0.2002739726027397 0.039301310043668124 0.0652054794520548
0 0.3323629306162057 0.20493150684931508 0.035904900533721494 0.06794520547945206
0 0.34522076661814655 0.2252054794520548 0.03541969917515769 0.049315068493150684
0 0.36026200873362446 0.23616438356164385 0.03541969917515769 0.05150684931506849
0 0.37287724405628336 0.25232876712328767 0.033478893740902474 0.04876712328767123
0 0.3896166909267346 0.26465753424657534 0.036875303250849104 0.05041095890410959
0 0.5713245997088792 0.3975342465753425 0.028626880155264434 0.04657534246575343
0 0.6783114992721979 0.4243835616438356 0.025230470645317808 0.03671232876712329
0 0.7217370208636584 0.43561643835616437 0.023774866569626393 0.03726027397260274
