0 0.07555254848894903 0.16268980477223427 0.02480829950383401 0.025162689804772233
3 0.09742895805142084 0.11475054229934924 0.05232295895354082 0.04815618221258135
0 0.12471808750563824 0.11583514099783081 0.028416779431664412 0.02776572668112798
0 0.13757329724853407 0.14989154013015185 0.038791159224176815 0.0386117136659436
4 0.1905728461885431 0.14989154013015185 0.011276499774470004 0.012581344902386117
0 0.47158322056833557 0.32212581344902386 0.03473161930536761 0.03253796095444685
3 0.4535408209291836 0.37310195227765725 0.010374379792512404 0.009544468546637744
2 0.39061795218764095 0.4366594360086768 0.009923319801533603 0.014316702819956615
0 0.41136671177266576 0.493058568329718 0.04510599909788002 0.0455531453362256
0 0.4866937302661254 0.5642082429501084 0.04420387911592242 0.0455531453362256
0 0.602616147947677 0.6498915401301518 0.037889039242219216 0.02776572668112798
0 0.6637347767253045 0.6013015184381779 0.036535859269282815 0.031236442516268982
4 0.6014884979702301 0.6841648590021692 0.009472259810554804 0.0078091106290672455
0 0.8822733423545331 0.46225596529284163 0.03698691926026162 0.02472885032537961
4 0.9190347316193054 0.5281995661605207 0.015787099684258007 0.015184381778741865
0 0.5002255299954894 0.8449023861171366 0.04961659900766802 0.03253796095444685
0 0.560893098782138 0.9535791757049892 0.012178619756427604 0.013015184381778741
