0 0.05973813420621931 0.03743565746373421 0.05073649754500818 0.03369209171736079
0 0.06492089470812876 0.07533926064576509 0.027277686852154936 0.04305100608329434
3 0.09629023458810693 0.06176883481516144 0.009274413529732678 0.008423022929340197
0 0.107746863066012 0.10271408516612072 0.03873431533006001 0.04445484323818437
0 0.09847244953627933 0.13734206832007487 0.033278777959629025 0.02573701450631727
0 0.10747408619749045 0.1616752456715021 0.02182214948172395 0.018249883013570427
0 0.2073104200763775 0.16892840430510062 0.03273322422258593 0.044922788956481045
0 0.16284779050736498 0.2388862891904539 0.033278777959629025 0.028544688816097334
0 0.1890343698854337 0.2496490407112775 0.027823240589198037 0.03228825456247075
0 0.22422258592471359 0.23303696771174542 0.03055100927441353 0.028076743097800654
0 0.2149481723949809 0.26134768366869443 0.03491543917075832 0.037903603182030884
0 0.24659028914348063 0.25924192793635936 0.03273322422258593 0.03369209171736079
0 0.323240589198036 0.22531586335985027 0.05291871249318058 0.0500701918577445
3 0.26786688488816146 0.2594759007955077 0.014184397163120567 0.016378100140383715
0 0.26868521549372615 0.2798315395414132 0.02673213311511184 0.02901263453439401
0 0.29541734860883795 0.26626111371080957 0.031096563011456628 0.029948525970987367
0 0.37561374795417346 0.45367337388862894 0.07255864702673213 0.05381375760411792
0 0.3019639934533552 0.5140383715489003 0.03873431533006001 0.03883949461862424
0 0.3314238952536825 0.49368273280299485 0.033278777959629025 0.03275620028076743
0 0.35951991271140205 0.5226953673373889 0.03491543917075832 0.036499766027140855
0 0.3840698308783415 0.48923724847917643 0.028368794326241134 0.0313523631258774
0 0.4105291871249318 0.499298081422555 0.02236770321876705 0.029948525970987367
0 0.33278777959629025 0.5418811417875526 0.03273322422258593 0.029948525970987367
0 0.4138025095471904 0.5510060832943379 0.04091653027823241 0.03228825456247075
0 0.40207310420076375 0.5634066448291998 0.03273322422258593 0.026204960224613945
0 0.38488816148390614 0.5781469349555451 0.03546099290780142 0.028544688816097334
0 0.348063284233497 0.5903135236312588 0.031642116748499725 0.027608797379503978
0 0.37861429350791054 0.6027140851661207 0.031642116748499725 0.029948525970987367
0 0.4266230223677032 0.5851661207299953 0.041462084015275506 0.030416471689284044
0 0.44680851063829785 0.6123069723912026 0.0447354064375341 0.0397753860552176
0 0.40207310420076375 0.6183902667290594 0.028368794326241134 0.02667290594291062
0 0.41625750136388434 0.6385119326158165 0.02182214948172395 0.01731399157697707
0 0.4198036006546645 0.6619092185306504 0.03218767048554282 0.034160037435657466
0 0.48636115657392254 0.6366401497426298 0.03546099290780142 0.03228825456247075
0 0.2825968357883252 0.6261113710809546 0.04800872885979269 0.03743565746373421
0 0.3049645390070922 0.6441272812353767 0.03491543917075832 0.02667290594291062
0 0.35542825968357883 0.6527842770238652 0.03436988543371522 0.026204960224613945
0 0.372885979268958 0.6820308844174076 0.028914348063284235 0.0313523631258774
0 0.24822695035460993 0.6778193729527375 0.0436442989634479 0.02105755732335049
0 0.2883251500272777 0.6944314459522696 0.055100927441352976 0.03369209171736079
0 0.27714129841789414 0.7367805334581189 0.0447354064375341 0.0397753860552176
0 0.31669394435351883 0.7676649508656995 0.028914348063284235 0.027608797379503978
0 0.3513366066557556 0.714787084698175 0.022913256955810146 0.03509592887225082
0 0.430987452264048 0.7407580720636406 0.0425531914893617 0.06083294337856809
0 0.49045280960174575 0.7000467945718297 0.03382433169667212 0.02901263453439401
0 0.4569012547735952 0.7718764623303697 0.033278777959629025 0.02105755732335049
0 0.4956355701036552 0.785212915301825 0.04964539007092199 0.029948525970987367
0 0.5300054555373704 0.7412260177819373 0.04746317512274959 0.02526906878802059
0 0.5905619203491544 0.7091717360786148 0.03546099290780142 0.0313523631258774
0 0.5769230769230769 0.7590079550772111 0.044189852700491 0.044922788956481045
0 0.6142935079105292 0.7777257838090782 0.038188761593016915 0.03088441740758072
0 0.6306601200218221 0.7255498362189986 0.0425531914893617 0.03696771174543753
0 0.6699399890889253 0.7821712681328966 0.04800872885979269 0.03509592887225082
0 0.6797599563557011 0.7068320074871315 0.0425531914893617 0.03696771174543753
0 0.6947626841243862 0.684370613008891 0.04746317512274959 0.0416471689284043
0 0.7089470812875068 0.6612072999532054 0.03000545553737043 0.028076743097800654
0 0.7310420076377523 0.6815629386991109 0.020731042007637753 0.02667290594291062
0 0.7479541734860884 0.6555919513336453 0.03273322422258593 0.0271408516612073
0 0.7850518276050191 0.6492746841366401 0.03491543917075832 0.033224145999064106
0 0.7640480087288598 0.6878802058961161 0.019094380796508457 0.016846045858680395
0 0.7545008183306056 0.7152550304164716 0.02618657937806874 0.0416471689284043
0 0.4956355701036552 0.8640617688348151 0.044189852700491 0.048198408984557795
0 0.5267321331151118 0.8366869443144596 0.05182760501909438 0.045858680393074405
0 0.5889252591380251 0.8781001403837155 0.05073649754500818 0.0669162377164249
0 0.6726677577741408 0.9185774450163781 0.05346426623022368 0.039307440336920914
4 0.6205673758865248 0.8642957416939635 0.011456628477905073 0.009358914365933552
4 0.6268412438625205 0.8738886289190454 0.01309328968903437 0.01169864295741694
0 0.8156028368794326 0.9007955077211044 0.03491543917075832 0.03275620028076743
9 0.8606110201854883 0.9588207767898924 0.11511183851609383 0.07019185774450164
3 0.25068194217130385 0.8996256434253627 0.015821058374249863 0.014506317267197005
