5 0.7732606873428332 0.7366156787762906 0.02933780385582565 0.04397705544933078
5 0.7135373009220453 0.5176864244741873 0.036462699077954734 0.045889101338432124
3 0.6573763621123219 0.7662523900573613 0.020536462699077954 0.033460803059273424
3 0.4838642078792959 0.37021988527724664 0.01802179379715004 0.01768642447418738
3 0.40360435875943 0.3652007648183556 0.013411567476948869 0.006692160611854685
3 0.3776194467728416 0.3436902485659656 0.01592623637887678 0.020076481835564052
3 0.32858340318524726 0.3267208413001912 0.01760268231349539 0.012906309751434034
3 0.10792120704107293 0.10253346080305928 0.017183570829840736 0.02055449330783939
3 0.17393126571668063 0.15678776290630975 0.015088013411567477 0.016252390057361378
1 0.14165968147527241 0.11998087954110899 0.008382229673093043 0.0076481835564053535
1 0.2902347024308466 0.34010516252390055 0.006286672254819782 0.01577437858508604
