0 0.4785748675974964 0.07616849394114253 0.022147327876745306 0.019619157530294286
2 0.49037072701011075 0.049336410848240045 0.010110736639383727 0.010963646855164455
3 0.304525758305248 0.6485862665897288 0.014925373134328358 0.019619157530294286
3 0.41574386133846897 0.6739757645701097 0.020702936928261917 0.030005770340450086
1 0.4364467982667309 0.7204270051933064 0.012999518536350506 0.014425851125216388
0 0.6636976408281174 0.5709751875360646 0.03033220991815118 0.031736872475476054
3 0.614347616754935 0.8479515291402193 0.014443909484833895 0.019042123485285632
0 0.7599903707270101 0.7253317945758799 0.036109773712084736 0.030005770340450086
0 0.8637457871930669 0.6705135603000577 0.06066441983630236 0.030005770340450086
0 0.9008184882041406 0.6503173687247548 0.01636976408281175 0.0207732256203116
0 0.931391429947039 0.6797461050201962 0.03033220991815118 0.04385458742065782
0 0.8731343283582089 0.7005193306405078 0.04285026480500722 0.02192729371032891
0 0.87217140105922 0.7928447778418927 0.013962445835339432 0.025389497980380843
3 0.053683196918632645 0.31650317368724756 0.02262879152623977 0.02827466820542412
0 0.666345690900337 0.6656087709174842 0.07414540202214732 0.09405654933641085
