0 0.28474422815753736 0.0784313725490196 0.039837030330466275 0.0392156862745098
0 0.4567677682209144 0.04647785039941903 0.05341783612494341 0.06100217864923747
0 0.37188773200543235 0.22657952069716775 0.05024898143956542 0.06245461147421932
0 0.4289271163422363 0.24618736383442266 0.052059755545495696 0.06971677559912855
0 0.4427342688999547 0.19498910675381265 0.025350837483023993 0.026870007262164125
0 0.4624264373019466 0.2581699346405229 0.019465821638750568 0.026870007262164125
0 0.44703485740153914 0.3493100944081336 0.04119511090991399 0.07407407407407407
0 0.4705749207786329 0.34713144517066086 0.02489814395654142 0.04357298474945534
0 0.49004074241738343 0.19716775599128541 0.05568130375735627 0.0878721859114016
0 0.5199185151652331 0.20152505446623092 0.014938886373924853 0.023965141612200435
0 0.5092802172928927 0.26978939724037765 0.05070167496604799 0.06318082788671024
0 0.5267089180624717 0.37363834422657954 0.06292440018107741 0.074800290486565
0 0.7684472612041647 0.2654320987654321 0.04934359438660027 0.08061002178649238
0 0.7974196468990493 0.3852578068264343 0.0647351742870077 0.07625272331154684
0 0.8569488456315074 0.43137254901960786 0.016296966953372568 0.023238925199709513
