0 0.10293463761671855 0.09707554833468725 0.01200533570475767 0.041429731925264016
0 0.12449977767896843 0.05239642567018684 0.018674966651845263 0.05280259951259139
0 0.2285460204535349 0.17912266450040618 0.009782125389061804 0.017059301380991064
0 0.24855491329479767 0.15353371242891958 0.013339261894175189 0.05523964256701868
0 0.2630057803468208 0.13281884646628758 0.01200533570475767 0.01868399675060926
0 0.259670964873277 0.23436230706742486 0.016896398399288574 0.059301380991064176
0 0.5733659404179635 0.2550771730300569 0.011116051578479324 0.025995125913891144
0 0.5598043574922188 0.36149471974004876 0.01067140951534015 0.06498781478472786
0 0.5660293463761672 0.3290008123476848 0.01956425077812361 0.047116165718927704
0 0.6020453534904402 0.4317627944760357 0.009782125389061804 0.030056864337936636
0 0.5942641173855047 0.47481722177091795 0.010226767452200978 0.01868399675060926
0 0.5953757225433526 0.4561332250203087 0.01067140951534015 0.020308692120227456
0 0.5975989328590484 0.3765231519090171 0.01511783014673188 0.04305442729488221
3 0.5898176967541129 0.21852152721364745 0.005780346820809248 0.01462225832656377
0 0.6067140951534015 0.22542648253452477 0.024455313472654512 0.05117790414297319
0 0.6331702979101823 0.18643379366368806 0.01956425077812361 0.06255077173030058
0 0.848377056469542 0.1933387489845654 0.014228546020453535 0.022745735174654752
0 0.8679413072476656 0.2148659626320065 0.012449977767896843 0.06580016246953696
0 0.885504668741663 0.24654752233956134 0.017341040462427744 0.026807473598700244
0 0.8879502000889284 0.27538586515028435 0.01067140951534015 0.025995125913891144
0 0.8792796798577145 0.2924451665312754 0.008448199199644287 0.024370430544272948
0 0.8706091596265007 0.32372055239642566 0.01067140951534015 0.0479285134037368
3 0.8608270342374389 0.29000812347684807 0.01067140951534015 0.025995125913891144
0 0.9244108492663407 0.14987814784727863 0.009782125389061804 0.01868399675060926
0 0.9290795909293019 0.19049553208773354 0.013783903957314362 0.05117790414297319
0 0.894619831036016 0.4317627944760357 0.01067140951534015 0.02843216896831844
0 0.9190751445086706 0.39073923639317626 0.018674966651845263 0.05361494719740049
0 0.8608270342374389 0.18602761982128352 0.011560693641618497 0.03249390739236393
0 0.6024899955535794 0.30584890333062553 0.017785682525566917 0.05280259951259139
