4 0.06584269662921348 0.19248826291079812 0.01662921348314607 0.016692749087115284
4 0.308314606741573 0.11580594679186229 0.014382022471910113 0.01773604590505999
4 0.3053932584269663 0.20892018779342722 0.010337078651685393 0.014084507042253521
4 0.8056179775280898 0.012519561815336464 0.015730337078651686 0.0198226395409494
4 0.9548314606741573 0.1189358372456964 0.01752808988764045 0.018779342723004695
0 0.3680898876404494 0.31794470526864893 0.02696629213483146 0.03182055294731351
0 0.431685393258427 0.30412102243088157 0.021123595505617977 0.020865936358894107
0 0.3498876404494382 0.365414710485133 0.03460674157303371 0.03286384976525822
0 0.40292134831460674 0.3568075117370892 0.03640449438202247 0.0396452790818988
0 0.28921348314606743 0.4559207094418362 0.04089887640449438 0.03234220135628586
0 0.3238202247191011 0.5140845070422535 0.03910112359550562 0.056859676577986434
0 0.36179775280898874 0.5031298904538342 0.027865168539325844 0.037037037037037035
0 0.33325842696629215 0.5526864893062076 0.033707865168539325 0.03182055294731351
0 0.36966292134831463 0.5286906624934794 0.021123595505617977 0.017214397496087636
0 0.3748314606741573 0.568075117370892 0.03146067415730337 0.03755868544600939
0 0.34674157303370784 0.6142410015649452 0.03191011235955056 0.04538341158059468
0 0.33977528089887643 0.6460615545122588 0.03146067415730337 0.026604068857589983
0 0.37865168539325844 0.6152842983828899 0.028314606741573035 0.0297339593114241
0 0.38269662921348313 0.634585289514867 0.014831460674157304 0.013041210224308816
0 0.3750561797752809 0.6598852373500261 0.02292134831460674 0.014606155451225874
0 0.32786516853932585 0.701095461658842 0.031011235955056178 0.03442879499217527
0 0.3658426966292135 0.7037037037037037 0.03056179775280899 0.03025560772039645
0 0.3289887640449438 0.8155972874282733 0.02247191011235955 0.03808033385498174
0 0.39775280898876403 0.4593114241001565 0.027865168539325844 0.023474178403755867
0 0.39393258426966293 0.5020865936358894 0.0301123595505618 0.05581637976004173
0 0.4247191011235955 0.5070422535211268 0.02696629213483146 0.03442879499217527
0 0.5658426966292135 0.49504434011476267 0.04224719101123595 0.047991653625456446
0 0.43280898876404494 0.5612936880542514 0.05573033707865169 0.041731872717788214
0 0.4202247191011236 0.5925925925925926 0.03325842696629214 0.028169014084507043
0 0.41707865168539326 0.6387584767866458 0.04224719101123595 0.024517475221700575
0 0.4067415730337079 0.6614501825769431 0.025168539325842697 0.02190923317683881
0 0.4130337078651685 0.6830985915492958 0.04134831460674157 0.02034428794992175
0 0.4289887640449438 0.7065727699530516 0.07235955056179776 0.030777256129368807
0 0.42382022471910114 0.7295252999478351 0.06561797752808989 0.03286384976525822
0 0.38449438202247194 0.8129890453834115 0.03640449438202247 0.03808033385498174
0 0.3770786516853933 0.863849765258216 0.035955056179775284 0.03234220135628586
0 0.4157303370786517 0.8693270735524257 0.028764044943820226 0.03286384976525822
0 0.44831460674157303 0.8448095983307251 0.02202247191011236 0.04538341158059468
0 0.9606741573033708 0.40219092331768386 0.03280898876404494 0.03755868544600939
0 0.9555056179775281 0.46322378716744916 0.015280898876404495 0.027125717266562335
