0 0.23216816249409541 0.3606726149622512 0.01653282947567312 0.050102951269732326
0 0.2328767123287671 0.42621825669183255 0.03212092583845064 0.04667124227865477
0 0.2579121398205007 0.4605353466026081 0.02172886159659896 0.04804392587508579
0 0.19485120453471894 0.45538778311599176 0.022201228153046763 0.04598490048043926
0 0.23500236183278225 0.4756348661633493 0.022201228153046763 0.05765271105010295
0 0.2156353330184223 0.4914207275223061 0.01653282947567312 0.02059025394646534
0 0.17123287671232876 0.5082361015785861 0.04298535663675012 0.05284831846259437
3 0.21988663202645253 0.3991077556623198 0.01086443079829948 0.014413177762525738
3 0.25625885687293337 0.43857240905971173 0.012753897024090695 0.01098146877144818
0 0.10628247520075579 0.8112560054907344 0.03495512517713746 0.05216197666437886
0 0.5465281058101087 0.6314344543582704 0.020784128483703354 0.03980782429649966
0 0.5876239962210675 0.7038435140700069 0.017005196032120924 0.043239533287577216
0 0.6013226263580539 0.6218256691832532 0.01228153046764289 0.017844886753603295
0 0.6523382144544166 0.6159917638984214 0.01983939537080775 0.05284831846259437
0 0.6117146905999056 0.7776252573781743 0.01606046291922532 0.024708304735758406
3 0.9487482286254133 0.4883321894303363 0.022201228153046763 0.033630748112560054
