0 0.08109452736318408 0.6943573667711599 0.03980099502487562 0.014778325123152709
0 0.08358208955223881 0.8038513210927004 0.042786069651741296 0.027765338110165697
0 0.1335820895522388 0.7814599193909538 0.0472636815920398 0.03134796238244514
0 0.19975124378109452 0.7216748768472906 0.03134328358208955 0.019256605463502014
0 0.40696517412935324 0.7037617554858934 0.03582089552238806 0.03000447828034035
0 0.47960199004975124 0.5718763994626064 0.05373134328358209 0.029556650246305417
0 0.5320895522388059 0.5850873264666369 0.012437810945273632 0.010300044782803403
0 0.48208955223880595 0.651141961486789 0.007960199004975124 0.011643528884908196
0 0.4537313432835821 0.0754590237348858 0.03880597014925373 0.034482758620689655
0 0.4696517412935323 0.12561576354679804 0.04975124378109453 0.02910882221227049
0 0.5044776119402985 0.18428123600537394 0.08258706467661692 0.032691446484549934
9 0.32288557213930347 0.7530228392297358 0.14328358208955225 0.09628302731751008
9 0.4639303482587065 0.6847290640394089 0.10895522388059702 0.07523510971786834
9 0.0890547263681592 0.7344379758172862 0.05870646766169154 0.04209583519928348
9 0.26044776119402985 0.7080161218092252 0.1009950248756219 0.04478280340349306
5 0.6689054726368159 0.3237796686072548 0.028358208955223882 0.019704433497536946
5 0.7144278606965174 0.28414688759516343 0.022885572139303482 0.013882669055082848
