0 0.09493919183993724 0.16312464101091326 0.035307963907414676 0.05858701895462378
0 0.027461749705766966 0.21711659965537047 0.019615535504119264 0.019529006318207927
0 0.053942722636327975 0.20821367030442275 0.00823852491173009 0.02125215393452039
0 0.12416633974107494 0.20649052268811027 0.04825421734013339 0.06260769672601953
0 0.13652412710867007 0.25646180356117176 0.03138485680659082 0.0591614014933946
0 0.1037661828167909 0.27110855829982766 0.030992546096508436 0.06203331418724871
0 0.05963122793252256 0.263641585295807 0.027461749705766966 0.04709936817920735
0 0.02236171047469596 0.2533026995979322 0.0345233424872499 0.039058012636415854
0 0.047861906630051 0.3012636415852958 0.018046292663789723 0.028144744399770247
0 0.025892506865437426 0.3308443423319931 0.02981561396626128 0.10568638713383113
0 0.05080423695566889 0.35152211372774267 0.030992546096508436 0.05858701895462378
0 0.08081600627697136 0.3632969557725445 0.020400156924284034 0.0672027570361861
0 0.027265594350725775 0.44141298104537624 0.030207924676343666 0.05456634118322803
0 0.11043546488819145 0.38139000574382537 0.03413103177716752 0.04135554279149914
3 0.0800313848568066 0.42073520964962663 0.018046292663789723 0.02469844916714532
0 0.05982738328756375 0.4302125215393452 0.029423303256178895 0.032165422171166
0 0.05825814044723421 0.46094198736358416 0.030207924676343666 0.02929350947731189
0 0.0931737936445665 0.4709936817920735 0.03570027461749706 0.03331418724870764
0 0.07551981169085915 0.5350373348650201 0.04746959591996862 0.05226881102814474
0 0.18517065515888584 0.24124066628374496 0.02981561396626128 0.04939689833429064
0 0.1783052177324441 0.28259620907524413 0.029423303256178895 0.031016657093624354
0 0.2532365633581797 0.1748994830557151 0.03334641035700275 0.0430786904078116
0 0.23087485288348372 0.23176335439402643 0.031777167516673206 0.040781160252728314
0 0.2714790113770106 0.19643882825962092 0.03060023538642605 0.04250430786904078
0 0.2561788936837976 0.24612291786329696 0.03923107100823853 0.045376220562894885
0 0.14986269125147117 0.3219414129810454 0.022754021184778345 0.03159103963239517
4 0.12730482542173402 0.29925330269959793 0.012946253432718713 0.018380241240666284
0 0.16928207140054924 0.35381964388282594 0.030992546096508436 0.032165422171166
0 0.24264417418595527 0.3044227455485353 0.030207924676343666 0.02986789201608271
2 0.24048646528050216 0.2794371051120046 0.014123185562965868 0.010913268236645606
0 0.24578265986661435 0.33658816771970135 0.04040800313848568 0.043653072946582425
0 0.26755590427618675 0.3868466398621482 0.036877206747744216 0.0350373348650201
0 0.3052177324440957 0.3653072946582424 0.03138485680659082 0.04595060310166571
0 0.15457041977245978 0.4106835152211373 0.03216947822675559 0.03446295232624928
0 0.18340525696351512 0.39632395175186674 0.032561788936837976 0.02986789201608271
0 0.1410357002746175 0.46323951751866743 0.03570027461749706 0.04192992533026996
0 0.20910160847391135 0.43595634692705343 0.04864652805021577 0.04250430786904078
0 0.1645743428795606 0.5155083285468122 0.04276186739897999 0.0591614014933946
0 0.13927030207924676 0.5470993681792073 0.03216947822675559 0.05571510626076967
0 0.1090623774029031 0.5703618609994257 0.035307963907414676 0.040206777713957496
0 0.13181639858768143 0.6079839172889144 0.0345233424872499 0.03963239517518667
0 0.16359356610435466 0.5985066053991959 0.03060023538642605 0.03446295232624928
0 0.18811298548450373 0.580413555427915 0.03413103177716752 0.037334865020103386
0 0.20851314240878777 0.5508328546812177 0.02863868183601412 0.04709936817920735
0 0.1306394664574343 0.6591039632395175 0.04864652805021577 0.03963239517518667
0 0.2094939191839937 0.6283744974152786 0.04158493526873284 0.048248133256748996
0 0.17418595527657904 0.6815048822515796 0.035307963907414676 0.03963239517518667
0 0.20557081208316988 0.6823664560597358 0.03216947822675559 0.031016657093624354
0 0.18163985876814437 0.7191269385410684 0.03295409964692036 0.04135554279149914
0 0.20890545311887015 0.7102240091901206 0.02863868183601412 0.020103388856978748
0 0.1594743036484896 0.7848937392303273 0.03648489603766183 0.03848363009764503
0 0.19635151039623383 0.7848937392303273 0.0372695174578266 0.05226881102814474
0 0.22499019223224795 0.7668006892590465 0.02785406041584935 0.032165422171166
0 0.3589642997253825 0.2768523836875359 0.03923107100823853 0.06662837449741528
0 0.34013338564142803 0.4284893739230327 0.04864652805021577 0.027570361860999426
0 0.3872106708513142 0.445433658816772 0.036092585327579446 0.048822515795519814
0 0.2877599058454296 0.5623205054566341 0.032561788936837976 0.03790924755887421
0 0.3520988622989408 0.5358989086731764 0.03413103177716752 0.06547960941987363
0 0.4066300510003923 0.5313038483630098 0.03648489603766183 0.05743825387708214
0 0.30384464495880736 0.6206203331418725 0.030992546096508436 0.03618609994256174
0 0.32051785013730877 0.683228029867892 0.04707728520988623 0.07064905226881103
0 0.34150647312671634 0.7329121194715681 0.0584542958022754 0.07352096496266514
0 0.37956061200470775 0.6921309592188397 0.029423303256178895 0.043653072946582425
0 0.4182032169478227 0.6783457782883401 0.028246371125931737 0.040206777713957496
0 0.46979207532365636 0.6530729465824239 0.05296194586112201 0.05054566341183228
0 0.3832875637504904 0.8012636415852958 0.036877206747744216 0.05399195864445721
0 0.4174185955276579 0.7682366456059736 0.036877206747744216 0.06031016657093624
0 0.4423303256178894 0.742676622630672 0.03413103177716752 0.04709936817920735
0 0.43056100431541783 0.8331418724870764 0.03413103177716752 0.03963239517518667
0 0.45861122008630834 0.8121769098219415 0.03060023538642605 0.04709936817920735
0 0.4892114554727344 0.8015508328546812 0.03295409964692036 0.053417576105686385
0 0.4229109454688113 0.9261918437679495 0.03138485680659082 0.0350373348650201
0 0.4542958022754021 0.9261918437679495 0.03138485680659082 0.045376220562894885
0 0.46959591996861516 0.8851234922458358 0.036877206747744216 0.04595060310166571
0 0.5013730874852883 0.869902354968409 0.035307963907414676 0.045376220562894885
0 0.7040015692428403 0.04451464675473866 0.032561788936837976 0.06031016657093624
0 0.7120439387995292 0.15278575531303848 0.02981561396626128 0.05399195864445721
0 0.7905060808160063 0.16283744974152786 0.02981561396626128 0.08788052843193567
2 0.8097293056100432 0.13813900057438253 0.006276971361318164 0.015508328546812177
2 0.8258140447234209 0.22027570361860999 0.007846214201647704 0.023549684089603676
2 0.8305217732444096 0.25445146467547386 0.006276971361318164 0.013785180930499713
2 0.8460180462926638 0.2926479035037335 0.015300117693213025 0.014359563469270534
0 0.7030207924676344 0.26249282021826537 0.036877206747744216 0.05858701895462378
0 0.8010984699882306 0.3067202757036186 0.04393879952922715 0.05973578403216542
0 0.8193409180070615 0.3437679494543366 0.031777167516673206 0.049971280873061456
0 0.7630443311102393 0.31878230901780585 0.0400156924284033 0.06318207926479034
0 0.7346018046292664 0.32682366456059736 0.013730874852883483 0.018380241240666284
0 0.7461749705766968 0.36674325100516947 0.036092585327579446 0.06031016657093624
0 0.6941938014907807 0.39201608271108557 0.04354648881914476 0.058012636415852956
0 0.6612397018438604 0.44399770246984493 0.04746959591996862 0.06777713957495692
0 0.7522557865829738 0.48564043653072947 0.03962338171832091 0.07064905226881103
0 0.7903099254609651 0.4391154508902929 0.04197724597881522 0.06490522688110281
0 0.776971361318164 0.5045950603101665 0.030207924676343666 0.06605399195864446
0 0.8158101216163202 0.5333141872487076 0.03962338171832091 0.06605399195864446
0 0.8883876029815614 0.4302125215393452 0.04590035307963907 0.064330844342332
0 0.565123577873676 0.5186674325100517 0.0451157316594743 0.04939689833429064
0 0.6316202432326402 0.5252728317059161 0.0400156924284033 0.04192992533026996
0 0.6400549234994115 0.569213095921884 0.05766967438211063 0.06318207926479034
0 0.6451549627304826 0.6372774267662263 0.05139270302079247 0.06375646180356118
0 0.9848960376618282 0.725157955198162 0.02079246763436642 0.0430786904078116
