3 0.6281081081081081 0.6954574536148432 0.024864864864864864 0.052463211772232884
3 0.6586486486486487 0.8966730646193218 0.026486486486486487 0.044145873320537425
3 0.6667567567567567 0.8630838131797824 0.013513513513513514 0.020473448496481125
3 0.7845945945945946 0.9542546385156749 0.024324324324324326 0.02111324376199616
3 0.8159459459459459 0.9347408829174664 0.014594594594594595 0.026871401151631478
3 0.8381081081081081 0.944977607165707 0.03189189189189189 0.04990403071017274
0 0.6889189189189189 0.6580294305822136 0.03513513513513514 0.05566218809980806
0 0.7208108108108108 0.7028150991682661 0.027567567567567567 0.05054382597568778
0 0.6718918918918919 0.8205374280230326 0.017297297297297298 0.04286628278950736
0 0.7024324324324325 0.8995521433141395 0.03189189189189189 0.04990403071017274
0 0.7086486486486486 0.9465770953294945 0.024864864864864864 0.030070377479206652
0 0.7508108108108108 0.974088291746641 0.03135135135135135 0.05054382597568778
0 0.8254054054054054 0.9014715291106846 0.02702702702702703 0.044785668586052464
0 0.8475675675675676 0.8877159309021113 0.02054054054054054 0.02111324376199616
