2 0.046494992846924176 0.2987606001304631 0.024320457796852647 0.01304631441617743
0 0.12160228898426323 0.20580560991519894 0.017167381974248927 0.01761252446183953
0 0.1530758226037196 0.2035225048923679 0.04291845493562232 0.03913894324853229
0 0.1876490224129709 0.2054794520547945 0.027181688125894134 0.03522504892367906
0 0.14091559370529327 0.2602739726027397 0.01764425369575584 0.030006523157208087
0 0.195517405817835 0.3030006523157208 0.030519790176442536 0.03979125896934116
0 0.18907963757749166 0.3339856490541422 0.027181688125894134 0.02217873450750163
0 0.2312827849308536 0.3264840182648402 0.020982355746304245 0.038486627527723416
0 0.3218884120171674 0.3333333333333333 0.04673342870767763 0.03913894324853229
0 0.3593228421554602 0.30071754729288974 0.037672865999046255 0.03131115459882583
0 0.3791130185979971 0.26810176125244617 0.020028612303290415 0.023483365949119372
0 0.4144015259895088 0.365296803652968 0.04291845493562232 0.03913894324853229
0 0.4456366237482117 0.32061317677756035 0.04721030042918455 0.04892367906066536
0 0.49523128278493084 0.31898238747553814 0.04339532665712923 0.04174820613176777
0 0.5145445875059609 0.2925636007827789 0.020982355746304245 0.051532941943900845
0 0.4504053409632809 0.4080234833659491 0.042441583214115404 0.046314416177429873
0 0.45231282784930854 0.3721461187214612 0.02050548402479733 0.03587736464448793
0 0.49761564139246545 0.3649706457925636 0.016690510252742013 0.028049575994781473
0 0.49928469241773965 0.4015003261578604 0.04482594182164998 0.060665362035225046
0 0.5624701955174058 0.3258317025440313 0.05484024797329518 0.04370515329419439
0 0.572961373390558 0.27527723418134376 0.024320457796852647 0.028701891715590344
0 0.586552217453505 0.39204174820613175 0.03814973772055317 0.04174820613176777
0 0.5703385789222699 0.44846705805609915 0.055317119694802096 0.06327462491846053
0 0.5455412494039104 0.5198956294846706 0.036242250834525515 0.030006523157208087
0 0.6471149260848832 0.38486627527723416 0.016213638531235097 0.03131115459882583
0 0.6356700047687173 0.4112850619699935 0.019074868860276584 0.029354207436399216
0 0.6702432045779685 0.4243313763861709 0.04625655698617072 0.05283757338551859
0 0.739866475917978 0.3639921722113503 0.027181688125894134 0.03131115459882583
0 0.7582260371959942 0.33170254403131116 0.020982355746304245 0.03065883887801696
0 0.7215069146399619 0.4181343770384866 0.04196471149260849 0.0365296803652968
0 0.6602288984263234 0.5290280495759948 0.042441583214115404 0.03522504892367906
0 0.6983786361468765 0.5169602087410307 0.03481163567000477 0.046314416177429873
0 0.7718168812589413 0.5626223091976517 0.042441583214115404 0.055446836268754074
0 0.8266571292322366 0.5616438356164384 0.04816404387219838 0.056099151989562945
0 0.8505007153075823 0.5834964122635355 0.0357653791130186 0.047619047619047616
0 0.712207916070577 0.6999347684279191 0.027181688125894134 0.03522504892367906
0 0.7358130662851693 0.7276581865622962 0.04005722460658083 0.038486627527723416
0 0.30853600381497376 0.4706457925636008 0.047687172150691466 0.04370515329419439
0 0.3228421554601812 0.44031311154598823 0.023843586075345733 0.050880626223091974
