0 0.3144144144144144 0.26055523423944477 0.02942942942942943 0.02371312897628687
0 0.28678678678678676 0.3039329091960671 0.05225225225225225 0.05841526894158473
0 0.3960960960960961 0.2669172932330827 0.054654654654654654 0.03759398496240601
0 0.38618618618618616 0.31781376518218624 0.06006006006006006 0.05378831694621168
0 0.33903903903903904 0.3285135916714864 0.054654654654654654 0.04973973395026027
0 0.34234234234234234 0.3938692886061307 0.042042042042042045 0.02313475997686524
0 0.3816816816816817 0.4809138230190862 0.04864864864864865 0.059572006940427996
0 0.1996996996996997 0.6978021978021978 0.03183183183183183 0.020242914979757085
0 0.21441441441441442 0.7406015037593985 0.03963963963963964 0.05263157894736842
0 0.17777777777777778 0.7475419317524581 0.014414414414414415 0.015615962984384037
0 0.2885885885885886 0.7478311162521689 0.024624624624624624 0.02891844997108155
3 0.3213213213213213 0.7411798727588201 0.04084084084084084 0.059572006940427996
