3 0.013455328310010764 0.09230436662343278 0.02045209903121636 0.02637267617812365
3 0.03363832077502691 0.26826632079550367 0.02852529601722282 0.019455252918287938
3 0.4130785791173305 0.2980977086035452 0.023143164693218515 0.020319930825767402
0 0.4157696447793326 0.3551664504971898 0.05005382131324004 0.028966709900562042
0 0.37809472551130247 0.42153047989623865 0.04682454251883746 0.02248162559446606
0 0.18164693218514533 0.48076091655858194 0.044671689989235736 0.019022913964548204
0 0.25645855758880515 0.47751837440553396 0.03390742734122713 0.027237354085603113
0 0.20182992465016147 0.5101599654128837 0.04305705059203445 0.02680501513186338
0 0.21178686759956944 0.5609597924773022 0.05866523143164693 0.058365758754863814
0 0.37755651237890203 0.5533938607868569 0.06189451022604951 0.0527453523562473
0 0.43945102260495156 0.47600518806744485 0.09311087190527449 0.058798097708603544
0 0.45909580193756727 0.4321227842628621 0.03982777179763186 0.025507998270644185
0 0.25053821313240043 0.680717682663208 0.07265877287405813 0.042801556420233464
0 0.3027448869752422 0.7127107652399481 0.06081808396124865 0.0609597924773022
1 0.043595263724434875 0.24102896670990057 0.02906350914962325 0.018590575010808474
1 0.15016146393972013 0.3761348897535668 0.021528525296017224 0.009511456982274102
1 0.563778256189451 0.3893212278426286 0.024219590958019375 0.008214440121054907
3 0.7586114101184069 0.7317336792044963 0.042518837459634015 0.029831387808041506
4 0.023143164693218515 0.7217898832684825 0.0193756727664155 0.014267185473411154
