0 0.2565738089039313 0.16999065129323776 0.0315022129653736 0.028357743845434717
0 0.22416037490236917 0.18385789965721408 0.015100234313980734 0.017450919289498285
0 0.23561572507159595 0.21875973823621067 0.010413954699297057 0.012464942349641633
0 0.2488935173131997 0.21626674976628232 0.008331163759437647 0.008725459644749143
0 0.24225462119239782 0.198504206918043 0.030460817495443895 0.031785602991586163
0 0.29562613902629525 0.23652228108444998 0.02577453788076022 0.023683390464319103
0 0.35589690184847694 0.17902773449672796 0.031241864097891175 0.035213462137737614
0 0.2915907315803176 0.30196322842006856 0.022910700338453528 0.023683390464319103
0 0.3049986982556626 0.30118416952321597 0.009632908096849779 0.027734496727952633
0 0.32061963030460816 0.3541601745091929 0.028378026555584482 0.04019943907759427
0 0.4067951054412913 0.25210345902150205 0.010674303566779484 0.028669367404175757
0 0.3762041135121062 0.2645684013711437 0.013017443374121323 0.02181364911187286
0 0.39260609216349907 0.27157993144281706 0.020827909398594115 0.015892801495793082
0 0.38245248633168444 0.2845123091305703 0.010413954699297057 0.013088189467123715
0 0.37034626399375165 0.3004051106263634 0.00807081489195522 0.013088189467123715
0 0.3668315542827389 0.31863508881271424 0.022910700338453528 0.020878778435649736
0 0.352252017703723 0.33686506699906515 0.018745118458734705 0.02679962605172951
0 0.35902108825826606 0.36459956372701774 0.029679770892996615 0.031162355874104083
0 0.41746940900807084 0.41492676846369586 0.009632908096849779 0.013399813025864755
0 0.44038010934652433 0.5453412277968215 0.020567560531111688 0.014334683702087878
2 0.492059359541786 0.5645060766593955 0.009372559229367352 0.010283577438454348
0 0.5430877375683416 0.5550015581177937 0.010413954699297057 0.011841695232159551
0 0.5548034366050507 0.5635712059831723 0.02186930486852382 0.028357743845434717
0 0.5693829731840666 0.5746338423184792 0.013017443374121323 0.019320660641944532
0 0.5380109346524342 0.5791523839202244 0.010153605831814632 0.015269554378311
0 0.5373600624837281 0.6213773761296354 0.013538141109086176 0.014334683702087878
0 0.5454308773756834 0.6103147397943285 0.013538141109086176 0.020878778435649736
0 0.5523301223639677 0.6271424119663447 0.020567560531111688 0.027111249610470553
0 0.5680812288466545 0.63773761296354 0.013538141109086176 0.01838578996572141
0 0.590991929185108 0.6629791212215643 0.02343139807341838 0.029604238080398877
0 0.6129914084873731 0.6611093798691181 0.020567560531111688 0.023371766905578063
0 0.6293933871387659 0.6555001558117793 0.00807081489195522 0.010283577438454348
0 0.5528508200989326 0.7069180430040511 0.018484769591252278 0.02586475537550639
0 0.5661286123405364 0.7034901838578996 0.016922676386357718 0.0221252726706139
0 0.6140328039573028 0.6921159239638517 0.007550117156990367 0.008102212527267061
0 0.6206717000781047 0.7030227485197881 0.021348607133558968 0.02617637893424743
0 0.6256183285602708 0.7301339981302587 0.019265816193699558 0.023060143346837023
0 0.6344701900546733 0.7161109379869118 0.013538141109086176 0.019943907759426612
0 0.6460557146576412 0.7444686818323465 0.015360583181463161 0.02991586163913992
0 0.655037750585785 0.7284200685571829 0.009372559229367352 0.013399813025864755
0 0.6435824004165582 0.6944531006544095 0.022390002603488675 0.028357743845434717
0 0.6651913564175996 0.7106575257089436 0.022910700338453528 0.02586475537550639
0 0.680682114032804 0.7022436896229355 0.010674303566779484 0.020255531318167652
0 0.6843269981775579 0.729666562792147 0.013798489976568603 0.017762542848239325
0 0.6952616506118199 0.737145528201932 0.019526165061181985 0.02586475537550639
0 0.7072376985160115 0.7178248675599875 0.009112210361884926 0.012776565908382673
0 0.63733402759698 0.8035213462137738 0.017703722988804998 0.017139295730757245
0 0.6657120541525644 0.7837332502337176 0.022390002603488675 0.027422873169211593
0 0.6868003124186409 0.7672172016204425 0.022390002603488675 0.017450919289498285
0 0.7136162457693309 0.8086631349330009 0.022390002603488675 0.01807416640698037
0 0.7020307211663629 0.789809909629168 0.008591512626920072 0.009660330320972266
0 0.7101015360583182 0.7768775319414147 0.01744337412132257 0.020567154876908696
0 0.6854985680812289 0.846992832658149 0.01822442072376985 0.023060143346837023
0 0.7013798489976568 0.8541601745091929 0.018745118458734705 0.015581177937052042
0 0.7373079927102317 0.82034901838579 0.01822442072376985 0.025241508258024306
0 0.7237698516011455 0.8968526020567155 0.020827909398594115 0.019320660641944532
0 0.6620671700078105 0.9323776877531942 0.013017443374121323 0.019943907759426612
0 0.666623275188753 0.9529448426301028 0.02108825826607654 0.02243689622935494
0 0.7461598542046343 0.9161732626986601 0.02343139807341838 0.016204425054534122
0 0.750325436084353 0.9337799937675288 0.020827909398594115 0.017139295730757245
0 0.7706326477479823 0.8011841695232159 0.008851861494402499 0.014334683702087878
