4 0.3717201166180758 0.3247422680412371 0.014577259475218658 0.01443298969072165
0 0.3823406913785923 0.4024742268041237 0.034152436484798 0.027216494845360824
0 0.6278633902540608 0.3509278350515464 0.04039983340274885 0.0288659793814433
0 0.6978342357351104 0.32556701030927837 0.03373594335693461 0.024329896907216497
4 0.7092877967513536 0.2927835051546392 0.008329862557267805 0.008247422680412371
0 0.8273635985006247 0.06103092783505155 0.010412328196584756 0.013195876288659794
0 0.8394418992086631 0.17257731958762887 0.044564764681382756 0.04164948453608248
0 0.7680133277800917 0.4379381443298969 0.03998334027488547 0.0445360824742268
0 0.8077884214910453 0.5282474226804124 0.03290295710120783 0.04041237113402062
2 0.8069554352353187 0.5824742268041238 0.008746355685131196 0.011958762886597939
0 0.6984589754269055 0.6593814432989691 0.03165347771761766 0.03216494845360825
4 0.8794252394835486 0.894639175257732 0.010412328196584756 0.009484536082474227
0 0.9741774260724698 0.9136082474226804 0.014160766347355268 0.021855670103092785
0 0.9210745522698875 0.9076288659793814 0.03290295710120783 0.03628865979381443
0 0.9202415660141607 0.9406185567010309 0.01790920449812578 0.03216494845360825
3 0.9429404414827155 0.9498969072164949 0.04164931278633902 0.05154639175257732
