0 0.14948453608247422 0.22379826635145783 0.04184354154032747 0.055161544523246654
0 0.12037598544572468 0.3814026792750197 0.02850212249848393 0.045705279747832936
0 0.36597938144329895 0.06579984239558707 0.0272892662219527 0.026004728132387706
0 0.39296543359611885 0.09574468085106383 0.026682838083687082 0.06067769897557131
0 0.31989084293511216 0.2624113475177305 0.05033353547604609 0.05831363278171789
0 0.406913280776228 0.23483057525610718 0.0351728320194057 0.04728132387706856
0 0.6661613098847786 0.01103230890464933 0.0272892662219527 0.018912529550827423
0 0.6734384475439661 0.09022852639873917 0.03456640388114009 0.06698187549251379
0 0.6312916919345057 0.16272655634357763 0.04730139478471801 0.0937746256895193
0 0.6895087932080048 0.15524034672970843 0.029108550636749546 0.0504334121355398
0 0.6849605821710127 0.24940898345153664 0.03699211643420255 0.04334121355397951
0 0.7231655548817465 0.19936958234830576 0.0430563978168587 0.05831363278171789
3 0.8332322619769558 0.33569739952718675 0.031534263189812006 0.037825059101654845
0 0.7604608853850818 0.3873128447596533 0.050939963614311703 0.07486209613869188
0 0.6249241964827168 0.40543735224586286 0.024863553668890235 0.026004728132387706
0 0.6419041843541541 0.43498817966903075 0.023650697392359005 0.05200945626477541
0 0.6610066707095209 0.4448384554767533 0.020618556701030927 0.027580772261623327
0 0.6594906003638569 0.5047281323877069 0.021224984839296544 0.07013396375098503
0 0.6801091570648878 0.47675334909377465 0.02001212856276531 0.045705279747832936
0 0.7049727107337781 0.5114263199369582 0.0272892662219527 0.05831363278171789
0 0.7525773195876289 0.6107171000788022 0.03274711946634324 0.05200945626477541
0 0.8508186779866586 0.6725768321513003 0.02425712553062462 0.05594956658786446
0 0.8341419041843542 0.7265563435776202 0.013947847180109158 0.0504334121355398
0 0.8435415403274712 0.7825059101654847 0.027895694360218316 0.0425531914893617
4 0.7104305639781686 0.0768321513002364 0.010309278350515464 0.014972419227738377
0 0.7465130382049727 0.2568951930654058 0.04972710733778047 0.061465721040189124
