0 0.01526446574369897 0.4254173397953689 0.026979055733049342 0.045234248788368334
0 0.04614838480653177 0.42757135164243404 0.03407880724174654 0.05708131394722671
0 0.1104011359602414 0.37910608508346794 0.024139155129570464 0.06569736133548734
0 0.14820731274405397 0.3414108777598277 0.03301384451544196 0.08508346795907377
0 0.1638267660631878 0.4176090468497577 0.03017394391196308 0.06515885837372105
0 0.025026624068157616 0.5772751750134626 0.023074192403265886 0.0420032310177706
0 0.15637202697905572 0.5487345180398492 0.026624068157614485 0.03877221324717286
0 0.20465033723819667 0.4399569197630587 0.04082357117500887 0.051696284329563816
3 0.20642527511537095 0.3088314485729671 0.010294639687610933 0.01669359181475498
0 0.2570110046148385 0.2770597738287561 0.0326588569400071 0.05546580506192784
0 0.23713170039048634 0.35756596661281637 0.025559105431309903 0.046311254711900916
0 0.268370607028754 0.3306408185245019 0.020589279375221866 0.024771136241249325
0 0.2774227902023429 0.3739903069466882 0.03656372026979056 0.04577275175013463
0 0.29659211927582535 0.4098007539041465 0.023074192403265886 0.03769520732364028
0 0.2665956691515797 0.47415185783521807 0.03407880724174654 0.05115778136779752
0 0.2926872559460419 0.4730748519116855 0.03585374511892084 0.06946688206785137
0 0.3225062122825701 0.4658050619278406 0.04082357117500887 0.07646742057081314
0 0.27263045793397234 0.568659127625202 0.025559105431309903 0.045234248788368334
0 0.2820376286829961 0.61900915455035 0.04082357117500887 0.04577275175013463
0 0.2839900603478878 0.6828217555196554 0.0397586084487043 0.046311254711900916
0 0.31753638622648206 0.6809369951534734 0.029463968761093362 0.05438879913839526
0 0.3929712460063898 0.13058696822832525 0.021299254526091587 0.04361873990306947
0 0.3858714944976926 0.17555196553581046 0.022719204827831026 0.046311254711900916
0 0.44497692580759673 0.13839526117393647 0.028044018459353923 0.07754442649434572
0 0.43769968051118213 0.2202477113624125 0.028399006034788784 0.05600430802369413
0 0.46041888533901315 0.20759289176090467 0.01845935392261271 0.029617662897145933
0 0.38036918707845224 0.2250942380183091 0.019524316648917288 0.043080236941303175
0 0.36261980830670926 0.25471190091545504 0.022364217252396165 0.051696284329563816
0 0.3271210507632233 0.2622509423801831 0.025914093006744764 0.053850296176628974
0 0.3200212992545261 0.3651050080775444 0.019524316648917288 0.03984921917070544
0 0.3532126375576855 0.3540656973613355 0.022009229676961305 0.01992460958535272
0 0.4144479943201988 0.3344103392568659 0.039403620873269436 0.07862143241787829
0 0.3436279730209443 0.4176090468497577 0.022009229676961305 0.041464728056004305
0 0.37131700390486333 0.40549273021001614 0.026979055733049342 0.05061927840603123
0 0.39101881434149804 0.3992999461497038 0.02023429179978701 0.03715670436187399
0 0.3963436279730209 0.4369951534733441 0.02023429179978701 0.04254173397953689
0 0.3572949946751864 0.47226709746903606 0.011714589989350373 0.01938610662358643
0 0.3736244231451899 0.44884221863220247 0.010294639687610933 0.02207862143241788
0 0.34753283635072774 0.5368874528809908 0.026269080582179624 0.04954227248249865
0 0.38516151934682286 0.5123855681206246 0.037628682996095134 0.07162089391491654
0 0.421547745828896 0.5309639203015617 0.028044018459353923 0.06246634356488961
0 0.4329073482428115 0.4550350026925148 0.025204117855875046 0.046311254711900916
0 0.3766418175363862 0.5678513731825525 0.024849130280440185 0.01992460958535272
0 0.40007099751508696 0.5872374798061389 0.022719204827831026 0.04792676359719979
0 0.34345047923322686 0.6297792137856758 0.013134540291089812 0.01992460958535272
0 0.3569400070997515 0.6122778675282714 0.017394391196308128 0.0420032310177706
0 0.38072417465388714 0.6173936456650512 0.027334043308484202 0.04577275175013463
0 0.46769613063542775 0.3675282714054927 0.03301384451544196 0.041464728056004305
0 0.4818956336528222 0.44884221863220247 0.03372381966631168 0.04577275175013463
0 0.4897053603123891 0.4940764674205708 0.023074192403265886 0.04361873990306947
0 0.48544550940717074 0.574313408723748 0.023784167554135604 0.04361873990306947
0 0.4838480653177139 0.6109316101238557 0.021299254526091587 0.025309639203015617
0 0.3450479233226837 0.6779752288637587 0.022009229676961305 0.030156165858912225
0 0.3604898828541001 0.656165858912224 0.039403620873269436 0.03823371028540657
0 0.402555910543131 0.6370490037695208 0.012779552715654952 0.03338718362950996
0 0.3585374511892084 0.7078621432417879 0.022009229676961305 0.04577275175013463
0 0.37184948526801564 0.7517501346257405 0.04437344692935747 0.06354334948842219
0 0.38640397586084485 0.6898222940226171 0.03372381966631168 0.051696284329563816
0 0.40344337948171816 0.7337102854065697 0.03372381966631168 0.052234787291330104
0 0.4235001774937877 0.7668282175551966 0.020589279375221866 0.030156165858912225
0 0.4355697550585729 0.7059773828756059 0.029818956336528223 0.04738826063543349
0 0.40646077387291446 0.6744749596122779 0.023429179978700747 0.044695745826602046
0 0.9634362797302094 0.3193322563274098 0.0397586084487043 0.03984921917070544
4 0.9543840965566205 0.3155627355950458 0.013844515441959531 0.024771136241249325
