3 0.6190332326283988 0.16394874781595806 0.042900302114803626 0.056493884682585906
3 0.5984894259818732 0.34304018637157835 0.023564954682779457 0.0256260920209668
0 0.602416918429003 0.42283051834595226 0.03867069486404834 0.054746651135701804
0 0.5749244712990936 0.49504950495049505 0.045317220543806644 0.041933605125218404
0 0.6410876132930513 0.5002912055911474 0.06163141993957704 0.0384391380314502
0 0.5697885196374622 0.5448456610366919 0.054380664652567974 0.06581246359930111
3 0.5444108761329305 0.5780430984274898 0.02175226586102719 0.0168899242865463
3 0.5725075528700906 0.6158998252766453 0.019939577039274924 0.0180547466511357
3 0.6528700906344411 0.5337798485730926 0.024773413897280966 0.025043680838672103
3 0.6347432024169184 0.5570762958648806 0.04169184290030212 0.027373325567850902
3 0.6519637462235649 0.574839836924869 0.026586102719033233 0.020966802562609202
0 0.543202416918429 0.5984274898078044 0.033836858006042296 0.046010483401281305
0 0.8498489425981873 0.6986022131624927 0.012688821752265862 0.0157251019219569
0 0.8900302114803625 0.7131624927198602 0.04833836858006042 0.043680838672102505
3 0.9305135951661632 0.7344205008736168 0.014501510574018127 0.0128130460104834
3 0.8927492447129909 0.512521840419336 0.03564954682779456 0.045428072218986607
