0 0.3588377723970944 0.23911814584511024 0.041646489104116224 0.055398530243075186
0 0.38813559322033897 0.2662521198417185 0.03922518159806295 0.04522328999434709
3 0.40847457627118644 0.2707744488411532 0.013075060532687652 0.016958733747880157
0 0.46731234866828086 0.24448841153193895 0.03389830508474576 0.054833239118145846
0 0.3046004842615012 0.33719615602035047 0.03777239709443099 0.034482758620689655
0 0.3222760290556901 0.3756359525155455 0.04019370460048426 0.035613340870548335
0 0.3956416464891041 0.3764838892029395 0.036803874092009685 0.033917467495760314
0 0.33220338983050846 0.42227247032221593 0.03970944309927361 0.035048049745618995
0 0.38765133171912836 0.4180327868852459 0.05375302663438257 0.031091011871113624
0 0.438498789346247 0.4369700395703787 0.045036319612590796 0.03278688524590164
0 0.25278450363196125 0.501695873374788 0.049394673123486686 0.04578858111927643
0 0.28668280871670704 0.5302430751837196 0.0387409200968523 0.0395703787450537
0 0.28111380145278453 0.5935556811758056 0.049878934624697335 0.05765969474279254
0 0.3217917675544794 0.5573770491803278 0.042130750605326873 0.0497456189937818
0 0.3559322033898305 0.5539853024307518 0.028087167070217918 0.03617863199547767
0 0.3801452784503632 0.49208592425098924 0.03777239709443099 0.04578858111927643
0 0.4062953995157385 0.47625777275296777 0.013559322033898305 0.029960429621254947
0 0.43292978208232447 0.4672131147540984 0.03970944309927361 0.031091011871113624
0 0.41767554479418884 0.498304126625212 0.03631961259079903 0.02882984737139627
0 0.40774818401937046 0.5226116449971735 0.021307506053268765 0.01978518937252685
0 0.4941888619854721 0.49293386093838326 0.02857142857142857 0.029395138496325607
0 0.5343825665859564 0.49576031656302993 0.04600484261501211 0.046353872244205764
0 0.36319612590799033 0.5952515545505935 0.036803874092009685 0.030525720746184284
0 0.376271186440678 0.6226681741096665 0.017433414043583534 0.018654607122668174
0 0.4089588377723971 0.5661390616167327 0.04600484261501211 0.04013566986998304
0 0.41113801452784504 0.5927077444884116 0.0387409200968523 0.026568682871678916
0 0.46464891041162226 0.5661390616167327 0.0585956416464891 0.0423968343697004
0 0.36246973365617435 0.6613906161673262 0.04019370460048426 0.033917467495760314
0 0.44285714285714284 0.6362351611079706 0.025665859564164648 0.02882984737139627
0 0.4263922518159806 0.6721311475409836 0.04600484261501211 0.04522328999434709
0 0.6789346246973366 0.575183719615602 0.041646489104116224 0.04918032786885246
0 0.7939467312348668 0.6119276427360091 0.030508474576271188 0.022046353872244205
0 0.5397094430992736 0.6288863764838892 0.03438256658595642 0.041266252119841716
0 0.6116222760290557 0.6506500847936687 0.04067796610169491 0.033917467495760314
0 0.4915254237288136 0.7642736009044658 0.04455205811138015 0.04522328999434709
0 0.5360774818401937 0.7419446014697569 0.03292978208232446 0.02882984737139627
0 0.46198547215496366 0.9406444318824194 0.04455205811138015 0.04409270774448841
0 0.1343825665859564 0.6458451102317694 0.022760290556900726 0.027699265121537593
0 0.10653753026634383 0.7063312605992086 0.03777239709443099 0.04578858111927643
0 0.14213075060532687 0.6953080836630865 0.030508474576271188 0.023742227247032222
0 0.18135593220338983 0.7221594120972301 0.04697336561743341 0.03900508762012436
0 0.1234866828087167 0.7348784624081401 0.03486682808716707 0.033917467495760314
0 0.1709443099273608 0.36856981345392875 0.018401937046004842 0.01582815149802148
9 0.8096852300242131 0.8592425098925947 0.12397094430992736 0.1141888072357264
