0 0.5141137401411374 0.2268086995117621 0.027812370278123704 0.036395916555703504
0 0.4852635948526359 0.1573457612072792 0.0406807804068078 0.03861517976031957
0 0.5168119551681195 0.1278295605858855 0.049813200498132 0.040834442964935644
0 0.6425902864259029 0.18863737239236572 0.045662100456621 0.05326231691078562
0 0.44375259443752596 0.7012871726586773 0.053964300539643004 0.04704837993786063
0 0.4292237442922374 0.7458943630714603 0.052303860523038606 0.05370616955170883
0 0.4510170195101702 0.8029294274300932 0.026151930261519303 0.03905903240124279
0 0.4487339144873391 0.8300044385264093 0.016604400166044003 0.015090989791389259
0 0.470942299709423 0.8264536173990236 0.015359070153590702 0.024855747891699954
0 0.4919053549190536 0.7958277851753218 0.0157741801577418 0.02663115845539281
0 0.5004151100041511 0.7727474478473146 0.027812370278123704 0.02663115845539281
0 0.4931506849315068 0.7254771415889925 0.043171440431714406 0.056369285397248114
0 0.46367787463677873 0.7574345317354638 0.034039020340390205 0.043941411451398134
0 0.5269821502698215 0.7401242787394585 0.023661270236612703 0.040390590324012425
0 0.5394354503943545 0.6486906347092766 0.0410958904109589 0.056369285397248114
0 0.5159817351598174 0.6870838881491345 0.049813200498132 0.05326231691078562
0 0.5765877957658779 0.7183754993342211 0.049813200498132 0.05903240124278739
0 0.5269821502698215 0.7953839325343985 0.0228310502283105 0.031069684864624945
0 0.5635118306351183 0.796271637816245 0.038605230386052306 0.047936085219707054
0 0.641137401411374 0.7387927208166889 0.044416770444167704 0.07057256990679095
4 0.696969696969697 0.8029294274300932 0.0091324200913242 0.010652463382157125
5 0.9445828144458281 0.5958721704394141 0.0186799501867995 0.015534842432312472
5 0.8926940639269406 0.572791833111407 0.012038190120381901 0.010208610741233911
5 0.8549190535491905 0.5659121171770972 0.0136986301369863 0.012427873945849977
