0 0.4888563049853372 0.07878787878787878 0.04046920821114369 0.04009324009324009
0 0.46304985337243404 0.10256410256410256 0.03225806451612903 0.028904428904428906
0 0.5903225806451613 0.11305361305361306 0.03929618768328446 0.04149184149184149
0 0.5425219941348973 0.16503496503496504 0.05982404692082111 0.04009324009324009
0 0.39413489736070384 0.1372960372960373 0.05982404692082111 0.030303030303030304
0 0.34545454545454546 0.1484848484848485 0.04105571847507331 0.0331002331002331
0 0.3844574780058651 0.18344988344988344 0.04046920821114369 0.02564102564102564
0 0.30263929618768326 0.24498834498834499 0.09853372434017596 0.04149184149184149
0 0.32316715542521995 0.2766899766899767 0.06451612903225806 0.030303030303030304
0 0.26217008797653957 0.12307692307692308 0.03636363636363636 0.017715617715617717
3 0.21378299120234603 0.12913752913752913 0.021700879765395895 0.014918414918414918
0 0.08680351906158358 0.46107226107226107 0.04926686217008798 0.03076923076923077
0 0.04721407624633431 0.47296037296037297 0.04281524926686217 0.034032634032634033
0 0.08035190615835777 0.5002331002331002 0.05043988269794721 0.03822843822843823
0 0.026099706744868036 0.5102564102564102 0.01466275659824047 0.009790209790209791
0 0.12756598240469208 0.5160839160839161 0.04398826979472141 0.037296037296037296
0 0.07214076246334311 0.5494172494172495 0.04457478005865103 0.035897435897435895
0 0.15278592375366568 0.5853146853146853 0.06041055718475073 0.030303030303030304
0 0.24134897360703814 0.5762237762237762 0.03929618768328446 0.017715617715617717
0 0.1656891495601173 0.6363636363636364 0.04516129032258064 0.02703962703962704
0 0.16129032258064516 0.6682983682983683 0.04222873900293255 0.0331002331002331
0 0.2721407624633431 0.6282051282051282 0.04926686217008798 0.046153846153846156
0 0.2730205278592375 0.6832167832167833 0.04868035190615836 0.039627039627039624
0 0.24281524926686218 0.7289044289044289 0.03988269794721408 0.022843822843822845
0 0.28269794721407626 0.7216783216783217 0.04809384164222874 0.039160839160839164
0 0.30058651026392963 0.7578088578088578 0.05571847507331378 0.03682983682983683
0 0.8096774193548387 0.7638694638694639 0.03695014662756598 0.02470862470862471
4 0.8041055718475073 0.8326340326340327 0.012903225806451613 0.012121212121212121
