0 0.13995782814971006 0.2406096897114861 0.03110173958882446 0.05770277626565052
0 0.26752767527675275 0.6224823081110507 0.033210332103321034 0.03647250952640174
0 0.33737480231945177 0.6992378878606423 0.02214022140221402 0.023407729994556342
0 0.36663152345809175 0.7191072400653239 0.05007907221929362 0.04246053347849755
3 0.38982604111755403 0.7294501905280348 0.01107011070110701 0.014153511159499184
3 0.35002635740643123 0.6777354382144801 0.021085925144965736 0.01633097441480675
3 0.4238270954138113 0.7242787152966794 0.047443331576172906 0.041916167664670656
4 0.3526620980495519 0.6603157321720196 0.010542962572482868 0.011976047904191617
4 0.41934633632050605 0.7686445291235711 0.01107011070110701 0.015242242787152967
0 0.6006852925672114 0.909635274904736 0.09541381128096996 0.07621121393576484
3 0.610173958882446 0.9275993467610234 0.014232999472851872 0.0130647795318454
0 0.5869794412229836 0.03130103429504627 0.03110173958882446 0.035383777898747956
0 0.5648392198207697 0.07022318998366903 0.02055877701634159 0.018508437670114317
0 0.5780179230363732 0.0919978225367447 0.030047443331576173 0.033750680457267285
0 0.7219293621507644 0.21039738704409364 0.035318924617817604 0.02231899836690256
0 0.8112809699525567 0.19080021774632552 0.017923036373220874 0.012520413718018509
0 0.8431734317343174 0.21039738704409364 0.035318924617817604 0.024496461622210124
0 0.7662098049551924 0.25748502994011974 0.033210332103321034 0.023952095808383235
0 0.7986294148655773 0.27572128470332063 0.03373748023194518 0.035383777898747956
0 0.8223510806536637 0.27572128470332063 0.0158144438587243 0.03429504627109418
0 0.86004217185029 0.2822536744692433 0.05007907221929362 0.031028851388132824
0 0.934106483921982 0.2520413718018508 0.03900896151818661 0.030484485574305935
3 0.9673168160253031 0.2735438214480131 0.011597258829731154 0.011431682090364725
3 0.9897206114918292 0.2844311377245509 0.010015814443858724 0.013609145345672292
