0 0.03076923076923077 0.0813786500718047 0.056615384615384616 0.032551460028721876
0 0.011384615384615385 0.12446146481570129 0.021538461538461538 0.03829583532790809
0 0.04215384615384615 0.17376735280038297 0.06707692307692308 0.03733843944471039
0 0.27015384615384613 0.22044040210627094 0.03323076923076923 0.03685974150311154
0 0.2630769230769231 0.32623264719961703 0.03876923076923077 0.05505026328386788
3 0.344 0.40210627094303497 0.03569230769230769 0.03542364767831498
3 0.35507692307692307 0.43202489229296315 0.040615384615384616 0.0205840114887506
0 0.32953846153846156 0.5574437529918621 0.02523076923076923 0.03398755385351843
0 0.4036923076923077 0.6041168022977501 0.03569230769230769 0.032551460028721876
0 0.27507692307692305 0.6146481570129249 0.039384615384615386 0.03542364767831498
0 0.3156923076923077 0.6522259454284347 0.039384615384615386 0.04260411680229775
3 0.2581538461538462 0.6407371948300622 0.033846153846153845 0.019626615605552896
0 0.3310769230769231 0.7077549066539014 0.043076923076923075 0.03973192915270465
0 0.20307692307692307 0.7438966012446147 0.04923076923076923 0.02106270943034945
3 0.18830769230769231 0.7271421732886548 0.024615384615384615 0.015318334131163236
0 0.3 0.7245093346098612 0.03876923076923077 0.0215414073719483
0 0.228 0.7967927237912877 0.036307692307692305 0.023456199138343705
