0 0.38385682980277575 0.1077782374844849 0.08984660336011688 0.028547786512205214
0 0.2867056245434624 0.14294580057923045 0.07377647918188458 0.03103020273065784
0 0.7381300219138057 0.07074886222589988 0.0635500365230095 0.01985932974762102
0 0.7538349159970782 0.10467521721141912 0.12856099342585828 0.03806371534960695
0 0.6004382761139518 0.13425734381464627 0.052593133674214754 0.022755482002482418
0 0.41672753834916 0.19631774927596193 0.11176040905770636 0.049234588332643776
0 0.5306793279766253 0.17128671907323129 0.03725346968590212 0.016549441456350848
0 0.5726807888970051 0.17128671907323129 0.04967129291453616 0.026479106330161355
0 0.6263696128560994 0.17728589160115846 0.053323593864134405 0.033512618949110465
0 0.7242512783053323 0.21990070335126188 0.04894083272461651 0.02027306578402979
3 0.789627465303141 0.22693421597021102 0.017531044558071585 0.009515928837401738
0 0.34842951059167276 0.3462970624741415 0.061358655953250546 0.032271410839884156
0 0.3301680058436815 0.37339677285891604 0.05113221329437546 0.030202730657840297
0 0.3294375456537619 0.39263549855192387 0.026296566837107377 0.011584609019445594
0 0.2647918188458729 0.35870914356640465 0.04894083272461651 0.0430285477865122
3 0.295836376917458 0.35188249896565993 0.030679327976625273 0.014480761274306992
0 0.18188458728999268 0.4455937112122466 0.07012417823228634 0.03806371534960695
2 0.22680788897005114 0.48407116259826233 0.019722425127830533 0.012412081092263137
3 0.24543462381300218 0.7093504344228382 0.027757487216946677 0.01365328920148945
0 0.09569028487947406 0.7656185353744311 0.05697589481373265 0.031857674803475386
0 0.08692476260043827 0.8260239966901117 0.052593133674214754 0.023582954075299957
0 0.053323593864134405 0.9358709143566405 0.04090577063550037 0.025651634257343816
0 0.021183345507669833 0.9627637567232106 0.03214024835646457 0.025651634257343816
