0 0.16394446712944058 0.05756207674943566 0.062474479379338504 0.0600451467268623
4 0.1763985300122499 0.09751693002257336 0.011433238056349531 0.013544018058690745
4 0.3860759493670886 0.24221218961625282 0.01347488770926909 0.01580135440180587
0 0.42078399346672113 0.27697516930022575 0.05267456104532462 0.06275395033860046
3 0.4734585545120457 0.19142212189616253 0.023274806043282973 0.019864559819413093
3 0.5144957125357289 0.19593679458239277 0.016333197223356473 0.02708803611738149
3 0.5287872601061658 0.2146726862302483 0.009799918334013884 0.021218961625282168
0 0.47427521437321357 0.23205417607223477 0.048591261739485504 0.04424379232505643
0 0.49755002041649654 0.3724604966139955 0.043691302572478566 0.055079006772009026
0 0.5561453654552879 0.3379232505643341 0.030216414863209473 0.036568848758465014
4 0.5365455287872601 0.3618510158013544 0.011433238056349531 0.01218961625282167
4 0.5063291139240507 0.4358916478555305 0.011433238056349531 0.01218961625282167
4 0.5189873417721519 0.6011286681715575 0.013066557778685178 0.01309255079006772
4 0.5334830543078808 0.6187358916478556 0.012658227848101266 0.01309255079006772
4 0.6141282155982033 0.7142212189616253 0.013066557778685178 0.016252821670428894
4 0.717435688035933 0.6787810383747178 0.00898325847284606 0.01038374717832957
0 0.5504287464271131 0.3893905191873589 0.028583095140873826 0.033860045146726865
0 0.5675786035116374 0.4404063205417607 0.038383013474887706 0.04469525959367946
0 0.5332788893425888 0.4927765237020316 0.02041649652919559 0.046501128668171555
0 0.5498162515312373 0.517155756207675 0.015108207431604737 0.017607223476297968
0 0.5377705185790118 0.5501128668171558 0.03429971416904859 0.04830699774266366
0 0.5673744385463454 0.582392776523702 0.03389138423846468 0.03882618510158013
0 0.6053491220906493 0.5345372460496614 0.029808084932625562 0.05056433408577878
0 0.6218864842792977 0.5794582392776524 0.022049816251531237 0.032054176072234764
0 0.6310739077174357 0.6011286681715575 0.023274806043282973 0.014898419864559819
3 0.4979583503470804 0.4948081264108352 0.014291547570436913 0.02437923250564334
0 0.6592486729277256 0.7117381489841986 0.04124132298897509 0.04740406320541761
0 0.7074316047366271 0.7194130925507901 0.042057982850142915 0.05191873589164785
0 0.7339730502245815 0.4564334085778781 0.04777460187831768 0.04695259593679458
3 0.7443854634544712 0.42279909706546276 0.013883217639853002 0.017607223476297968
0 0.8033891384238465 0.4783295711060948 0.034708044099632504 0.04830699774266366
0 0.8125765618619845 0.5512415349887133 0.019599836668027767 0.02076749435665914
0 0.7480604328297265 0.6306997742663657 0.04246631278072683 0.045146726862302484
0 0.7927725602286647 0.6291196388261852 0.05022458146182115 0.051015801354401806
0 0.8509595753368722 0.590293453724605 0.039199673336055535 0.04469525959367946
0 0.8895467537770518 0.6042889390519187 0.04777460187831768 0.033860045146726865
0 0.9334422213148224 0.6214446952595937 0.041649652919559 0.036568848758465014
0 0.9226214781543487 0.6663656884875846 0.04777460187831768 0.040632054176072234
0 0.7750102082482646 0.7270880361173815 0.027766435279706004 0.05011286681715576
4 0.8225806451612904 0.5395033860045146 0.012658227848101266 0.014446952595936794
0 0.8078807676602695 0.691647855530474 0.05267456104532462 0.06410835214446953
0 0.8372805226623111 0.6523702031602708 0.03960800326663944 0.04153498871331828
0 0.7939975500204165 0.8212189616252822 0.025724785626786442 0.04785553047404063
0 0.8042057982850143 0.8496613995485327 0.021641486320947326 0.03702031602708804
0 0.8213556553695386 0.8772009029345372 0.035524703960800326 0.03611738148984198
0 0.7701102490812577 0.8476297968397292 0.02694977541853818 0.03837471783295711
0 0.7733768885259289 0.8905191873589164 0.0310330747243773 0.04740406320541761
0 0.7982850142915475 0.9124153498871331 0.02694977541853818 0.03069977426636569
0 0.8873009391588403 0.9386004514672687 0.03674969375255206 0.04875846501128668
