0 0.39248895434462444 0.6072118480360592 0.014236622484045164 0.0463618802318094
0 0.36033382425135 0.6139729555698648 0.012763868433971527 0.027688345138441726
0 0.33578792341678937 0.6918866709594333 0.013745704467353952 0.03412749517063748
0 0.21232204221894943 0.5866065679330328 0.012272950417280314 0.02446877012234385
0 0.20054000981836034 0.607533805537669 0.022091310751104567 0.030264005151320026
0 0.2106038291605302 0.6326464906632324 0.013745704467353952 0.027688345138441726
0 0.23244968090328916 0.5859626529298133 0.011291114383897889 0.0334835801674179
0 0.22582228767795778 0.6133290405666452 0.014727540500736377 0.019961365099806824
0 0.22238586156111928 0.6374758531873793 0.017673048600883652 0.028332260141661302
0 0.22385861561119294 0.690920798454604 0.016691212567501227 0.0206052801030264
0 0.249386352479136 0.6986477784932389 0.016691212567501227 0.025756600128783
0 0.26755031909671084 0.6809401159047006 0.015709376534118802 0.031551835157759174
0 0.29995090819833087 0.6764327108821635 0.013745704467353952 0.031551835157759174
0 0.242513500245459 0.5981970379909852 0.009818360333824251 0.019317450096587252
0 0.2538046146293569 0.5933676754668383 0.012763868433971527 0.025112685125563427
0 0.24521354933726067 0.6204121056020605 0.024054982817869417 0.027688345138441726
0 0.2496318114874816 0.6477784932388925 0.012272950417280314 0.02446877012234385
0 0.26828669612174766 0.6149388280746941 0.016200294550810016 0.0437862202189311
0 0.28792341678939615 0.6226658081133291 0.011291114383897889 0.04507405022537025
0 0.2822778595974472 0.654539600772698 0.008836524300441826 0.017385705086928525
0 0.30584192439862545 0.5998068254990341 0.03043691703485518 0.05859626529298133
2 0.3136966126656848 0.5875724404378622 0.006872852233676976 0.009658725048293626
0 0.2653411880216004 0.5647134578235673 0.013254786450662739 0.03477141017385705
0 0.24742268041237114 0.5276883451384418 0.010800196367206676 0.03412749517063748
0 0.27245949926362295 0.5202833226014166 0.014727540500736377 0.030907920154539602
0 0.28448699067255767 0.5450740502253703 0.024054982817869417 0.026400515132002575
0 0.2930780559646539 0.46716033483580166 0.011782032400589101 0.018673535093367676
0 0.3163966617574865 0.418222794591114 0.016200294550810016 0.017385705086928525
0 0.3136966126656848 0.4481648422408242 0.013745704467353952 0.019317450096587252
0 0.35002454590083454 0.4462330972311655 0.011782032400589101 0.0231809401159047
0 0.32793323514973 0.4880875724404379 0.014727540500736377 0.02189311010946555
0 0.36229749631811486 0.46297488731487446 0.022582228767795778 0.02189311010946555
0 0.35665193912616594 0.4880875724404379 0.01914580265095729 0.028332260141661302
0 0.3316151202749141 0.5238248551191242 0.01521845851742759 0.027688345138441726
0 0.3438880706921944 0.5415325177076626 0.018163966617574866 0.03219575016097875
0 0.3379970544918999 0.5734063103670316 0.01718213058419244 0.028976175144880875
0 0.45459008345606283 0.05859626529298133 0.014727540500736377 0.025756600128783
0 0.4796269023073147 0.15132002575660014 0.014727540500736377 0.0334835801674179
0 0.47692685321551304 0.2707662588538313 0.025036818851251842 0.019961365099806824
0 0.5665193912616593 0.09755312298776561 0.012763868433971527 0.03412749517063748
0 0.5768286696121747 0.14713457823567289 0.016691212567501227 0.03412749517063748
0 0.5672557682866961 0.22665808113329042 0.02110947471772214 0.03219575016097875
0 0.6445753559155621 0.009658725048293626 0.016691212567501227 0.0180296200901481
0 0.5915562101129112 0.14069542820347714 0.007854688267059401 0.023824855119124275
0 0.6045655375552282 0.14262717321313587 0.013254786450662739 0.027688345138441726
0 0.5989199803632793 0.19349645846748229 0.013745704467353952 0.026400515132002575
0 0.6298478154148257 0.09594333547971667 0.031418753068237604 0.03992273019961365
0 0.6519391261659303 0.13425627817128138 0.031418753068237604 0.03670315518351577
0 0.6278841433480609 0.19285254346426273 0.010800196367206676 0.030264005151320026
0 0.7061855670103093 0.04507405022537025 0.013254786450662739 0.015453960077269801
0 0.7498772704958272 0.07179652285898261 0.024054982817869417 0.031551835157759174
0 0.645311732940599 0.19381841596909208 0.011291114383897889 0.030907920154539602
0 0.6597938144329897 0.18190598840952993 0.017673048600883652 0.030264005151320026
0 0.6080019636720667 0.3023180940115905 0.018163966617574866 0.023824855119124275
0 0.6170839469808542 0.34771410173857054 0.014727540500736377 0.028332260141661302
0 0.5834560628375062 0.42466194462330975 0.008345606283750613 0.010946555054732776
0 0.584192439862543 0.45524790727623954 0.012763868433971527 0.019317450096587252
0 0.6168384879725086 0.38763683193818416 0.01718213058419244 0.030907920154539602
3 0.6215022091310751 0.26851255634256277 0.008836524300441826 0.0103026400515132
0 0.6318114874815906 0.28171281390856406 0.015709376534118802 0.043142305215711524
0 0.6300932744231713 0.3425627817128139 0.014236622484045164 0.02446877012234385
0 0.6416298478154149 0.3663876368319382 0.012763868433971527 0.019317450096587252
0 0.6556210112911144 0.340952994204765 0.027000490918016692 0.027688345138441726
0 0.6475208640157094 0.28171281390856406 0.015709376534118802 0.037990985189954925
0 0.6627393225331369 0.2920154539600773 0.016691212567501227 0.03412749517063748
0 0.6993127147766323 0.31809401159047007 0.028964162984781543 0.02446877012234385
0 0.708885616102111 0.28461043142305215 0.025527736867943053 0.028332260141661302
0 0.6627393225331369 0.22247263361236316 0.023564064801178203 0.025112685125563427
0 0.6809032891507119 0.2034771410173857 0.013745704467353952 0.028332260141661302
0 0.6806578301423662 0.24082421120412106 0.023073146784486992 0.0360592401802962
0 0.6978399607265586 0.22794591113972956 0.022091310751104567 0.038634900193174504
0 0.7174766813942072 0.24372182871860915 0.013254786450662739 0.030264005151320026
0 0.696367206676485 0.16806181584030908 0.01521845851742759 0.0231809401159047
0 0.7000490918016691 0.12524146812620734 0.019636720667648502 0.027688345138441726
0 0.7908689248895434 0.06632324533161622 0.039273441335297005 0.056664520283322604
0 0.7211585665193913 0.16709594333547972 0.017673048600883652 0.026400515132002575
0 0.7415316642120766 0.20959433354797166 0.014236622484045164 0.026400515132002575
0 0.7626411389297987 0.23824855119124275 0.018163966617574866 0.028332260141661302
0 0.7361315660284733 0.13779781068898905 0.01718213058419244 0.02962009014810045
0 0.7417771232204222 0.16934964584674822 0.018654884634266077 0.028332260141661302
0 0.7557682866961217 0.15840309079201545 0.013254786450662739 0.0231809401159047
0 0.7702503681885126 0.13232453316162265 0.026509572901325478 0.04829362524146812
0 0.6617574864997545 0.4179008370895042 0.020618556701030927 0.02704443013522215
0 0.6568483063328424 0.4610431423052157 0.019636720667648502 0.03219575016097875
0 0.632793323514973 0.49613650998068254 0.027491408934707903 0.044430135222150675
0 0.6224840451644575 0.5428203477141017 0.020618556701030927 0.02446877012234385
0 0.6742758959253805 0.572762395363812 0.01718213058419244 0.017385705086928525
0 0.7749140893470791 0.7276239536381197 0.011291114383897889 0.02446877012234385
