0 0.11293920803123257 0.2462269424259363 0.026213050752928055 0.021799888205701508
0 0.20217512548800892 0.2272219116825042 0.02286670384829894 0.0184460592509782
0 0.18321249302844395 0.2775293460033538 0.04294478527607362 0.02738960313024036
0 0.19854991634132738 0.3789826718837339 0.03346346904629113 0.025712688652878703
4 0.8134411600669269 0.7417551704863052 0.027328499721137756 0.026830631637786474
0 0.743446737311768 0.2451089994410285 0.012269938650306749 0.01509223029625489
0 0.7334076965978806 0.281442146450531 0.008923591745677636 0.01509223029625489
0 0.7590630228667038 0.30044717719396313 0.012269938650306749 0.01621017328116266
0 0.7618516452872282 0.3166573504751258 0.010039040713887339 0.013974287311347122
9 0.8112102621305075 0.42453884851872553 0.10206358059118795 0.16377864728898825
