0 0.19574809466506218 0.7144796380090498 0.0377055756117128 0.047058823529411764
0 0.2503008423586041 0.8475113122171946 0.036903329322101885 0.03800904977375565
3 0.23124749298034497 0.8300904977375566 0.02045728038507822 0.0167420814479638
3 0.2703569995988769 0.8592760180995475 0.0152426795026073 0.017194570135746608
3 0.6267549137585239 0.9355203619909502 0.011632571199358203 0.010407239819004524
3 0.764340152426795 0.9040723981900453 0.03569995988768552 0.024434389140271493
3 0.683313277176093 0.9361990950226244 0.02045728038507822 0.017194570135746608
0 0.6588447653429603 0.9386877828054299 0.030886482150020055 0.041176470588235294
0 0.6676694745286803 0.888235294117647 0.03730445246690734 0.0334841628959276
0 0.5342960288808665 0.9893665158371041 0.041716807059767345 0.020361990950226245
0 0.41776975531488164 0.9900452488687783 0.04612916165262736 0.019004524886877826
