0 0.48990071893187265 0.13535108958837772 0.026018486819582336 0.025665859564164648
0 0.49452242382745637 0.19491525423728814 0.03046901745977405 0.04406779661016949
0 0.5190003423485108 0.15641646489104116 0.03971242725094146 0.043583535108958835
0 0.5390277302293734 0.12372881355932204 0.03389250256761383 0.04891041162227603
0 0.561280383430332 0.13462469733656174 0.02909962341663814 0.041646489104116224
0 0.5421088668264293 0.17772397094430992 0.023622047244094488 0.03389830508474576
0 0.5696679219445395 0.1566585956416465 0.02875727490585416 0.04794188861985472
0 0.5302978432043821 0.21598062953995156 0.034234851078397806 0.048426150121065374
0 0.5508387538514208 0.19878934624697336 0.028072577884286205 0.03438256658595642
0 0.5919205751454981 0.16707021791767554 0.019171516603902775 0.04455205811138015
0 0.6205066757959603 0.16537530266343825 0.033207805546045875 0.054721549636803875
0 0.6492639507018144 0.14769975786924938 0.043478260869565216 0.05714285714285714
0 0.5809654228004109 0.21138014527845037 0.04519000342348511 0.03922518159806295
0 0.547586442998973 0.2486682808716707 0.01266689489900719 0.01694915254237288
0 0.5677850051352277 0.24987893462469735 0.027730229373502224 0.041646489104116224
0 0.5980828483396097 0.2397094430992736 0.034234851078397806 0.05520581113801453
0 0.6674084217733652 0.20484261501210654 0.04416295789113318 0.04648910411622276
0 0.6925710373159877 0.24382566585956417 0.028072577884286205 0.04697336561743341
0 0.46953098254022596 0.30653753026634384 0.01951386511468675 0.031961259079903145
0 0.4756932557343376 0.33995157384987895 0.02909962341663814 0.0387409200968523
0 0.5583704210886683 0.2883777239709443 0.030811365970558027 0.05084745762711865
0 0.5898664840807942 0.29322033898305083 0.0328654570352619 0.024697336561743343
0 0.5455323519342691 0.3394673123486683 0.01951386511468675 0.043583535108958835
0 0.6213625470729203 0.3077481840193705 0.024649092776446422 0.045036319612590796
0 0.4922971585073605 0.41743341404358353 0.0328654570352619 0.053268765133171914
0 0.5133515919205751 0.4515738498789346 0.03389250256761383 0.04600484261501211
0 0.5866141732283464 0.3493946731234867 0.03663129065388566 0.07409200968523003
0 0.5571722013009244 0.42300242130750604 0.02704553235193427 0.035351089588377724
0 0.5441629578911332 0.5176755447941889 0.03183841150290996 0.04648910411622276
0 0.5773707634371791 0.47046004842615013 0.038000684697021565 0.03922518159806295
0 0.6040739472783293 0.5242130750605327 0.04895583704210887 0.06731234866828087
0 0.5984251968503937 0.4205811138014528 0.028072577884286205 0.04406779661016949
0 0.6110920917494009 0.45084745762711864 0.02670318384115029 0.031961259079903145
0 0.6300924340979117 0.43656174334140435 0.033207805546045875 0.04697336561743341
0 0.6172543649435125 0.400726392251816 0.01437863745292708 0.021791767554479417
0 0.6263266004792879 0.3731234866828087 0.011297500855871277 0.019854721549636804
0 0.6543991783635741 0.4142857142857143 0.03046901745977405 0.042130750605326873
0 0.6631290653885655 0.36343825665859564 0.04792879150975693 0.061501210653753025
0 0.6968503937007874 0.34600484261501213 0.038685381718589526 0.04697336561743341
0 0.7158507360492982 0.32832929782082326 0.03971242725094146 0.04455205811138015
0 0.702327969873331 0.40217917675544795 0.029784320438206092 0.04406779661016949
0 0.6903457719958919 0.44842615012106535 0.023622047244094488 0.03583535108958838
0 0.6588497090037658 0.47627118644067795 0.024306744265662445 0.022760290556900726
0 0.8057172201300924 0.20653753026634383 0.038685381718589526 0.049878934624697335
0 0.9171516603902773 0.12905569007263923 0.019171516603902775 0.038256658595641646
0 0.9346114344402602 0.26416464891041164 0.03765833618623759 0.05084745762711865
0 0.9637110578568984 0.2549636803874092 0.028072577884286205 0.043099273607748186
0 0.7802122560766861 0.34019370460048426 0.036973639164669635 0.042130750605326873
0 0.8257446080109552 0.32639225181598064 0.042451215337213286 0.05811138014527845
0 0.8851420746319754 0.338498789346247 0.02909962341663814 0.0648910411622276
0 0.858952413557001 0.3891041162227603 0.04587470044505306 0.0692493946731235
0 0.7773022937350222 0.4150121065375303 0.04142416980486135 0.04648910411622276
0 0.7488873673399521 0.4539951573849879 0.02156795617939062 0.027602905569007265
0 0.7721670660732626 0.49830508474576274 0.0359465936323177 0.05423728813559322
0 0.7090037658336186 0.5416464891041162 0.03218076001369394 0.059564164648910414
0 0.6749400890106128 0.5656174334140436 0.03252310852447792 0.048426150121065374
0 0.6639849366655255 0.6053268765133172 0.026360835330366313 0.04648910411622276
0 0.6136597055802807 0.6375302663438257 0.03389250256761383 0.04891041162227603
0 0.5910647038685382 0.6593220338983051 0.020883259157822662 0.02857142857142857
0 0.6194796302636083 0.712590799031477 0.04279356384799726 0.0692493946731235
0 0.6687778158165012 0.6491525423728813 0.02704553235193427 0.04600484261501211
0 0.6752824375213968 0.6963680387409201 0.027730229373502224 0.04455205811138015
0 0.048099965765148925 0.8232445520581114 0.046901745977405 0.043583535108958835
0 0.7259500171174256 0.4215496368038741 0.03046901745977405 0.05181598062953995
4 0.05751454981170832 0.8184019370460048 0.015063334474495036 0.022276029055690073
