0 0.0942299709422997 0.45989304812834225 0.029887920298879204 0.037919299951385516
4 0.28040680780406807 0.36315021876519205 0.012038190120381901 0.01750121536217793
4 0.28040680780406807 0.44895478852698106 0.012038190120381901 0.01798736023334954
0 0.22478206724782068 0.46159455517744286 0.0361145703611457 0.056878949927078266
0 0.24574512245745123 0.5388915896937287 0.019095060190950603 0.034516285853184246
0 0.3609381486093815 0.4197860962566845 0.0352843503528435 0.029654837141468156
0 0.329804898298049 0.5182304326689353 0.0352843503528435 0.03889158969372873
0 0.3858447488584475 0.5466699076324745 0.0352843503528435 0.036460865337870685
0 0.36612702366127026 0.5962566844919787 0.029887920298879204 0.04326689353427322
0 0.3231631382316314 0.6429265921244531 0.0327936903279369 0.04715605250364609
0 0.354711498547115 0.6762275157997083 0.030303030303030304 0.03208556149732621
0 0.3729763387297634 0.7216820612542537 0.012868410128684102 0.016042780748663103
0 0.43628061436280613 0.2287311618862421 0.034039020340390205 0.040350024307243555
0 0.4703196347031963 0.2868254739912494 0.0315483603154836 0.03986387943607195
0 0.5367372353673724 0.16018473505104522 0.034039020340390205 0.036460865337870685
0 0.5718140307181403 0.07583859990277103 0.030303030303030304 0.03597472046669908
0 0.5722291407222914 0.27418570734078757 0.026982150269821502 0.018473505104521146
0 0.6434205064342051 0.29581915410792414 0.0273972602739726 0.023821098687408847
9 0.6585720215857203 0.22581429265921243 0.0684931506849315 0.06271268838113758
0 0.7314238273142383 0.2608167233835683 0.033208800332088007 0.04521147301895965
0 0.8078040680780407 0.412980068060282 0.049813200498132 0.05590666018473505
0 0.8970527189705272 0.37554691298006804 0.039020340390203405 0.04423918327661643
4 0.8503528435035285 0.4674282936315022 0.0178497301784973 0.020904229460379193
4 0.9186384391863844 0.40641711229946526 0.019925280199252802 0.02333495381623724
4 0.9352428393524284 0.8913466212931453 0.012453300124533 0.015070491006319884
4 0.12640099626400997 0.9236752552260573 0.014528850145288501 0.01652892561983471
4 0.1793275217932752 0.9713174526008751 0.013283520132835201 0.01652892561983471
0 0.429431299294313 0.17744287797763733 0.0294728102947281 0.02916869227029655
0 0.37961809879618097 0.6852211959163831 0.0062266500622665 0.010209042294603793
0 0.37608966376089664 0.7012639766650461 0.007471980074719801 0.01118133203694701
