0 0.18777292576419213 0.039057841383422776 0.02994385527136619 0.032796660703637445
0 0.17623206487835308 0.07871198568872988 0.03056768558951965 0.033392963625521764
0 0.20617592014971928 0.22540250447227192 0.041796631316281974 0.0381633870005963
0 0.2314410480349345 0.30709600477042337 0.041172800998128506 0.033392963625521764
0 0.3334373050530256 0.29994036970781157 0.028072364316905803 0.0381633870005963
0 0.46756082345601996 0.015503875968992248 0.061759201497192766 0.028622540250447227
0 0.47161572052401746 0.04382826475849732 0.03867747972551466 0.029218843172331546
0 0.4759825327510917 0.07722122838401908 0.048658764815970056 0.035181872391174714
0 0.43730505302557704 0.09838998211091235 0.022457891453524642 0.01908169350029815
0 0.4672489082969432 0.11031604054859868 0.043668122270742356 0.03935599284436494
0 0.4631940112289457 0.14818127608825282 0.040548970679975045 0.0518783542039356
0 0.5059263880224579 0.11508646392367322 0.031191515907673113 0.04293381037567084
0 0.5480349344978166 0.12075134168157424 0.041796631316281974 0.03637447823494335
0 0.5127885215221459 0.16070363744782348 0.032439176543980035 0.05307096004770424
0 0.5321272613849033 0.1750149075730471 0.034934497816593885 0.06618962432915922
0 0.558016219588272 0.15533691115086465 0.014348097317529632 0.016100178890876567
0 0.4622582657517155 0.22540250447227192 0.05988771054273238 0.05366726296958855
0 0.39394884591391144 0.4892665474060823 0.044291952588895823 0.03398926654740608
0 0.4295071740486588 0.47048300536672627 0.044291952588895823 0.04054859868813357
0 0.2595134123518403 0.8634466308884914 0.034934497816593885 0.03697078115682767
0 0.2648159700561447 0.9016100178890877 0.045539613225202745 0.03935599284436494
0 0.330630068621335 0.7355396541443053 0.042420461634435434 0.05068574836016696
0 0.3094198378041173 0.868515205724508 0.037429819089207735 0.0518783542039356
3 0.3006862133499688 0.8813357185450209 0.016219588271990017 0.020274299344066785
0 0.5954460386774797 0.9236732259988074 0.018091079226450407 0.02146690518783542
4 0.6001247660636307 0.9475253428741801 0.016219588271990017 0.015503875968992248
0 0.5761072988147224 0.813953488372093 0.046787273861509666 0.0345855694692904
0 0.5586400499064255 0.7191413237924866 0.045539613225202745 0.04770423375074538
0 0.6381784154709919 0.7543231961836613 0.03618215845290081 0.05247465712581992
0 0.5982532751091703 0.6308884913536076 0.03618215845290081 0.044126416219439475
9 0.5611353711790393 0.560226595110316 0.05801621958827199 0.031604054859868815
0 0.6253898939488459 0.584675014907573 0.035558328134747345 0.03637447823494335
0 0.6453524641297567 0.6144901610017889 0.028072364316905803 0.03756708407871199
0 0.680910792264504 0.6577221228384019 0.038053649407361195 0.04174120453190221
0 0.7339363693075484 0.6255217650566488 0.036805988771054274 0.04174120453190221
0 0.7791640673736744 0.6356589147286822 0.023705552089831567 0.02981514609421586
0 0.6980661260137243 0.5506857483601669 0.051154086088583905 0.042337507453786526
3 0.7286338116032439 0.5813953488372093 0.03368683718028696 0.02146690518783542
0 0.8031815346225827 0.015802027429934407 0.040548970679975045 0.02802623732856291
0 0.8006862133499688 0.05575432319618366 0.036805988771054274 0.02802623732856291
0 0.7960074859638179 0.0900417412045319 0.041172800998128506 0.025044722719141325
0 0.7286338116032439 0.09809183064997018 0.02744853399875234 0.03756708407871199
0 0.7791640673736744 0.16845557543231962 0.028696194635059263 0.01967799642218247
0 0.8253275109170306 0.18604651162790697 0.042420461634435434 0.03220035778175313
0 0.7345601996257018 0.20661896243291591 0.0330630068621335 0.032796660703637445
0 0.7866500311915159 0.21675611210494933 0.048658764815970056 0.0518783542039356
0 0.8250155957579538 0.22033392963625523 0.026824703680598878 0.024448419797257006
0 0.8493449781659389 0.22391174716756113 0.024329382407985028 0.03398926654740608
0 0.8730505302557704 0.2513416815742397 0.029320024953212728 0.03995229576624926
0 0.9672489082969432 0.24686940966010734 0.01933873986275733 0.0345855694692904
0 0.9282595134123518 0.2927847346451998 0.03618215845290081 0.04054859868813357
0 0.8873986275733 0.3285629099582588 0.038053649407361195 0.03220035778175313
0 0.8256394260761073 0.28831246273106736 0.03056768558951965 0.03995229576624926
0 0.7476606363069245 0.2558139534883721 0.023081721771678103 0.031007751937984496
0 0.7127261384903306 0.2796660703637448 0.0330630068621335 0.04531902206320811
0 0.6721771678103556 0.32528324388789503 0.024329382407985028 0.031604054859868815
0 0.6990018714909545 0.3387000596302922 0.021834061135371178 0.02981514609421586
0 0.735495945102932 0.3375074537865236 0.02994385527136619 0.04054859868813357
0 0.6406737367436057 0.4317233154442457 0.039925140361821584 0.03220035778175313
0 0.6756082345601996 0.44156231365533694 0.024953212726138492 0.026833631484794274
0 0.7448533998752339 0.4016100178890877 0.039925140361821584 0.022063208109719738
0 0.743605739238927 0.456768038163387 0.041172800998128506 0.02981514609421586
0 0.7857142857142857 0.5008944543828264 0.059263880224578916 0.04054859868813357
0 0.8496568933250156 0.4108527131782946 0.02744853399875234 0.020274299344066785
0 0.8727386150966937 0.44573643410852715 0.044915782907049284 0.045915324985092425
0 0.8983156581409857 0.5447227191413238 0.047411104179663134 0.03756708407871199
0 0.8440424204616345 0.5709600477042337 0.03368683718028696 0.03875968992248062
3 0.14784778540237056 0.41264162194394755 0.019962570180910792 0.017889087656529516
3 0.9351216469120399 0.07901013714967203 0.023705552089831567 0.01490757304710793
1 0.885215221459763 0.09391771019677997 0.011228945726762321 0.042337507453786526
0 0.9095446038677479 0.4904591532498509 0.05240174672489083 0.0518783542039356
0 0.9463505926388023 0.5298151460942159 0.053649407361197755 0.045915324985092425
