0 0.47130902570233113 0.2772390188248717 0.028093245666467422 0.01825442099258414
0 0.5585774058577406 0.27438676554478036 0.049611476389719064 0.03308613804905876
0 0.5911536162582187 0.28636622932116373 0.023909145248057383 0.02966343411294923
0 0.44381350866706515 0.32287507130633203 0.055588762701733414 0.05476326297775243
0 0.5032875074716079 0.34227039361095263 0.05738194859533772 0.05476326297775243
0 0.5514046622833234 0.32487164860239587 0.06276150627615062 0.04962920707358814
0 0.5065750149432158 0.40730176839703364 0.04004781829049611 0.03308613804905876
0 0.5579796772265392 0.4883057615516258 0.05080693365212194 0.05362236166571591
0 0.5714285714285714 0.5299486594409584 0.04184100418410042 0.027381631488876214
0 0.3514644351464435 0.7296063890473474 0.032277346084877465 0.02167712492869367
0 0.3747758517632995 0.7698231602966343 0.04064554692169755 0.05305191100969766
0 0.33263598326359833 0.7818026240730177 0.01852958756724447 0.01654306902452938
0 0.33950986252241483 0.809469480889903 0.02510460251046025 0.02966343411294923
0 0.5032875074716079 0.7116371933827724 0.02749551703526599 0.02452937820878494
0 0.46353855349671247 0.7683970336565887 0.0328750747160789 0.027381631488876214
3 0.4985056784219964 0.7569880205362236 0.03705917513448894 0.05476326297775243
