4 0.019800076893502497 0.16879530548843633 0.01653210303729335 0.014497756299620296
4 0.09073433294886582 0.23696927856403174 0.009996155324875048 0.00862961684501208
4 0.1972318339100346 0.3374180186399724 0.00922722029988466 0.007939247497411116
4 0.37120338331410996 0.42802899551259926 0.008842752787389465 0.008974801518812565
4 0.42483660130718953 0.5331377286848464 0.00922722029988466 0.007939247497411116
4 0.5213379469434832 0.5916465308940283 0.009996155324875048 0.008974801518812565
5 0.5403690888119954 0.613565757680359 0.006535947712418301 0.006558508802209182
4 0.6072664359861591 0.6380738695201933 0.009611687812379853 0.00862961684501208
4 0.7051134179161861 0.7426648256817397 0.00922722029988466 0.00862961684501208
4 0.8379469434832757 0.752847773558854 0.015763168012302962 0.015188125647221263
4 0.8798539023452518 0.891439420089748 0.008842752787389465 0.00862961684501208
4 0.8938869665513264 0.9853296513634795 0.016147635524798153 0.013462202278218847
5 0.0394079200307574 0.7323092854677252 0.009611687812379853 0.005868139454608215
5 0.16666666666666666 0.7019330341732827 0.009611687812379853 0.0051777701070072485
5 0.2831603229527105 0.675008629616845 0.009611687812379853 0.0051777701070072485
5 0.4017685505574779 0.6470486710390059 0.006920415224913495 0.005868139454608215
5 0.6791618608227604 0.5812909906800138 0.008842752787389465 0.0069036934760096655
5 0.9430988081507112 0.5115636865723162 0.013071895424836602 0.008974801518812565
