0 0.42857142857142855 0.03839913466738778 0.05205320994794679 0.038939967550027044
0 0.3866396761133603 0.14467279610600325 0.03759398496240601 0.04164413196322336
0 0.451417004048583 0.13899405083829097 0.05147484094852516 0.03677663601946998
0 0.4973973395026027 0.18685776095186588 0.04048582995951417 0.060032449972958354
0 0.4253903990746096 0.23039480800432666 0.044534412955465584 0.04434829637641969
3 0.4343551185656449 0.22201189832341806 0.015037593984962405 0.017847485127095726
3 0.3632157316367843 0.24878312601406166 0.019664545980335454 0.017306652244456464
3 0.3556969346443031 0.3196322336398053 0.01735106998264893 0.016224986479177934
3 0.4517061885482938 0.3869659275283937 0.025448235974551765 0.017847485127095726
0 0.44794679005205323 0.29745808545159547 0.022556390977443608 0.019469983775013522
0 0.4291497975708502 0.3185505678745268 0.026604973973395025 0.04434829637641969
0 0.4190283400809717 0.34910762574364523 0.0167727009832273 0.022174148188209845
0 0.3976286871023713 0.3718226068144943 0.02834008097165992 0.04488912925905895
0 0.41729323308270677 0.4186046511627907 0.031810294968189705 0.046511627906976744
0 0.4725274725274725 0.5013520822065982 0.031231925968768073 0.04002163331530557
0 0.4352226720647773 0.5194699837750135 0.030653556969346442 0.043807463493780424
0 0.4566223250433777 0.547052460789616 0.049161364950838636 0.024337479718766902
0 0.42278773857721225 0.7295835586803677 0.048582995951417005 0.04434829637641969
0 0.3938692886061307 0.7909680908599243 0.05089647194910353 0.04705246078961601
0 0.3172353961827646 0.8899405083829097 0.04337767495662233 0.042725797728501894
0 0.5367264314632736 0.7414818820984316 0.031231925968768073 0.0335316387236344
0 0.5506072874493927 0.6268253109789075 0.045112781954887216 0.0335316387236344
0 0.6266628108733372 0.588967009194159 0.021399652978600348 0.014061654948620876
0 0.7556390977443609 0.5530016224986479 0.024869866975130134 0.030827474310438075
