3 0.07709711103376261 0.22708894878706198 0.016359206404455272 0.0220125786163522
3 0.0652627915071354 0.30615453728661274 0.015663069961712496 0.01752021563342318
0 0.0558649495301079 0.7403414195867026 0.021232161503654718 0.030548068283917342
0 0.016011138183083886 0.7702156334231806 0.022276366167768884 0.029200359389038633
3 0.05395057431256526 0.7929020664869721 0.022276366167768884 0.026954177897574125
0 0.11016359206404455 0.7491015274034142 0.026801253045596937 0.025606469002695417
0 0.08632091890010442 0.786837376460018 0.020884093282283328 0.0220125786163522
0 0.028019491820396796 0.8340071877807727 0.017055342847198052 0.02021563342318059
0 0.09484859032370345 0.8169362084456424 0.019143752175426385 0.023809523809523808
3 0.15924121127741037 0.7439353099730458 0.016359206404455272 0.018867924528301886
0 0.17159763313609466 0.8286163522012578 0.04385659589279499 0.032794249775381853
3 0.2387747998607727 0.8050314465408805 0.016707274625826662 0.020664869721473494
3 0.2803689523146537 0.9171159029649596 0.010093978419770276 0.01302785265049416
1 0.30020884093282285 0.9519317160826595 0.00870170553428472 0.018867924528301886
8 0.38652975983292726 0.1412848158131177 0.028193525931082493 0.05435759209344115
8 0.5254089801601114 0.21226415094339623 0.05534284719805082 0.06334231805929919
8 0.3628611207796728 0.34052111410601976 0.026801253045596937 0.0431266846361186
3 0.3466759484859032 0.33423180592991913 0.010442046641141664 0.013477088948787063
8 0.48364079359554474 0.4784366576819407 0.03863557257222416 0.07187780772686433
8 0.47058823529411764 0.5799640610961365 0.05429864253393665 0.07637017070979335
1 0.45666550643926207 0.6001796945193172 0.009745910198398886 0.009883198562443846
8 0.633832231117299 0.5707547169811321 0.03550295857988166 0.06154537286612758
8 0.6719457013574661 0.655884995507637 0.059519665854507485 0.09074573225516622
3 0.6693351896971806 0.6388140161725068 0.011138183083884442 0.016172506738544475
8 0.7111033762617474 0.7475292003593891 0.06474068917507832 0.06828391734052111
8 0.7702749738948834 0.8279424977538186 0.07866341802993387 0.11410601976639713
8 0.5527323355377654 0.06199460916442048 0.07309432648799165 0.10512129380053908
3 0.581447963800905 0.11343216531895778 0.010093978419770276 0.01302785265049416
8 0.6127741037243299 0.16307277628032346 0.06787330316742081 0.10512129380053908
3 0.5882352941176471 0.1486972147349506 0.01461886529759833 0.020664869721473494
1 0.6148625130525583 0.18980233602875113 0.014966933518969718 0.022911051212938006
3 0.6364427427775844 0.21990116801437556 0.014966933518969718 0.01752021563342318
8 0.6703793943612948 0.2661725067385445 0.06613296206056388 0.10736747529200359
1 0.6834319526627219 0.31244384546271337 0.010790114862513052 0.016621743036837375
3 0.7044900800556909 0.3160377358490566 0.01461886529759833 0.02021563342318059
8 0.727810650887574 0.37264150943396224 0.06334841628959276 0.1082659478885894
1 0.7290288896623738 0.40161725067385445 0.01427079707622694 0.022461814914645103
3 0.7506091193873999 0.4301437556154537 0.020536025060911938 0.022911051212938006
8 0.8050817960320222 0.532345013477089 0.10650887573964497 0.21114106019766396
3 0.7676644622345979 0.49281221922731355 0.017055342847198052 0.02336028751123091
3 0.8036895231465367 0.5725516621743036 0.01461886529759833 0.018418688230008983
3 0.8454577097111033 0.6426325247079964 0.016011138183083886 0.015723270440251572
8 0.8673860076575008 0.6727313566936208 0.041768186564566656 0.06873315363881402
3 0.8545074834667595 0.6761006289308176 0.009745910198398886 0.011680143755615454
3 0.8793943612948137 0.7113656783468104 0.01427079707622694 0.016621743036837375
8 0.9309084580577793 0.8324348607367476 0.13818308388444134 0.24258760107816713
