3 0.1652569941444372 0.5375510204081633 0.007807417046193884 0.013877551020408163
3 0.25731945348080676 0.3914285714285714 0.0071567989590110605 0.015510204081632653
3 0.32270657124268054 0.4828571428571429 0.006506180871828237 0.013877551020408163
5 0.6463890696161353 0.30775510204081635 0.07872478854912167 0.04897959183673469
5 0.5185426154847105 0.3514285714285714 0.07677293428757319 0.054693877551020405
5 0.41704619388418995 0.38612244897959186 0.0741704619388419 0.052244897959183675
5 0.562459336369551 0.5134693877551021 0.09694209499024073 0.07673469387755102
5 0.34970722186076775 0.42244897959183675 0.05009759271307743 0.03183673469387755
5 0.4817826935588809 0.6514285714285715 0.06701366297983084 0.03918367346938775
5 0.3932986337020169 0.6575510204081633 0.06961613532856213 0.04979591836734694
5 0.3288874430709174 0.6571428571428571 0.06441119063109954 0.044081632653061226
