0 0.07973733583489681 0.1403907314856883 0.0401500938086304 0.05088596092685143
0 0.05909943714821764 0.2142208087233076 0.030393996247654785 0.03771013175829169
0 0.05272045028142589 0.2846433439345752 0.031144465290806753 0.03225806451612903
0 0.1401500938086304 0.2521581099500227 0.031144465290806753 0.026351658337119492
0 0.15797373358348968 0.27760109041344844 0.02026266416510319 0.02453430258973194
0 0.11463414634146342 0.31803725579282144 0.030393996247654785 0.028169014084507043
0 0.09662288930581614 0.35188550658791456 0.03189493433395872 0.02862335302135393
0 0.18686679174484053 0.3314402544298046 0.03302063789868668 0.049522944116310766
0 0.13095684803001875 0.3793730122671513 0.02101313320825516 0.03543843707405725
0 0.17692307692307693 0.4000454338936847 0.019136960600375234 0.03589277601090413
0 0.10825515947467167 0.44366197183098594 0.029643527204502813 0.03225806451612903
0 0.15065666041275796 0.5054520672421626 0.03564727954971857 0.04134484325306679
0 0.075046904315197 0.5502044525215811 0.01876172607879925 0.04270786006360745
0 0.03264540337711069 0.6108587005906406 0.03227016885553471 0.04407087687414812
0 0.10412757973733583 0.564970467969105 0.020637898686679174 0.05134029986369832
0 0.08911819887429644 0.6365288505224898 0.023639774859287054 0.019990913221263062
0 0.08649155722326454 0.660154475238528 0.025891181988742965 0.03634711494775102
0 0.07673545966228892 0.6942298955020445 0.027392120075046905 0.039981826442526125
0 0.07692307692307693 0.7360290776919582 0.0225140712945591 0.0372557928214448
0 0.13395872420262664 0.6785552021808269 0.02176360225140713 0.03044070876874148
0 0.11294559099437149 0.720581553839164 0.02176360225140713 0.0372557928214448
0 0.21932457786116322 0.6231258518855066 0.016135084427767354 0.024988641526578828
0 0.21669793621013134 0.6562925942753294 0.026641651031894933 0.03771013175829169
0 0.20637898686679174 0.7080872330758746 0.02776735459662289 0.040436165379373015
0 0.18874296435272045 0.756928668786915 0.02026266416510319 0.03271240345297592
0 0.22664165103189493 0.7594275329395729 0.02626641651031895 0.021353930031803726
0 0.2350844277673546 0.8028169014084507 0.024390243902439025 0.03907314856883235
0 0.2322701688555347 0.8539300318037256 0.02476547842401501 0.05497501135847342
0 0.22063789868667918 0.8998182644252612 0.02176360225140713 0.03589277601090413
6 0.6810506566604128 0.03861880963198546 0.02026266416510319 0.02453430258973194
0 0.7979362101313321 0.6138119036801454 0.005628517823639775 0.00817810086324398
0 0.8553470919324578 0.6353930031803725 0.007129455909943715 0.009541117673784643
0 0.7594746716697937 0.6987732848705134 0.02926829268292683 0.033621081326669695
0 0.7429643527204502 0.7653339391185825 0.0225140712945591 0.03134938664243526
0 0.7643527204502815 0.7312585188550659 0.00975609756097561 0.02862335302135393
0 0.7641651031894935 0.7564743298500681 0.014634146341463415 0.017264879600181735
0 0.7615384615384615 0.7882780554293503 0.013883677298311446 0.01635620172648796
0 0.7887429643527204 0.704679691049523 0.02176360225140713 0.03543843707405725
0 0.7870544090056285 0.7539754656974103 0.026641651031894933 0.034075420263516586
0 0.8358348968105066 0.686278964107224 0.028893058161350845 0.02407996365288505
0 0.8322701688555347 0.7128577919127669 0.01651031894934334 0.029986369831894594
0 0.825891181988743 0.7560199909132213 0.01801125703564728 0.03452975920036347
0 0.8305816135084427 0.7962289868241709 0.028893058161350845 0.029532030895047707
0 0.8621013133208255 0.8471149477510223 0.019887429643527205 0.024988641526578828
0 0.8602251407129456 0.7151294865970014 0.018386491557223265 0.04906860517946388
0 0.8881801125703565 0.7351203998182644 0.02101313320825516 0.039981826442526125
0 0.9234521575984991 0.7498864152657883 0.02401500938086304 0.024988641526578828
0 0.9416510318949344 0.7771467514766015 0.030393996247654785 0.02862335302135393
0 0.13602251407129456 0.2919127669241254 0.03189493433395872 0.03771013175829169
0 0.07804878048780488 0.2335302135393003 0.03151969981238274 0.033621081326669695
0 0.09380863039399624 0.28123580190822356 0.03377110694183865 0.03634711494775102
