4 0.7541082164328657 0.8288702928870293 0.014829659318637275 0.016736401673640166
0 0.14228456913827656 0.554602510460251 0.02965931863727455 0.03305439330543933
0 0.1623246492985972 0.5715481171548117 0.036072144288577156 0.031799163179916316
0 0.15390781563126252 0.5156903765690377 0.021643286573146292 0.027196652719665274
0 0.20721442885771543 0.5581589958158996 0.04809619238476954 0.0301255230125523
0 0.2973947895791583 0.5387029288702929 0.023246492985971944 0.043933054393305436
0 0.2829659318637275 0.5104602510460251 0.028056112224448898 0.016736401673640166
0 0.4753507014028056 0.6108786610878661 0.04168336673346693 0.042677824267782424
0 0.4288577154308617 0.5711297071129707 0.020841683366733466 0.03430962343096234
0 0.5354709418837675 0.5606694560669456 0.027254509018036072 0.049372384937238493
0 0.5104208416833668 0.5443514644351465 0.03006012024048096 0.03682008368200837
0 0.46452905811623246 0.5043933054393306 0.028056112224448898 0.03891213389121339
0 0.5068136272545091 0.5108786610878661 0.029258517034068135 0.032635983263598324
0 0.5360721442885772 0.500836820083682 0.026052104208416832 0.04351464435146443
0 0.6246492985971944 0.5382845188284519 0.026853707414829658 0.0397489539748954
0 0.5787575150300601 0.5175732217573221 0.02565130260521042 0.03933054393305439
0 0.580561122244489 0.4665271966527197 0.04208416833667335 0.049372384937238493
0 0.5140280561122245 0.40251046025104603 0.03567134268537074 0.049372384937238493
0 0.543687374749499 0.3523012552301255 0.02845691382765531 0.032635983263598324
0 0.6206412825651303 0.1705020920502092 0.014829659318637275 0.030543933054393305
