0 0.13438735177865613 0.5853788687299893 0.046442687747035576 0.03735325506937033
0 0.20281620553359683 0.6910352187833512 0.0400197628458498 0.0288153681963714
0 0.40439723320158105 0.8130558520099609 0.04693675889328063 0.020988971896122376
0 0.5521245059288538 0.8162575595873355 0.04199604743083004 0.025257915332621842
0 0.5222332015810277 0.7822838847385272 0.007905138339920948 0.007114905727499111
3 0.17440711462450592 0.6773390252579153 0.016798418972332016 0.011383849163998577
3 0.22653162055335968 0.7041977943792245 0.019268774703557312 0.015297047314123088
3 0.4330533596837945 0.8230167200284596 0.019268774703557312 0.01814300960512273
0 0.6054841897233202 0.856634649590893 0.04397233201581028 0.021344717182497332
0 0.7129446640316206 0.771789398790466 0.039525691699604744 0.033084311632870865
3 0.670207509881423 0.7668089647812166 0.01432806324110672 0.006759160441124155
3 0.7423418972332015 0.7696549270722163 0.024209486166007904 0.013162575595873355
3 0.8421442687747036 0.743507648523657 0.04496047430830039 0.0192102454642476
0 0.7223320158102767 0.7324795446460335 0.04841897233201581 0.02703664176449662
