0 0.11827956989247312 0.7351752021563343 0.04898446833930705 0.057951482479784364
0 0.056152927120669056 0.6859838274932615 0.019115890083632018 0.013477088948787063
0 0.516726403823178 0.9548517520215634 0.005973715651135006 0.0215633423180593
0 0.525089605734767 0.9659703504043127 0.007168458781362007 0.018194070080862535
0 0.46863799283154123 0.7159703504043127 0.06033452807646356 0.05727762803234501
0 0.48566308243727596 0.6725067385444744 0.037037037037037035 0.04582210242587601
0 0.5701911589008363 0.6775606469002695 0.02927120669056153 0.028975741239892182
0 0.5800477897252091 0.6293800539083558 0.027479091995221028 0.02021563342318059
0 0.48416965352449226 0.6266846361185984 0.04360812425328554 0.05525606469002695
3 0.4405615292712067 0.6778975741239892 0.02927120669056153 0.022911051212938006
0 0.5961768219832736 0.5785040431266847 0.03106332138590203 0.04784366576819407
0 0.6523297491039427 0.5185309973045822 0.04181600955794504 0.04919137466307277
3 0.6789127837514934 0.4868598382749326 0.017323775388291517 0.03032345013477089
0 0.5516726403823178 0.47068733153638814 0.034050179211469536 0.05323450134770889
0 0.5400238948626045 0.4919137466307278 0.016726403823178016 0.013477088948787063
0 0.5761648745519713 0.42082210242587603 0.061529271206690564 0.06401617250673855
5 0.4495221027479092 0.9076819407008087 0.005376344086021506 0.012129380053908356
0 0.548984468339307 0.28234501347708896 0.054958183990442055 0.057951482479784364
0 0.5540621266427718 0.23079514824797845 0.028076463560334528 0.027628032345013476
5 0.12813620071684587 0.1526280323450135 0.016129032258064516 0.011455525606469003
5 0.510752688172043 0.8355795148247979 0.008363201911589008 0.01078167115902965
5 0.5412186379928315 0.7078840970350404 0.008363201911589008 0.010107816711590296
5 0.14755077658303464 0.8025606469002695 0.010752688172043012 0.01078167115902965
5 0.21804062126642773 0.16711590296495957 0.011947431302270013 0.013477088948787063
