0 0.6210456942003515 0.8871391076115486 0.03998242530755712 0.04409448818897638
0 0.4505711775043937 0.7929133858267716 0.02680140597539543 0.024671916010498687
0 0.577768014059754 0.6238845144356956 0.06942003514938488 0.05826771653543307
0 0.5351493848857645 0.6711286089238845 0.029876977152899824 0.04566929133858268
0 0.6061072056239016 0.6677165354330709 0.01625659050966608 0.01679790026246719
0 0.4367311072056239 0.7076115485564305 0.0421792618629174 0.050393700787401574
0 0.4365114235500879 0.673490813648294 0.021528998242530756 0.02204724409448819
0 0.4773725834797891 0.6217847769028871 0.01977152899824253 0.026771653543307086
0 0.5105448154657294 0.6338582677165354 0.021968365553602813 0.02257217847769029
0 0.5283391915641477 0.6343832020997375 0.01625659050966608 0.01732283464566929
0 0.3365553602811951 0.694488188976378 0.0421792618629174 0.048293963254593175
0 0.30799648506151145 0.6719160104986877 0.023725834797891036 0.03254593175853018
0 0.3631370826010545 0.658267716535433 0.04261862917398945 0.047244094488188976
0 0.3728031634446397 0.6194225721784777 0.03734622144112478 0.04094488188976378
0 0.43014059753954303 0.547244094488189 0.03427065026362039 0.04251968503937008
0 0.6030316344463972 0.5616797900262467 0.031195079086115993 0.050393700787401574
0 0.5617311072056239 0.5391076115485565 0.03998242530755712 0.047244094488188976
0 0.5590949033391915 0.5031496062992126 0.02680140597539543 0.03307086614173228
0 0.5382249560632689 0.531758530183727 0.015817223198594025 0.015748031496062992
5 0.734402460456942 0.8905511811023622 0.0048330404217926184 0.0068241469816272965
5 0.7464850615114236 0.7918635170603675 0.006151142355008787 0.0068241469816272965
5 0.7649384885764499 0.6551181102362205 0.005272407732864675 0.006299212598425197
5 0.8293057996485061 0.6611548556430447 0.006590509666080844 0.005774278215223097
5 0.9116871704745168 0.4695538057742782 0.004393673110720563 0.004724409448818898
5 0.8099736379613357 0.9330708661417323 0.006590509666080844 0.007874015748031496
