0 0.8328651685393258 0.8742647058823529 0.039727126805778494 0.03308823529411765
0 0.8539325842696629 0.8193014705882353 0.03290529695024077 0.036397058823529414
0 0.809991974317817 0.7994485294117647 0.032504012841091494 0.040808823529411765
0 0.8780096308186196 0.7821691176470589 0.04173354735152488 0.040808823529411765
0 0.8906500802568218 0.7330882352941176 0.0413322632423756 0.06102941176470588
4 0.7237158908507223 0.5847426470588235 0.014847512038523275 0.014338235294117646
0 0.7540128410914928 0.37426470588235294 0.033707865168539325 0.026470588235294117
0 0.7078651685393258 0.40238970588235295 0.03130016051364366 0.01875
0 0.7273274478330658 0.4051470588235294 0.010032102728731942 0.011029411764705883
0 0.6637239165329053 0.3810661764705882 0.0377207062600321 0.03125
0 0.6422552166934189 0.35110294117647056 0.037319422150882825 0.03529411764705882
0 0.653892455858748 0.31470588235294117 0.04695024077046549 0.06102941176470588
5 0.6789727126805778 0.3420955882352941 0.008025682182985553 0.009926470588235294
2 0.7060593900481541 0.35349264705882355 0.01565008025682183 0.008455882352941176
0 0.6898073836276083 0.2613970588235294 0.02969502407704655 0.03235294117647059
0 0.7526083467094703 0.19944852941176472 0.032504012841091494 0.029044117647058824
0 0.7265248796147673 0.1931985294117647 0.026886035313001606 0.02463235294117647
0 0.7744783306581059 0.19117647058823528 0.012038523274478331 0.019852941176470587
0 0.7592295345104334 0.17169117647058824 0.03210272873194221 0.020588235294117647
0 0.7931380417335474 0.17463235294117646 0.03170144462279294 0.020588235294117647
0 0.8216292134831461 0.17720588235294119 0.029293739967897272 0.026470588235294117
0 0.7913322632423756 0.14044117647058824 0.027287319422150885 0.01764705882352941
0 0.7080658105939005 0.1161764705882353 0.014847512038523275 0.01911764705882353
0 0.7213081861958266 0.10514705882352941 0.020465489566613163 0.011029411764705883
0 0.608346709470305 0.1676470588235294 0.028892455858747994 0.030147058823529412
5 0.6522873194221509 0.2011029411764706 0.006019261637239166 0.0058823529411764705
5 0.6544943820224719 0.15992647058823528 0.0040128410914927765 0.004411764705882353
0 0.6125601926163724 0.13033088235294119 0.025280898876404494 0.026838235294117645
0 0.6049357945425361 0.09926470588235294 0.03330658105939005 0.030882352941176472
