0 0.7094252873563218 0.85866780529462 0.03310344827586207 0.033304867634500426
0 0.6781609195402298 0.8439368061485909 0.04689655172413793 0.040563620836891544
5 0.631264367816092 0.6524338172502135 0.030344827586206897 0.030742954739538857
5 0.9009195402298851 0.4888983774551665 0.04827586206896552 0.04696840307429547
0 0.5549425287356322 0.48761742100768574 0.03310344827586207 0.033304867634500426
0 0.612183908045977 0.43360375747224594 0.051954022988505745 0.04568744662681469
3 0.4482758620689655 0.5036293766011956 0.022988505747126436 0.018360375747224593
3 0.4489655172413793 0.48484201537147736 0.033563218390804596 0.02860802732707088
0 0.6257471264367817 0.28245089666951323 0.029425287356321838 0.03031596925704526
0 0.6473563218390804 0.24551665243381726 0.0367816091954023 0.030742954739538857
