0 0.11681974741676235 0.46399706098457016 0.05797933409873708 0.04922850844966936
0 0.23076923076923078 0.4371785451873622 0.02870264064293915 0.029390154298310066
0 0.27525832376578646 0.47538574577516535 0.08668197474167623 0.07935341660543718
0 0.38547646383467277 0.461425422483468 0.05453501722158439 0.08229243203526819
0 0.48163030998851897 0.4224834680382072 0.05625717566016074 0.07788390889052167
0 0.2261768082663605 0.25165319617927995 0.05510907003444317 0.0683321087435709
0 0.5576923076923077 0.6105804555473916 0.05912743972445465 0.0896399706098457
5 0.6512629161882894 0.4456282145481264 0.004018369690011481 0.018368846436443792
0 0.6205510907003444 0.2490815576781778 0.02640642939150402 0.036737692872887584
0 0.6360505166475315 0.2127112417340191 0.05510907003444317 0.0683321087435709
0 0.9055683122847302 0.2795738427626745 0.05912743972445465 0.08302718589272594
5 0.8567738231917337 0.2685525349008082 0.005166475315729047 0.022777369581190303
5 0.8805970149253731 0.25018368846436445 0.004592422502870264 0.01689933872152829
