0 0.27590361445783135 0.4235582154515778 0.03614457831325301 0.046245919477693145
0 0.3168674698795181 0.46681175190424373 0.04738955823293173 0.04352557127312296
0 0.36526104417670685 0.4442328618063112 0.014859437751004016 0.015778019586507073
0 0.3853413654618474 0.4458650707290533 0.02530120481927711 0.04733405875952122
0 0.44538152610441767 0.42899891186071815 0.018473895582329317 0.044069640914037
0 0.457429718875502 0.46055495103373234 0.01606425702811245 0.027747551686615888
0 0.44437751004016063 0.48340587595212187 0.02530120481927711 0.04951033732317737
2 0.47690763052208834 0.5073449401523396 0.012449799196787148 0.017954298150163223
0 0.3921686746987952 0.33623503808487487 0.027710843373493974 0.04026115342763874
0 0.4130522088353414 0.25924918389553864 0.04939759036144578 0.05277475516866159
0 0.47610441767068273 0.3411316648531012 0.030120481927710843 0.04352557127312296
0 0.43795180722891563 0.367247007616975 0.02610441767068273 0.055495103373231776
0 0.4835341365461847 0.3751360174102285 0.024899598393574297 0.02013057671381937
3 0.4672690763052209 0.3778563656147987 0.006827309236947791 0.011425462459194777
3 0.5082329317269076 0.3985310119695321 0.011646586345381526 0.010337323177366704
3 0.521285140562249 0.41893362350380847 0.008835341365461847 0.013057671381936888
3 0.5265060240963856 0.4455930359085963 0.011244979919678716 0.011969532100108813
0 0.5084337349397591 0.43307943416757344 0.027309236947791166 0.042437431991294884
0 0.4815261044176707 0.4251904243743199 0.027309236947791166 0.046245919477693145
0 0.5034136546184739 0.27013057671381935 0.02610441767068273 0.041893362350380846
0 0.5190763052208835 0.21490750816104462 0.030923694779116467 0.04787812840043525
0 0.5403614457831325 0.22143634385201305 0.024497991967871485 0.04461371055495103
0 0.5319277108433735 0.16947769314472252 0.03413654618473896 0.025571273122959738
0 0.5532128514056225 0.33895538628944505 0.04939759036144578 0.10337323177366703
0 0.6088353413654618 0.26741022850924917 0.04417670682730924 0.05821545157780196
0 0.8455823293172691 0.3326985854189336 0.04457831325301205 0.04733405875952122
