2 0.297607421875 0.6285419886656363 0.01123046875 0.028851107676455434
2 0.252197265625 0.6370427614631633 0.02099609375 0.009788768675940238
0 0.25927734375 0.5875837197320969 0.017578125 0.02009273570324575
0 0.284423828125 0.5729005667181865 0.04638671875 0.03915507470376095
3 0.511474609375 0.35522926326635756 0.09130859375 0.03554868624420402
3 0.44384765625 0.22591447707367338 0.0908203125 0.02833590932509016
3 0.44189453125 0.11875321998969603 0.078125 0.0211231324059763
0 0.475341796875 0.15584750128799588 0.02490234375 0.01287995878413189
0 0.507568359375 0.09402369912416281 0.02490234375 0.018031942297784646
3 0.580810546875 0.2199896960329727 0.05517578125 0.0422462648119526
0 0.82568359375 0.3444100978876868 0.0419921875 0.03863987635239567
0 0.86767578125 0.3075734157650695 0.056640625 0.059763008758371976
0 0.804443359375 0.24368882019577537 0.05322265625 0.05358062854198867
0 0.896240234375 0.17207624935600205 0.05126953125 0.05151983513652756
