0 0.8769551616266945 0.5184449489216799 0.054223149113660066 0.055051078320090804
0 0.6100104275286757 0.7131101021566402 0.06465067778936393 0.06980703745743473
0 0.48879040667361834 0.7045970488081725 0.06100104275286757 0.058456299659477864
0 0.6061001042752867 0.6075482406356413 0.05474452554744526 0.058456299659477864
0 0.5714285714285714 0.5961975028376845 0.026068821689259645 0.031214528944381384
0 0.6238269030239834 0.5612939841089671 0.03597497393117831 0.032917139614074914
0 0.42857142857142855 0.6730987514188422 0.051094890510948905 0.039727582292849034
0 0.4470802919708029 0.6498297389330306 0.015119916579770595 0.02043132803632236
0 0.3574035453597497 0.6716799091940976 0.05787278415015641 0.05959137343927355
0 0.38738269030239836 0.684733257661748 0.018769551616266946 0.019863791146424517
0 0.3693952033368092 0.6013053348467651 0.05057351407716371 0.05618615209988649
3 0.3636600625651721 0.5698070374574348 0.022419186652763295 0.021566401816118047
2 0.9410844629822732 0.5593076049943246 0.013555787278415016 0.00851305334846765
0 0.11313868613138686 0.5383087400681045 0.058394160583941604 0.05278093076049943
0 0.072992700729927 0.5385925085130534 0.03858185610010428 0.056753688989784334
0 0.051876955161626694 0.5391600454029511 0.020333680917622523 0.024971623155505107
0 0.08159541188738269 0.4321793416572077 0.04744525547445255 0.06753688989784336
2 0.05291970802919708 0.46708286038592506 0.01616266944734098 0.00681044267877412
3 0.1684045881126173 0.36719636776390463 0.12304483837330553 0.024971623155505107
3 0.18743482794577684 0.4111804767309875 0.12773722627737227 0.024404086265607264
