0 0.14072256913470116 0.44553742802303264 0.027207850133809098 0.033109404990403074
0 0.18108831400535236 0.42994241842610365 0.06333630686886708 0.0690978886756238
0 0.14049955396966993 0.3944337811900192 0.043710972346119537 0.046065259117082535
0 0.11329170383586083 0.3809980806142035 0.031222123104371096 0.03934740882917467
0 0.09924174843889384 0.3714011516314779 0.024531668153434435 0.03166986564299424
0 0.18198037466547726 0.3630038387715931 0.04460303300624442 0.048464491362763915
0 0.20026761819803746 0.3831573896353167 0.030330062444246207 0.033109404990403074
0 0.6944692239072257 0.5275911708253359 0.032114183764495985 0.03982725527831094
0 0.30798394290811776 0.3752399232245681 0.02631578947368421 0.029750479846449136
0 0.3070918822479929 0.30854126679462573 0.03256021409455843 0.02399232245681382
0 0.2854594112399643 0.28119001919385794 0.012488849241748439 0.016314779270633396
0 0.3980820695807315 0.32749520153550865 0.040588760035682424 0.04654510556621881
0 0.43777876895628903 0.29678502879078694 0.047725245316681535 0.06765834932821498
0 0.41904549509366634 0.27735124760076774 0.03166815343443354 0.045105566218809984
0 0.23728813559322035 0.2236084452975048 0.04103479036574487 0.05182341650671785
0 0.3215878679750223 0.08613243761996162 0.028545941123996433 0.10700575815738964
5 0.2065120428189117 0.262236084452975 0.008920606601248885 0.014875239923224568
