0 0.7253236245954693 0.8824524312896406 0.04288025889967637 0.03298097251585624
0 0.5020226537216829 0.8207188160676533 0.03802588996763754 0.047357293868921777
0 0.5718042071197411 0.8490486257928118 0.05299352750809062 0.03551797040169133
0 0.5687702265372169 0.7479915433403805 0.03559870550161812 0.03298097251585624
0 0.47532362459546923 0.7190274841437632 0.032362459546925564 0.02748414376321353
0 0.15210355987055016 0.1843551797040169 0.05016181229773463 0.04820295983086681
0 0.93042071197411 0.13699788583509515 0.052588996763754045 0.0346723044397463
2 0.9166666666666666 0.16194503171247357 0.015372168284789644 0.005919661733615222
0 0.598705501618123 0.1744186046511628 0.03398058252427184 0.03255813953488372
2 0.5869741100323624 0.14947145877378434 0.010517799352750809 0.00718816067653277
0 0.7475728155339806 0.13974630021141649 0.052588996763754045 0.04778012684989429
0 0.8086569579288025 0.146723044397463 0.04692556634304207 0.05581395348837209
0 0.17050970873786409 0.2832980972515856 0.036003236245954695 0.027061310782241013
0 0.09061488673139159 0.33298097251585623 0.06472491909385113 0.04778012684989429
0 0.8638754045307443 0.21035940803382663 0.034385113268608415 0.03509513742071882
0 0.9025080906148867 0.21331923890063426 0.0372168284789644 0.030866807610993658
0 0.9597491909385113 0.1985200845665962 0.027103559870550162 0.029175475687103596
