3 0.10698689956331878 0.6771883289124668 0.03153808830664726 0.03872679045092838
0 0.07496360989810771 0.6108753315649867 0.036390101892285295 0.04509283819628647
0 0.10650169820475497 0.6238726790450928 0.046094129063561376 0.04774535809018567
0 0.1433770014556041 0.6570291777188328 0.06259097525473072 0.05994694960212202
0 0.15453663270257156 0.596816976127321 0.06453178068898593 0.07108753315649867
0 0.19165453663270257 0.7230769230769231 0.024260067928190198 0.01909814323607427
0 0.20402717127607958 0.43687002652519896 0.038330907326540514 0.05570291777188329
0 0.3891314895681708 0.5411140583554377 0.046579330422125184 0.0519893899204244
0 0.7110625909752547 0.7437665782493369 0.03541969917515769 0.04668435013262599
0 0.2908782144590005 0.28328912466843503 0.032508491023774864 0.10822281167108753
0 0.29233381853469187 0.5946949602122016 0.023774866569626393 0.03076923076923077
0 0.2916060164968462 0.5251989389920424 0.041727316836487144 0.02546419098143236
0 0.26322173702086366 0.4962864721485411 0.014070839398350316 0.01856763925729443
0 0.028141678796700632 0.3339522546419098 0.026200873362445413 0.034482758620689655
0 0.047064531780688985 0.3429708222811671 0.023289665211062592 0.022811671087533156
0 0.28432799611838916 0.19973474801061009 0.01455604075691412 0.02493368700265252
5 0.17564289180009704 0.47957559681697615 0.0048520135856380394 0.013793103448275862
5 0.24696749150897623 0.3387267904509284 0.0048520135856380394 0.009018567639257295
5 0.2059679767103348 0.14774535809018569 0.006307617661329452 0.020689655172413793
5 0.1982047549733139 0.140053050397878 0.00727802037845706 0.02440318302387268
0 0.02911208151382824 0.18090185676392573 0.019408054342552158 0.02546419098143236
0 0.4129063561377972 0.48514588859416446 0.030082484230955848 0.05782493368700265
0 0.42988840368753034 0.503183023872679 0.043668122270742356 0.06843501326259947
