8 0.3459214501510574 0.5756530310497782 0.15925766076823478 0.2759980285855101
8 0.44993526111350884 0.7816658452439625 0.0755287009063444 0.1251848201084278
8 0.5220112214069919 0.9201577131591917 0.08933966335779024 0.14982750123213406
5 0.8321104876996116 0.16239526860522424 0.03280103582218386 0.03400689995071464
5 0.8987915407854985 0.3595367175948743 0.028053517479499353 0.03400689995071464
1 0.6316357358653432 0.28166584524396254 0.015105740181268883 0.022178413011335635
1 0.6499784203711696 0.24519467718087729 0.008631851532153647 0.025135534746180386
1 0.45813552006905484 0.8302119270576639 0.017695295640914977 0.029078363725973385
1 0.4993526111350885 0.9100542138984722 0.015537332757876565 0.030064070970921637
1 0.49028916702632713 0.9669788072942336 0.015537332757876565 0.032528339083292265
3 0.5668968493741907 0.992114342040414 0.015105740181268883 0.015771315919172007
3 0.5410012947777298 0.9142434696895022 0.015105740181268883 0.017742730409068506
3 0.49870522227017694 0.8568260226712666 0.00906344410876133 0.01232134056185313
3 0.508200258955546 0.8570724494825037 0.00906344410876133 0.011828486939379004
3 0.48813120414328875 0.8393297190734352 0.013810962451445835 0.016757023164120255
3 0.44950366853690116 0.740019714144899 0.009926629261976695 0.015278462296697881
3 0.4255502805351748 0.7156234598324298 0.015537332757876565 0.019714144898965006
3 0.4208027621924903 0.6835879743716117 0.012084592145015106 0.017742730409068506
3 0.35239533880017265 0.5751601774273041 0.015968925334484248 0.019714144898965006
8 0.25766076823478634 0.4024149827501232 0.017263703064307294 0.020206998521439132
8 0.3949072075960294 0.37949728930507637 0.06646525679758308 0.07294233612617053
8 0.692921881743634 0.37604731394775753 0.03927492447129909 0.02661409561360276
8 0.7824773413897281 0.7828979793001478 0.04056970220112214 0.030064070970921637
6 0.9400086318515322 0.5559388861508132 0.11998273629693569 0.12814194184327254
