0 0.34165232358003444 0.42373417721518986 0.06597819850831899 0.04746835443037975
0 0.5731497418244407 0.4582278481012658 0.07802639127940333 0.04810126582278481
0 0.6775674125071716 0.49240506329113926 0.05393000573723465 0.06835443037974684
0 0.4879518072289157 0.529113924050633 0.07056798623063683 0.07088607594936709
0 0.5714285714285714 0.6132911392405064 0.055077452667814115 0.04683544303797468
0 0.7177280550774526 0.6458860759493671 0.040160642570281124 0.052531645569620256
5 0.4718875502008032 0.08386075949367089 0.0051635111876075735 0.008227848101265823
5 0.6855995410212278 0.12025316455696203 0.004589787722317842 0.008860759493670886
5 0.8958691910499139 0.1541139240506329 0.006310958118187034 0.008227848101265823
5 0.13396442914515203 0.024050632911392405 0.008605851979345954 0.01139240506329114
