0 0.5238021638330758 0.6142477582198606 0.02194744976816074 0.024244437064098307
0 0.502936630602782 0.6022915974759216 0.03400309119010819 0.030222517436067752
5 0.6408037094281298 0.3277980737296579 0.02349304482225657 0.03387578877449352
5 0.7505409582689335 0.5529724344071737 0.021638330757341576 0.033211557622052475
0 0.42302936630602783 0.32763201594154767 0.023802163833075735 0.025572899368980405
0 0.460741885625966 0.28578545333776156 0.033693972179289024 0.03553636665559615
3 0.35239567233384855 0.3389239455330455 0.015455950540958269 0.013616738625041515
3 0.3528593508500773 0.32547326469611426 0.02194744976816074 0.020591165725672534
0 0.4723338485316847 0.17004317502490868 0.019783616692426585 0.02391232148787778
0 0.4891808346213292 0.14181335104616408 0.025038639876352395 0.02457655264031883
5 0.3446676970633694 0.8211557622052474 0.021638330757341576 0.024908668216539354
5 0.4641421947449768 0.4536698771172368 0.023183925811437404 0.029226170707406178
