0 0.47186544342507647 0.5408088235294117 0.02874617737003058 0.05220588235294118
0 0.4996941896024465 0.5393382352941176 0.024464831804281346 0.03897058823529412
0 0.5094801223241591 0.5084558823529411 0.01834862385321101 0.028676470588235293
0 0.47155963302752296 0.47463235294117645 0.04281345565749235 0.07426470588235294
0 0.5122324159021406 0.47941176470588237 0.02874617737003058 0.03235294117647059
0 0.5391437308868502 0.4904411764705882 0.022629969418960245 0.03529411764705882
0 0.5740061162079511 0.49779411764705883 0.023853211009174313 0.03235294117647059
0 0.582262996941896 0.5235294117647059 0.025688073394495414 0.022058823529411766
0 0.5819571865443425 0.4676470588235294 0.023853211009174313 0.03235294117647059
0 0.5859327217125382 0.43713235294117647 0.029357798165137616 0.03161764705882353
0 0.5116207951070336 0.43419117647058825 0.039755351681957186 0.04044117647058824
0 0.4657492354740061 0.39889705882352944 0.02996941896024465 0.03455882352941177
0 0.490519877675841 0.3683823529411765 0.047706422018348627 0.054411764705882354
0 0.5250764525993884 0.40036764705882355 0.036085626911314984 0.03455882352941177
0 0.5568807339449541 0.42573529411764705 0.03363914373088685 0.041176470588235294
0 0.5152905198776758 0.28308823529411764 0.02507645259938838 0.03676470588235294
0 0.600611620795107 0.30625 0.02691131498470948 0.03308823529411765
0 0.5990825688073395 0.3400735294117647 0.031192660550458717 0.03897058823529412
0 0.6391437308868502 0.3125 0.03914373088685015 0.04264705882352941
0 0.6651376146788991 0.2746323529411765 0.031192660550458717 0.03308823529411765
0 0.7220183486238532 0.2746323529411765 0.023853211009174313 0.025735294117647058
0 0.7391437308868501 0.23823529411764705 0.023853211009174313 0.026470588235294117
0 0.7474006116207951 0.1860294117647059 0.028134556574923548 0.03235294117647059
5 0.9440366972477064 0.08639705882352941 0.00672782874617737 0.02426470588235294
0 0.8207951070336391 0.051470588235294115 0.046483180428134555 0.05588235294117647
5 0.8920489296636086 0.24963235294117647 0.005504587155963303 0.016911764705882352
5 0.9700305810397554 0.35110294117647056 0.004892966360856269 0.021323529411764706
5 0.9195718654434251 0.41801470588235295 0.005504587155963303 0.01838235294117647
5 0.8825688073394495 0.24154411764705883 0.003669724770642202 0.0125
5 0.8036697247706422 0.5632352941176471 0.004892966360856269 0.014705882352941176
