5 0.1390997830802603 0.6171511627906977 0.02440347071583514 0.013372093023255814
5 0.1984815618221258 0.6034883720930233 0.013015184381778741 0.012790697674418604
5 0.28308026030368766 0.7883720930232558 0.01193058568329718 0.0069767441860465115
2 0.7494577006507592 0.5517441860465117 0.04338394793926247 0.022093023255813953
2 0.9029284164859002 0.5883720930232558 0.0770065075921909 0.030232558139534883
5 0.9609544468546638 0.4558139534883721 0.008676789587852495 0.011627906976744186
0 0.8318872017353579 0.42005813953488375 0.049891540130151846 0.04127906976744186
0 0.8560195227765727 0.4790697674418605 0.048264642082429504 0.053488372093023255
0 0.6605206073752712 0.42209302325581394 0.07158351409978309 0.07441860465116279
0 0.745119305856833 0.3276162790697674 0.08459869848156182 0.10406976744186046
5 0.7776572668112798 0.38895348837209304 0.007592190889370932 0.011627906976744186
5 0.8549349240780911 0.3066860465116279 0.009219088937093275 0.012209302325581395
5 0.902114967462039 0.21482558139534882 0.003796095444685466 0.009883720930232558
5 0.9167570498915402 0.12790697674418605 0.008134490238611713 0.015116279069767442
5 0.7684381778741866 0.1811046511627907 0.009761388286334056 0.011046511627906977
5 0.5710412147505423 0.030232558139534883 0.010845986984815618 0.01627906976744186
5 0.5718546637744034 0.24651162790697675 0.009219088937093275 0.011627906976744186
0 0.584056399132321 0.4037790697674419 0.08459869848156182 0.08313953488372093
5 0.30829718004338397 0.33313953488372094 0.0113882863340564 0.010465116279069767
