3 0.6865183246073299 0.5497695852534562 0.01963350785340314 0.029493087557603687
3 0.6535776614310645 0.48663594470046084 0.011343804537521814 0.014746543778801843
3 0.5935863874345549 0.4046082949308756 0.01788830715532286 0.01935483870967742
3 0.6363438045375218 0.46359447004608295 0.006544502617801047 0.011059907834101382
3 0.6594677137870855 0.5276497695852534 0.013525305410122163 0.017511520737327188
1 0.587260034904014 0.43847926267281107 0.019197207678883072 0.027188940092165898
8 0.7046247818499127 0.6246543778801843 0.12652705061082026 0.18847926267281107
8 0.618237347294939 0.4675115207373272 0.08289703315881326 0.12027649769585254
8 0.56282722513089 0.3350230414746544 0.10209424083769633 0.14838709677419354
3 0.5163612565445026 0.276036866359447 0.029232111692844676 0.02488479262672811
3 0.44655322862129143 0.13870967741935483 0.012652705061082025 0.017511520737327188
3 0.49585514834205935 0.2032258064516129 0.010907504363001745 0.018433179723502304
8 0.48582024432809773 0.19815668202764977 0.11212914485165794 0.1391705069124424
8 0.4031413612565445 0.07350230414746543 0.08987783595113438 0.13502304147465438
