5 0.7669429546562653 0.6591726618705036 0.011701608971233545 0.01858513189448441
5 0.8837152608483666 0.33123501199040767 0.008288639687957094 0.013788968824940047
0 0.6228668941979523 0.6603717026378897 0.03169185763042418 0.050959232613908875
0 0.6089712335446124 0.6169064748201439 0.039980497318381276 0.04316546762589928
0 0.5745977571916139 0.5977218225419664 0.039492930277913216 0.04196642685851319
0 0.5404680643588493 0.5821342925659473 0.035592393954168695 0.03117505995203837
0 0.5056070209653828 0.5833333333333334 0.03607996099463676 0.03237410071942446
0 0.4705021940516821 0.5869304556354916 0.035104826913700635 0.03117505995203837
0 0.43442223305704536 0.5890287769784173 0.03705509507557289 0.030575539568345324
0 0.45294978059483176 0.5152877697841727 0.03705509507557289 0.03776978417266187
0 0.48902974158946855 0.5212829736211031 0.03315455875182838 0.03776978417266187
0 0.5204778156996587 0.526378896882494 0.030716723549488054 0.03836930455635491
0 0.552413456850317 0.5335731414868106 0.03217942467089225 0.03477218225419664
0 0.5780107264748903 0.5305755395683454 0.019990248659190638 0.03117505995203837
0 0.43588493417844953 0.48711031175059955 0.09263773768893223 0.046163069544364506
0 0.6323744514870795 0.47781774580335734 0.07215992198927353 0.07194244604316546
