0 0.45829291949563533 0.80564166150031 0.03685741998060136 0.0675759454432734
0 0.4493210475266731 0.6800991940483571 0.04995150339476237 0.07687538747675139
0 0.3705140640155189 0.6568505889646621 0.03394762366634336 0.050216986980781156
0 0.3385063045586809 0.6100433973961562 0.03200775945683802 0.06323620582765034
0 0.40009699321047526 0.47427154370737756 0.02133850630455868 0.030998140111593304
0 0.39791464597478177 0.43645381277123374 0.03249272550921436 0.0657160570365778
0 0.43089233753637246 0.6332920024798512 0.04413191076624636 0.0638561686298822
0 0.4832686711930165 0.3949163050216987 0.03346265761396702 0.06447613143211407
0 0.3853055286129971 0.3583384996900186 0.03346265761396702 0.06447613143211407
5 0.1733753637245393 0.7737135771853689 0.011154219204655674 0.01735895846249225
5 0.18549951503394763 0.7777433353998761 0.008244422890397672 0.013019218846869188
5 0.06789524733268672 0.8989460632362059 0.009699321047526674 0.019838809671419714
5 0.5889912706110573 0.5108493490390577 0.00921435499515034 0.023558586484810913
5 0.2810378273520854 0.6032238065716057 0.0072744907856450046 0.016119032858028518
5 0.22332686711930164 0.6965282083075015 0.008244422890397672 0.015499070055796652
5 0.18477206595538312 0.49101053936763794 0.007759456838021339 0.013639181649101054
5 0.06547041707080505 0.33199008059516427 0.01066925315227934 0.017978921264724116
5 0.1287584869059166 0.18288902665840048 0.008244422890397672 0.014879107253564786
5 0.1937439379243453 0.02417854928704278 0.013094083414161009 0.019838809671419714
