5 0.3355402542372881 0.47564186965108624 0.0524364406779661 0.09414088215931533
5 0.2063029661016949 0.16161948650427913 0.058792372881355935 0.10335747202106649
0 0.836864406779661 0.7735352205398288 0.025423728813559324 0.07241606319947334
0 0.7616525423728814 0.6793943383805134 0.037076271186440676 0.026333113890717578
0 0.7272245762711864 0.7139565503620803 0.04025423728813559 0.044107965766951945
0 0.7097457627118644 0.6869651086240948 0.024364406779661018 0.03225806451612903
0 0.6067266949152542 0.6076366030283081 0.0323093220338983 0.04608294930875576
0 0.626853813559322 0.5704410796576695 0.05985169491525424 0.05859117840684661
0 0.7960805084745762 0.4878209348255431 0.034957627118644065 0.03423304805793285
0 0.6665783898305084 0.5111915734035549 0.03972457627118644 0.04937458854509546
0 0.5540254237288136 0.5576036866359447 0.024364406779661018 0.043449637919684
0 0.512447033898305 0.5806451612903226 0.0323093220338983 0.02369980250164582
0 0.527542372881356 0.4769585253456221 0.038135593220338986 0.04542462146148782
0 0.5685911016949152 0.4934167215273206 0.03336864406779661 0.059907834101382486
0 0.5958686440677966 0.49440421329822254 0.02754237288135593 0.04476629361421988
0 0.6114936440677966 0.4789335088874259 0.0323093220338983 0.05069124423963134
0 0.5913665254237288 0.4009216589861751 0.030190677966101694 0.04739960500329164
