7 0.20814386109962796 0.3411689961880559 0.07399751963621332 0.04383735705209657
7 0.24100868127325342 0.4321791613722999 0.05456800330715172 0.105146124523507
5 0.3201736254650682 0.215851334180432 0.04919388176932617 0.03843710292249047
5 0.45680033071517157 0.09704574332909784 0.04630012401818934 0.030177890724269376
4 0.48201736254650684 0.5309720457433291 0.007441091360066143 0.006035578144853875
6 0.5239768499379909 0.542566709021601 0.007854485324514262 0.00698856416772554
5 0.9311699049193882 0.414866581956798 0.05084745762711865 0.032401524777636595
0 0.3418768085985945 0.48173443456162646 0.01653575857792476 0.011118170266836086
0 0.4020256304257958 0.5393900889453621 0.025217031831335262 0.01905972045743329
0 0.4423315419594874 0.5320838627700127 0.028937577511368336 0.027318932655654382
0 0.46300124018189337 0.5381194409148666 0.028937577511368336 0.022236340533672173
0 0.41959487391484085 0.5573379923761118 0.035551880942538236 0.015565438373570521
0 0.9057461761058289 0.7817662007623888 0.03307151715584952 0.02477763659466328
0 0.9685820587019429 0.8310038119440915 0.03885903265812319 0.028589580686149935
0 0.8579991732120711 0.7396759847522236 0.032658123191401406 0.02445997458703939
0 0.8788755684167011 0.7514294790343075 0.03141794129805705 0.02255400254129606
0 0.8238941711451013 0.7087039390088945 0.029764365440264572 0.023506988564167726
0 0.8495245969408847 0.690279542566709 0.034725093013642 0.022871664548919948
0 0.7961967755270773 0.6866264294790343 0.050434063662670524 0.03970775095298602
0 0.9136006614303431 0.7409466327827192 0.03141794129805705 0.02255400254129606
0 0.8908639933856966 0.7185514612452351 0.04216618437370814 0.026048284625158832
0 0.7422488631665978 0.6507306226175349 0.03596527490698636 0.027636594663278273
0 0.6732120711037619 0.5840216010165185 0.03431169904919388 0.025095298602287167
0 0.6128565522943366 0.5964104193138501 0.031831335262505166 0.020648030495552732
0 0.5078544853245143 0.5506670902160101 0.026043819760231502 0.01937738246505718
0 0.5018602728400166 0.5783036848792884 0.025630425795783382 0.021283354510800507
0 0.5477470028937578 0.5894218551461246 0.024803637866887142 0.027636594663278273
0 0.5706903679206283 0.5875158831003812 0.02108309218685407 0.014294790343074968
5 0.9324100868127325 0.6383418043202033 0.04919388176932617 0.03462515883100381
0 0.9632079371641175 0.7144218551461246 0.014055394791236048 0.011435832274459974
0 0.9324100868127325 0.7536531130876747 0.02687060768912774 0.020648030495552732
