3 0.3507121057985758 0.9292337725719864 0.02187182095625636 0.015617374328940947
3 0.3987792472024415 0.9175207418252807 0.023397761953204477 0.016593460224499756
3 0.4338758901322482 0.9043435822352367 0.022380467955239063 0.016593460224499756
3 0.44938962360122076 0.8779892630551489 0.01780264496439471 0.019521717911176184
0 0.1190233977619532 0.3186920448999512 0.014242115971515769 0.018545632015617375
0 0.0254323499491353 0.86066373840898 0.03763987792472025 0.03269887750122011
0 0.11113936927772126 0.8450463640800391 0.02797558494404883 0.022938018545632016
0 0.01703967446592065 0.9365544167886775 0.03204476093591048 0.10151293313811616
0 0.007884028484231942 0.8482186432406051 0.011698880976602238 0.015617374328940947
0 0.007375381485249237 0.7801366520253782 0.013733468972533061 0.03465104929233773
1 0.3186673448626653 0.6478770131771596 0.04323499491353001 0.020985846754514398
1 0.3214649033570702 0.6605661298194241 0.04577822990844354 0.01903367496339678
1 0.4516785350966429 0.5998047828208882 0.03255340793489318 0.028306490971205467
1 0.4585452695829095 0.5917520741825281 0.03204476093591048 0.03367496339677892
1 0.469735503560529 0.5841874084919473 0.035096642929806715 0.04001952171791118
1 0.5005086469989827 0.5734504636408004 0.011190233977619531 0.031234748657881894
1 0.5099186164801628 0.5741825280624695 0.009664292980671414 0.03074670571010249
1 0.5200915564598169 0.5746705710102489 0.009664292980671414 0.026842362127867253
1 0.5256866734486266 0.572962420693021 0.008646998982706003 0.027330405075646658
1 0.5320447609359105 0.568081991215227 0.019328585961342827 0.04001952171791118
1 0.5417090539165819 0.5734504636408004 0.011190233977619531 0.02537823328452904
1 0.5498474059003052 0.5746705710102489 0.019328585961342827 0.03269887750122011
1 0.5579857578840285 0.5695461200585652 0.02034587995930824 0.03318692044899951
1 0.5666327568667345 0.5673499267935578 0.023397761953204477 0.03465104929233773
1 0.5775686673448627 0.5617374328940947 0.02288911495422177 0.03416300634455832
1 0.1342828077314344 0.6756954612005857 0.008138351983723296 0.02000976085895559
1 0.21922685656154628 0.5453879941434846 0.04374364191251272 0.01805758906783797
1 0.21439471007121058 0.5222059541239629 0.031027466937945065 0.02440214738897023
1 0.21134282807731433 0.515617374328941 0.0167853509664293 0.016105417276720352
1 0.2072736520854527 0.5068326012689116 0.02288911495422177 0.009272816007808687
1 0.19811800610376398 0.49292337725719865 0.015768056968463885 0.013665202537823329
1 0.16607324516785352 0.4690092728160078 0.01271617497456765 0.020497803806734993
1 0.14547304170905392 0.40483162518301613 0.014242115971515769 0.005368472425573451
1 0.14954221770091555 0.4160566129819424 0.012207527975584944 0.005368472425573451
1 0.15081383519837233 0.4192288921425085 0.011698880976602238 0.004880429477794046
1 0.15284842319430314 0.42410932162030257 0.010681586978636826 0.004880429477794046
1 0.1531027466937945 0.4289897510980966 0.014242115971515769 0.005856515373352855
1 0.12436419125127161 0.17862371888726208 0.010681586978636826 0.027330405075646658
1 0.1299593082400814 0.18838457784285018 0.014750762970498474 0.03416300634455832
1 0.1406408952187182 0.2740361151781357 0.006612410986775178 0.016105417276720352
1 0.1510681586978637 0.27476817959980476 0.013224821973550356 0.018545632015617375
1 0.16302136317395727 0.29209370424597364 0.01780264496439471 0.016105417276720352
1 0.17141403865717192 0.29404587603709126 0.026449643947100712 0.022938018545632016
1 0.17548321464903358 0.3001464128843338 0.021363173957273652 0.016593460224499756
1 0.18514750762970497 0.3064909712054661 0.013224821973550356 0.017569546120058566
1 0.07019328585961343 0.15617374328940947 0.013224821973550356 0.02537823328452904
1 0.08011190233977619 0.159834065397755 0.014750762970498474 0.025866276232308444
1 0.0465412004069176 0.13274768179599805 0.024923702950152594 0.008784773060029283
1 0.03255340793489318 0.12079062957540264 0.014242115971515769 0.01903367496339678
1 0.041200406917599186 0.12249877989263055 0.013224821973550356 0.016593460224499756
1 0.018819938962360123 0.11151781356759395 0.018311291963377416 0.013177159590043924
1 0.02365208545269583 0.11810639336261591 0.0167853509664293 0.006832601268911664
1 0.021617497456765004 0.12347486578818936 0.01271617497456765 0.006832601268911664
1 0.010427263479145472 0.1054172767203514 0.018819938962360123 0.006832601268911664
1 0.010427263479145472 0.11102977061981455 0.014750762970498474 0.00634455832113226
1 0.00839267548321465 0.09687652513421181 0.015768056968463885 0.00634455832113226
1 0.00254323499491353 0.07076622742801367 0.004069175991861648 0.004880429477794046
1 0.006866734486266531 0.056857003416300636 0.010681586978636826 0.012201073694485115
1 0.0038148524923702952 0.07808687164470474 0.006612410986775178 0.004880429477794046
1 0.0038148524923702952 0.084431429965837 0.006612410986775178 0.004880429477794046
1 0.003560528992878942 0.08931185944363104 0.003051881993896236 0.004880429477794046
