5 0.7264451524806554 0.5658682634730539 0.06099226217569413 0.0658682634730539
5 0.8723258989531179 0.9119760479041916 0.059626763768775605 0.05389221556886228
0 0.045061447428311335 0.8452095808383233 0.041875284478834776 0.048502994011976046
0 0.05302685480200273 0.6961077844311377 0.025034137460172964 0.035329341317365266
0 0.05894401456531634 0.665868263473054 0.021392808375056895 0.03952095808383234
0 0.08898497951752389 0.5568862275449101 0.036868456986800184 0.045508982035928146
0 0.10195721438324988 0.6502994011976048 0.030951297223486572 0.04790419161676647
0 0.13177059626763768 0.5859281437125748 0.03322712790168411 0.04491017964071856
0 0.14474283113336367 0.5461077844311377 0.03732362312243969 0.05269461077844311
0 0.0621301775147929 0.6275449101796408 0.044151115157032315 0.05389221556886228
0 0.07669549385525717 0.5940119760479042 0.04597177969959035 0.04910179640718563
0 0.03573054164770141 0.724251497005988 0.035958124715521164 0.04730538922155689
0 0.16226672735548475 0.5149700598802395 0.03413746017296313 0.05748502994011976
0 0.17523896222121074 0.4808383233532934 0.04278561675011379 0.05269461077844311
0 0.18616294947655895 0.4497005988023952 0.01456531634046427 0.019161676646706587
0 0.19822485207100593 0.43323353293413175 0.02594446973145198 0.03293413173652695
0 0.15589440145653163 0.40479041916167663 0.07055075102412381 0.07904191616766468
7 0.3691397360036413 0.14640718562874253 0.1847974510696404 0.13353293413173653
7 0.5521165225307237 0.1724550898203593 0.09831588529813381 0.11976047904191617
0 0.2803823395539372 0.32425149700598804 0.023668639053254437 0.025748502994011976
4 0.17023213472917614 0.5565868263473054 0.010923987255348202 0.014970059880239521
4 0.14041875284478836 0.620059880239521 0.013199817933545745 0.016167664670658683
