8 0.2773610637572451 0.14906832298136646 0.0883054892601432 0.06576543660942638
8 0.4154449369246505 0.453416149068323 0.026934878963518583 0.11472415052977712
3 0.3158881691101261 0.16532700036536355 0.011933174224343675 0.01205699671172817
3 0.15223320831912718 0.2879064669345999 0.010569382884418685 0.010960906101571063
3 0.03153767473576543 0.48830836682499085 0.007841800204568702 0.008403361344537815
3 0.09648823729969315 0.5489587139203508 0.00954653937947494 0.009134088417975887
1 0.03954994885782475 0.5896967482645232 0.0320490964882373 0.011691633175009134
3 0.3063416297306512 0.689806357325539 0.010569382884418685 0.009499451954694921
5 0.019774974428912375 0.8187796857873584 0.034776679168087285 0.0401899890390939
3 0.2927037163314013 0.8014249177932042 0.007159904534606206 0.009864815491413957
0 0.017729287419024888 0.973876507124589 0.034776679168087285 0.03032517354767994
3 0.4171496760995568 0.49214468396054073 0.009887487214456188 0.011691633175009134
