2 0.5438842203548085 0.44368600682593856 0.009337068160597572 0.013651877133105802
0 0.0546218487394958 0.874004550625711 0.02427637721755369 0.04607508532423208
0 0.6349206349206349 0.8102957906712173 0.040149393090569564 0.06313993174061433
0 0.9523809523809523 0.2846985210466439 0.05415499533146592 0.0608646188850967
0 0.94234360410831 0.35637087599544937 0.041549953314659195 0.044937428896473265
0 0.48786181139122314 0.6473265073947668 0.04295051353874883 0.04323094425483504
0 0.5361811391223156 0.638509670079636 0.0350140056022409 0.0608646188850967
2 0.5067693744164332 0.6015358361774744 0.016339869281045753 0.01422070534698521
0 0.5471521942110178 0.6032423208191127 0.028011204481792718 0.025597269624573378
0 0.5200746965452848 0.5813424345847554 0.031746031746031744 0.04778156996587031
0 0.5651260504201681 0.535551763367463 0.0350140056022409 0.04948805460750853
0 0.3352007469654528 0.573094425483504 0.04481792717086835 0.052901023890784986
0 0.3057889822595705 0.575938566552901 0.021475256769374416 0.019908987485779295
0 0.38165266106442575 0.5790671217292378 0.037815126050420166 0.05233219567690557
0 0.43067226890756305 0.5813424345847554 0.038748832866479926 0.03640500568828214
0 0.41830065359477125 0.5591581342434585 0.025210084033613446 0.05005688282138794
0 0.4526143790849673 0.5412400455062572 0.024743230625583566 0.025597269624573378
0 0.45704948646125115 0.6043799772468714 0.026143790849673203 0.0335608646188851
0 0.46521942110177406 0.5765073947667805 0.03314659197012138 0.04379977246871445
0 0.6029411764705882 0.5463594994311718 0.028478057889822595 0.03811149032992037
0 0.6143790849673203 0.5045506257110353 0.035480859010270774 0.04664391353811149
0 0.5793650793650794 0.4991467576791809 0.02427637721755369 0.03811149032992037
0 0.5669934640522876 0.4664391353811149 0.027544351073762838 0.03299203640500569
0 0.5116713352007469 0.4917519908987486 0.021475256769374416 0.03128555176336746
0 0.49159663865546216 0.48065984072810014 0.022408963585434174 0.038680318543799774
0 0.45471521942110177 0.4658703071672355 0.028944911297852476 0.053469852104664393
0 0.5072362278244631 0.5127986348122867 0.015406162464985995 0.015358361774744027
0 0.4733893557422969 0.44766780432309444 0.028011204481792718 0.019340159271899887
0 0.44794584500466855 0.39590443686006827 0.038748832866479926 0.051194539249146756
0 0.4288048552754435 0.3782707622298066 0.03594771241830065 0.040955631399317405
0 0.5240429505135388 0.37599544937428897 0.03221288515406162 0.04550625711035267
0 0.5343137254901961 0.3993174061433447 0.02287581699346405 0.026166097838452786
0 0.5639589169000934 0.4118316268486917 0.028944911297852476 0.03754266211604096
0 0.5802987861811392 0.33503981797497157 0.040149393090569564 0.040955631399317405
0 0.5838001867413632 0.3705915813424346 0.020074696545284782 0.024459613196814563
0 0.6935107376283847 0.38310580204778155 0.037815126050420166 0.044937428896473265
0 0.642390289449113 0.40386803185437997 0.03828197945845005 0.04550625711035267
0 0.6143790849673203 0.40955631399317405 0.015873015873015872 0.015927189988623434
0 0.43860877684407096 0.21387940841865757 0.03314659197012138 0.03754266211604096
0 0.5049019607843137 0.24971558589306028 0.037815126050420166 0.03526734926052332
0 0.7591036414565826 0.3910693970420933 0.04108309990662932 0.04835039817974972
0 0.2184873949579832 0.04124004550625711 0.05042016806722689 0.07224118316268487
