3 0.04567413263065437 0.4466824644549763 0.011418533157663592 0.013428120063191154
8 0.06082564778216952 0.5077014218009479 0.041721563460693896 0.10545023696682465
3 0.28129117259552044 0.07898894154818326 0.015371102327624066 0.014218009478672985
8 0.2347386912604304 0.12243285939968404 0.08476064997804128 0.07819905213270142
3 0.2898550724637681 0.5148104265402843 0.011418533157663592 0.011453396524486572
3 0.5496267018006148 0.02014218009478673 0.013614404918752744 0.014218009478672985
3 0.5823451910408433 0.33550552922590837 0.011418533157663592 0.013033175355450236
3 0.5766359244620114 0.455173775671406 0.013175230566534914 0.013033175355450236
3 0.6785243741765481 0.5313981042654028 0.011418533157663592 0.01382306477093207
5 0.4306104523495828 0.781003159557662 0.061923583662714096 0.040679304897314375
5 0.6947738252086079 0.8870458135860979 0.061484409310496264 0.04186413902053712
2 0.6754501537110232 0.4087677725118483 0.00878348704435661 0.009478672985781991
2 0.7628458498023716 0.42476303317535546 0.011418533157663592 0.01066350710900474
2 0.7731664470794906 0.42160347551342814 0.010979358805445762 0.009873617693522907
5 0.8743961352657005 0.11966824644549763 0.06236275801493193 0.030805687203791468
2 0.98177426438296 0.19687993680884677 0.00834431269213878 0.009873617693522907
3 0.9642072902942468 0.16824644549763032 0.010979358805445762 0.009478672985781991
1 0.9025032938076416 0.7069510268562401 0.007026789635485288 0.015007898894154818
1 0.6686429512516469 0.3578199052132701 0.031181379007465964 0.035545023696682464
