5 0.21506682867557717 0.12662154540327128 0.08262454434993925 0.08855047941342357
5 0.3201701093560146 0.3993231810490694 0.07168894289185905 0.09137055837563451
0 0.8708991494532199 0.6686407219402143 0.02612393681652491 0.05922165820642978
0 0.7536452004860267 0.6133671742808798 0.04191980558930741 0.03778905809362662
0 0.7323815309842041 0.5908065425831923 0.030984204131227218 0.02763677382966723
0 0.6212029161603888 0.5180485053581501 0.03462940461725395 0.04230118443316413
0 0.6445929526123937 0.48307952622673433 0.061968408262454436 0.04568527918781726
0 0.5613608748481167 0.49971799210377893 0.032806804374240585 0.02143260011280316
0 0.5236938031591738 0.49323181049069376 0.038882138517618466 0.02086858432036097
0 0.5446537059538274 0.4024252679075014 0.04070473876063183 0.032148900169204735
0 0.5908262454434994 0.4184997179921038 0.03827460510328068 0.049633389734912575
0 0.6205953827460511 0.42103778905809364 0.02976913730255164 0.03553299492385787
0 0.637910085054678 0.4103214890016921 0.030376670716889428 0.04117315284827975
0 0.695625759416768 0.4416243654822335 0.03766707168894289 0.04060913705583756
0 0.8411300121506683 0.42554991539763115 0.03827460510328068 0.02763677382966723
