2 0.4846686449060336 0.48372093023255813 0.011869436201780416 0.020930232558139535
0 0.4713155291790307 0.938953488372093 0.08803165182987141 0.09883720930232558
0 0.4742828882294758 0.8087209302325581 0.12957467853610286 0.12209302325581395
0 0.6152324431256182 0.638953488372093 0.08110781404549951 0.1058139534883721
0 0.5974282888229476 0.5174418604651163 0.09297725024727992 0.1325581395348837
0 0.6810089020771514 0.46569767441860466 0.04451038575667656 0.06627906976744186
0 0.559841740850643 0.4418604651162791 0.04549950544015826 0.07674418604651163
0 0.5647873392680515 0.3453488372093023 0.06528189910979229 0.07209302325581396
0 0.3600395647873393 0.5093023255813953 0.04154302670623145 0.05813953488372093
0 0.4258160237388724 0.4494186046511628 0.07418397626112759 0.13837209302325582
0 0.2987141444114738 0.05872093023255814 0.12067260138476756 0.11511627906976744
