0 0.25165562913907286 0.6367899947889526 0.0436306973120374 0.0583637311099531
0 0.2193221659524737 0.6646690984887963 0.037397740553174914 0.047420531526836895
0 0.3272302298402805 0.5732152162584679 0.04051421893260616 0.053152683689421575
0 0.2814569536423841 0.5226680562793121 0.05025321386832879 0.06774361646690985
0 0.3126217374366965 0.4906201146430432 0.033112582781456956 0.03595622720166754
3 0.4996104402025711 0.5969254820218864 0.044799376704324115 0.040125065138092754
2 0.7247760031164784 0.24205315268368943 0.008180755746007013 0.026576341844710787
0 0.7333463186599143 0.28895257946847314 0.03389170237631477 0.03908285565398645
0 0.7536034281262174 0.2785304846274101 0.012076353720296066 0.020323084940072955
0 0.5547331515387612 0.47889525794684734 0.06856252434748734 0.03230849400729546
0 0.6061550447993767 0.5924960917144346 0.06934164394234515 0.02501302761855133
0 0.6061550447993767 0.6878582595101616 0.06077132839890923 0.018759770713913496
