0 0.5040922619047619 0.7293459552495697 0.04092261904761905 0.05421686746987952
0 0.5353422619047619 0.7887263339070568 0.03943452380952381 0.04216867469879518
0 0.5286458333333334 0.8192771084337349 0.034970238095238096 0.03614457831325301
0 0.5197172619047619 0.8506884681583476 0.03943452380952381 0.03356282271944923
0 0.5100446428571429 0.8687607573149742 0.031994047619047616 0.02323580034423408
0 0.5029761904761905 0.8911359724612736 0.03273809523809524 0.030120481927710843
0 0.4947916666666667 0.9216867469879518 0.047619047619047616 0.04819277108433735
0 0.5855654761904762 0.5623924268502581 0.05357142857142857 0.20740103270223753
0 0.31063988095238093 0.8532702237521514 0.03794642857142857 0.04044750430292599
0 0.33370535714285715 0.8364888123924269 0.026041666666666668 0.0378657487091222
0 0.35007440476190477 0.8093803786574871 0.027529761904761904 0.03356282271944923
0 0.21763392857142858 0.7986230636833046 0.031994047619047616 0.03614457831325301
0 0.1875 0.8067986230636833 0.03125 0.0387263339070568
0 0.15476190476190477 0.8201376936316696 0.03869047619047619 0.043029259896729774
0 0.046875 0.7461273666092944 0.044642857142857144 0.04647160068846816
0 0.1130952380952381 0.5946643717728055 0.044642857142857144 0.058519793459552494
0 0.32775297619047616 0.6992254733218589 0.058779761904761904 0.06798623063683305
0 0.19456845238095238 0.6708261617900172 0.04092261904761905 0.06110154905335628
0 0.17001488095238096 0.709552495697074 0.03794642857142857 0.04561101549053356
0 0.22284226190476192 0.6450086058519794 0.04389880952380952 0.06626506024096386
0 0.4017857142857143 0.4195352839931153 0.046130952380952384 0.03700516351118761
0 0.34337797619047616 0.46471600688468157 0.04241071428571429 0.043029259896729774
0 0.36681547619047616 0.6454388984509466 0.06547619047619048 0.05335628227194492
0 0.24925595238095238 0.5352839931153184 0.03571428571428571 0.058519793459552494
0 0.26413690476190477 0.49182444061962133 0.028273809523809524 0.0387263339070568
0 0.30505952380952384 0.51592082616179 0.041666666666666664 0.047332185886402756
0 0.4010416666666667 0.48967297762478484 0.03869047619047619 0.03614457831325301
0 0.35305059523809523 0.5047332185886403 0.04538690476190476 0.04216867469879518
0 0.32068452380952384 0.5658347676419966 0.043154761904761904 0.06626506024096386
0 0.25669642857142855 0.6002581755593803 0.02976190476190476 0.03356282271944923
0 0.29799107142857145 0.7409638554216867 0.03050595238095238 0.03614457831325301
0 0.26264880952380953 0.7401032702237521 0.03571428571428571 0.04130808950086059
0 0.30282738095238093 0.7809810671256454 0.028273809523809524 0.04388984509466437
3 0.23363095238095238 0.7409638554216867 0.026785714285714284 0.03614457831325301
