0 0.46071265417999085 0.2942678774120318 0.037003197807217905 0.031214528944381384
0 0.4997715851987209 0.2948354143019296 0.04020100502512563 0.034619750283768444
0 0.5034262220191869 0.3652099886492622 0.03654636820465966 0.03575482406356413
0 0.4849246231155779 0.26532349602724176 0.016902695294655094 0.01872871736662883
0 0.46756509821836456 0.26872871736662884 0.017816354499771585 0.019863791146424517
0 0.5013704888076748 0.5019863791146425 0.028780264961169484 0.03575482406356413
0 0.6132937414344449 0.5976163450624291 0.0379168570123344 0.0510783200908059
0 0.6027866605756053 0.5587400681044268 0.034262220191868434 0.031214528944381384
0 0.5666971219735039 0.568955732122588 0.039744175422567384 0.061861520998864925
0 0.7498857925993604 0.2948354143019296 0.046139789858382824 0.08569807037457434
0 0.9013248058474189 0.6591940976163451 0.03380539058931019 0.04029511918274688
