0 0.4369517543859649 0.4044635865309319 0.03399122807017544 0.04541895066562255
0 0.45321637426900585 0.4291307752545027 0.027046783625730993 0.02192638997650744
0 0.4544956140350877 0.45986687548942834 0.029605263157894735 0.03641346906812842
0 0.4292763157894737 0.48433829287392327 0.025950292397660817 0.037588097102584185
0 0.4822733918128655 0.48433829287392327 0.03837719298245614 0.03523884103367267
0 0.527046783625731 0.5019577133907596 0.04751461988304093 0.02662490211433046
0 0.5491593567251462 0.46985121378230227 0.02887426900584795 0.037588097102584185
0 0.524671052631579 0.504894283476899 0.04203216374269006 0.02153484729835552
0 0.5303362573099415 0.30677368833202817 0.031432748538011694 0.03563038371182459
0 0.5533625730994152 0.33104933437744716 0.019736842105263157 0.030931871574001565
0 0.6421783625730995 0.32380579483163663 0.0029239766081871343 0.007830853563038372
5 0.6295687134502924 0.4647611589663273 0.003289473684210526 0.008613938919342208
5 0.7328216374269005 0.4890368050117463 0.003654970760233918 0.008613938919342208
4 0.28362573099415206 0.3422083007047768 0.015350877192982455 0.015661707126076743
4 0.2951388888888889 0.36609240407204385 0.01425438596491228 0.01644479248238058
4 0.35453216374269003 0.40798747063429913 0.01827485380116959 0.017227877838684416
4 0.3967470760233918 0.4549725920125294 0.014985380116959063 0.015661707126076743
4 0.5142543859649122 0.644087705559906 0.01608187134502924 0.018794048551292093
4 0.53125 0.6574001566170713 0.01644736842105263 0.018010963194988253
4 0.6986476608187134 0.2965935787000783 0.01644736842105263 0.014487079091620987
4 0.6381578947368421 0.21945967110415035 0.013157894736842105 0.014487079091620987
4 0.6270102339181286 0.1955755677368833 0.017909356725146198 0.020751761942051684
4 0.3580043859649123 0.18128425998433828 0.019371345029239765 0.021143304620203602
