0 0.4613526570048309 0.6025408348457351 0.03285024154589372 0.06533575317604355
0 0.5683574879227054 0.6400483968542044 0.04106280193236715 0.06533575317604355
0 0.5512077294685991 0.5662431941923775 0.03285024154589372 0.05807622504537205
3 0.5485507246376812 0.5260133091349062 0.022705314009661835 0.029643073200241985
0 0.5171497584541063 0.44343617664851787 0.021739130434782608 0.06533575317604355
0 0.5840579710144927 0.47186932849364793 0.030917874396135265 0.022988505747126436
0 0.5838164251207729 0.5048396854204477 0.042028985507246375 0.02601330913490623
0 0.5987922705314009 0.3914095583787054 0.036231884057971016 0.06170598911070781
0 0.5642512077294686 0.34815486993345435 0.043478260869565216 0.04900181488203267
0 0.3099033816425121 0.5238959467634604 0.01497584541062802 0.027828191167574106
5 0.3115942028985507 0.49485783424077434 0.022222222222222223 0.024198427102238355
5 0.7217391304347827 0.2307924984875983 0.00966183574879227 0.017543859649122806
5 0.7123188405797102 0.2265577737447066 0.006280193236714976 0.013914095583787053
5 0.6855072463768116 0.30701754385964913 0.00676328502415459 0.015124016938898971
5 0.6103864734299517 0.11584996975196613 0.010144927536231883 0.012704174228675136
5 0.8456521739130435 0.1104053236539625 0.00821256038647343 0.017543859649122806
0 0.5157004830917874 0.37265577737447064 0.04589371980676329 0.06291591046581972
0 0.4927536231884058 0.32335148215366 0.0463768115942029 0.07562008469449485
0 0.4859903381642512 0.2026618269812462 0.04057971014492753 0.06533575317604355
2 0.5016908212560387 0.22292800967937085 0.010144927536231883 0.017543859649122806
0 0.457487922705314 0.19630973986690864 0.03285024154589372 0.03327283726557774
