0 0.4504706409681757 0.5129619415333702 0.04571940833706858 0.04853833425261997
0 0.4157328552218736 0.5115830115830116 0.026445540116539667 0.043574186431329286
0 0.4511429852084267 0.6097628240485383 0.04168534289556253 0.04026475455046884
0 0.4159569699686239 0.6064533921676779 0.017929179740026894 0.023717595146166576
0 0.48924249215598387 0.5854936569222283 0.03630658897355446 0.045780474351902925
0 0.4912595248767369 0.5361279646993933 0.02868668758404303 0.039713182570325425
5 0.4276109367996414 0.563430777716492 0.0044822949350067235 0.00827357970215113
5 0.36642761093679965 0.531715388858246 0.006723442402510085 0.012134583563154992
5 0.3735992828328104 0.5311638168781025 0.00761990138951143 0.011031439602868174
5 0.41237113402061853 0.03998896856039713 0.005378753922008068 0.00827357970215113
5 0.4175257731958763 0.03916161059018202 0.004034065441506051 0.006618863761720904
4 0.7279246974450919 0.5217870932156646 0.021515015688032272 0.028681742967457253
