2 0.37346625766871167 0.3754752851711027 0.010736196319018405 0.02091254752851711
2 0.4746932515337423 0.5232889733840305 0.019938650306748466 0.01806083650190114
0 0.7354294478527608 0.5822243346007605 0.07975460122699386 0.13212927756653992
0 0.651457055214724 0.4505703422053232 0.05598159509202454 0.0817490494296578
0 0.5065184049079755 0.49334600760456276 0.06825153374233128 0.08365019011406843
0 0.5548312883435583 0.35598859315589354 0.054447852760736194 0.06939163498098859
0 0.5130368098159509 0.35598859315589354 0.04294478527607362 0.06368821292775666
0 0.6357361963190185 0.3198669201520912 0.06901840490797546 0.08460076045627377
2 0.6779141104294478 0.26425855513307983 0.018404907975460124 0.034220532319391636
0 0.7829754601226994 0.314638783269962 0.06748466257668712 0.07604562737642585
