0 0.36363636363636365 0.8748520710059171 0.07083825265643448 0.08816568047337278
3 0.08500590318772137 0.572189349112426 0.03423848878394333 0.01775147928994083
3 0.0333530106257379 0.5485207100591716 0.021841794569067298 0.033136094674556214
3 0.020956316410861865 0.5239644970414201 0.015938606847697757 0.013609467455621301
0 0.08677685950413223 0.5198224852071006 0.06493506493506493 0.06568047337278106
0 0.15997638724911453 0.4878698224852071 0.0590318772136954 0.08224852071005917
4 0.19480519480519481 0.5476331360946746 0.01770956316410862 0.018343195266272188
4 0.11511216056670602 0.24911242603550296 0.015348288075560802 0.016568047337278107
4 0.06257378984651712 0.33076923076923076 0.018890200708382526 0.01775147928994083
0 0.10064935064935066 0.33136094674556216 0.05489964580873672 0.07100591715976332
0 0.02066115702479339 0.3497041420118343 0.03778040141676505 0.04497041420118343
0 0.0448642266824085 0.28076923076923077 0.04014167650531287 0.06094674556213018
0 0.04693034238488784 0.21005917159763313 0.04191263282172373 0.05917159763313609
0 0.1050767414403778 0.15562130177514794 0.04014167650531287 0.0485207100591716
3 0.14138134592680046 0.1834319526627219 0.012396694214876033 0.02485207100591716
0 0.1192443919716647 0.09940828402366864 0.031877213695395513 0.046153846153846156
0 0.09386068476977567 0.03047337278106509 0.0448642266824085 0.051479289940828406
0 0.046340023612750886 0.07781065088757397 0.04309327036599764 0.07041420118343195
0 0.03630460448642267 0.01863905325443787 0.04191263282172373 0.03609467455621302
