2 0.5190611216131065 0.5572289156626506 0.010396975425330813 0.012511584800741427
2 0.5452110901071203 0.5210843373493976 0.014807813484562067 0.024559777571825765
3 0.5556080655324511 0.6765523632993512 0.017328292375551356 0.025023169601482854
3 0.8137996219281664 0.41728452270620947 0.027095148078134845 0.021779425393883226
3 0.8185255198487713 0.47335495829471735 0.027095148078134845 0.020852641334569044
3 0.2692186515437933 0.28313253012048195 0.031821045998739764 0.05097312326227989
5 0.2329867674858223 0.10797034291010195 0.002205419029615627 0.006487488415199258
5 0.28701953371140515 0.20528266913809082 0.001890359168241966 0.006487488415199258
5 0.25582860743541275 0.7159406858202039 0.002520478890989288 0.006487488415199258
5 0.32561436672967864 0.4835495829471733 0.003465658475110271 0.006950880444856348
5 0.3638941398865784 0.3690917516218721 0.004410838059231254 0.007877664504170528
5 0.38957151858853184 0.303985171455051 0.004095778197857593 0.005560704355885079
5 0.4447069943289225 0.1978683966635774 0.009136735979836169 0.015755329008341055
5 0.5633270321361059 0.2676088971269694 0.00315059861373661 0.007877664504170528
5 0.7933207309388783 0.4881835032437442 0.008821676118462508 0.007877664504170528
0 0.31285444234404536 0.7724745134383688 0.02205419029615627 0.04077849860982391
0 0.3073408947700063 0.8139481000926784 0.04190296156269691 0.041241890639481
0 0.3442028985507246 0.829935125115848 0.03497164461247637 0.03521779425393883
0 0.3572778827977316 0.8009731232622799 0.013232514177693762 0.032900834105653386
0 0.39004410838059234 0.8341056533827618 0.043478260869565216 0.04541241890639481
0 0.3687775677378702 0.7430491195551436 0.041272841839949594 0.056070435588507876
0 0.2950535601764335 0.6758572752548656 0.03497164461247637 0.037534754402224285
0 0.3583805923125394 0.5083410565338277 0.048204158790170135 0.12233549582947173
0 0.21093257718966604 0.43002780352177944 0.05828607435412728 0.08897126969416126
0 0.34026465028355385 0.3802131603336423 0.03276622558286074 0.037534754402224285
0 0.21219281663516068 0.34036144578313254 0.04001260239445495 0.06255792400370713
0 0.19092627599243855 0.2905468025949954 0.03528670447385003 0.05282669138090825
0 0.17753623188405798 0.2634383688600556 0.014177693761814745 0.020852641334569044
0 0.32088846880907373 0.33433734939759036 0.030560806553245116 0.05421686746987952
0 0.2851291745431632 0.3097775718257646 0.028985507246376812 0.04216867469879518
0 0.251890359168242 0.24513438368860055 0.036862003780718335 0.05375347544022243
0 0.29174543163201005 0.24814643188137164 0.04158790170132325 0.06811862835959222
5 0.3087586641461878 0.24212233549582948 0.002520478890989288 0.006950880444856348
0 0.251890359168242 0.19346617238183503 0.029930686830497794 0.056070435588507876
0 0.31742281033396347 0.22242817423540315 0.036862003780718335 0.06209453197405004
0 0.3539697542533081 0.29240037071362374 0.036231884057971016 0.05560704355885079
0 0.36326402016383114 0.26112140871177014 0.037177063642092 0.056070435588507876
0 0.359640831758034 0.22196478220574606 0.023629489603024575 0.037998146431881374
0 0.29174543163201005 0.12395736793327154 0.036546943919344675 0.05329008341056534
0 0.5589161940768747 0.6510658016682113 0.04977945809703844 0.07692307692307693
0 0.5644297416509136 0.5702038924930491 0.0500945179584121 0.08665430954587582
0 0.5775047258979206 0.5987025023169601 0.013232514177693762 0.020389249304911955
2 0.574354127284184 0.5092678405931418 0.005671077504725898 0.011121408711770158
0 0.5604914933837429 0.386468952734013 0.023314429741650915 0.03521779425393883
0 0.5904221802142408 0.3911028730305839 0.04410838059231254 0.06765523632993513
0 0.4642407057340895 0.206209453197405 0.024259609325771897 0.03707136237256719
0 0.49401386263390046 0.21570898980537534 0.043478260869565216 0.060704355885078776
0 0.4817265280403277 0.27687673772011123 0.07309388783868935 0.08480074142724744
0 0.4881852551984877 0.29726598702502316 0.024259609325771897 0.03568118628359592
0 0.5130749842470069 0.03544949026876738 0.031821045998739764 0.0551436515291937
0 0.8383742911153119 0.4578313253012048 0.027725267800882167 0.05838739573679333
0 0.8371140516698172 0.39921223354958296 0.02520478890989288 0.05329008341056534
0 0.806710775047259 0.378822984244671 0.028040327662255827 0.04494902687673772
0 0.7977315689981096 0.2597312326227989 0.03087586641461878 0.030120481927710843
0 0.8172652804032766 0.2893883225208526 0.03969754253308128 0.0597775718257646
