5 0.5833333333333334 0.928186109238031 0.008333333333333333 0.014160485502360081
5 0.5520833333333334 0.8934592043155766 0.00625 0.01078894133513149
5 0.3333333333333333 0.7178017532029669 0.010416666666666666 0.014160485502360081
5 0.2234375 0.6274443695212407 0.0125 0.015509103169251517
5 0.28515625 0.5020229265003372 0.009895833333333333 0.011463250168577209
5 0.5013020833333334 0.09676331759946055 0.008854166666666666 0.008766014834794335
0 0.41744791666666664 0.5768712070128119 0.0265625 0.05057316250842886
0 0.39869791666666665 0.5091031692515172 0.0734375 0.09575185434929198
2 0.35234375 0.47673634524612274 0.008854166666666666 0.018880647336480108
5 0.12291666666666666 0.801416048550236 0.00625 0.012811867835468645
