4 0.19135802469135801 0.959050721265705 0.026590693257359924 0.023266635644485806
4 0.41975308641975306 0.34364820846905536 0.02564102564102564 0.01814797580269893
0 0.7412155745489079 0.19497440670079105 0.0446343779677113 0.029781293624941835
0 0.7592592592592593 0.1482084690553746 0.0446343779677113 0.03024662633783155
0 0.817426400759734 0.14727780362959517 0.06220322886989554 0.0460679385760819
0 0.8829534662867996 0.07957189390414146 0.051756885090218425 0.041879944160074456
0 0.7692307692307693 0.023499302000930665 0.045584045584045586 0.03955328059562587
0 0.6450617283950617 0.03629595160539786 0.05080721747388414 0.04653327128897161
0 0.7276828110161444 0.07003257328990228 0.04036087369420703 0.03396928804094928
0 0.7632953466286799 0.068869241507678 0.03561253561253561 0.03257328990228013
0 0.7108262108262108 0.09702187063750582 0.05413105413105413 0.03210795718939041
0 0.7761158594491928 0.10027919962773384 0.048907882241215575 0.03024662633783155
5 0.09615384615384616 0.8336435551419265 0.0052231718898385565 0.007910656119125175
5 0.2865622032288699 0.906468124709167 0.0033238366571699905 0.005583992554676594
5 0.46320037986704654 0.9783620288506282 0.0052231718898385565 0.005118659841786877
0 0.9415954415954416 0.11074918566775244 0.03798670465337132 0.03257328990228013
