0 0.3689492325855962 0.5822746521476104 0.03778040141676505 0.05021173623714459
0 0.02833530106257379 0.3938294010889292 0.053128689492325853 0.06170598911070781
0 0.12987012987012986 0.40804597701149425 0.06139315230224321 0.07924984875983061
0 0.20365997638724911 0.43708408953418026 0.049586776859504134 0.06957047791893527
0 0.16765053128689492 0.4225650332728373 0.05076741440377804 0.07320024198427103
0 0.18890200708382526 0.352994555353902 0.047225501770956316 0.07078039927404718
0 0.2922077922077922 0.30369026013309136 0.06139315230224321 0.07259528130671507
0 0.09887839433293978 0.18905021173623715 0.04309327036599764 0.06836055656382335
0 0.16558441558441558 0.23805202661826982 0.047815820543093274 0.0514216575922565
0 0.18093270365997638 0.21687840290381125 0.03364817001180637 0.028433151845130067
0 0.20985832349468714 0.1881427707199032 0.032467532467532464 0.036297640653357534
2 0.28187721369539553 0.1823956442831216 0.017119244391971666 0.016333938294010888
0 0.1372491145218418 0.2834240774349667 0.05608028335301062 0.08166969147005444
0 0.08146399055489964 0.33000604960677554 0.06139315230224321 0.06836055656382335
0 0.12101534828807556 0.073502722323049 0.04132231404958678 0.06957047791893527
0 0.19775678866587956 0.05263157894736842 0.05548996458087367 0.10042347247428918
0 0.23406139315230223 0.24742891712038717 0.08323494687131051 0.08348457350272233
