4 0.5753476136790681 0.09984639016897082 0.01503194287861706 0.014592933947772658
5 0.6057872980082676 0.06989247311827956 0.006012777151446824 0.0038402457757296467
5 0.589064261555806 0.16877880184331798 0.005636978579481398 0.00576036866359447
5 0.6080420894400601 0.17453917050691245 0.003757985719654265 0.0034562211981566822
5 0.61010898158587 0.2847542242703533 0.004133784291619692 0.0034562211981566822
5 0.5691469372416385 0.33006912442396313 0.004133784291619692 0.0049923195084485405
5 0.5357008643367155 0.3460061443932412 0.007140172867343104 0.006144393241167435
5 0.5794813979706878 0.3876728110599078 0.003757985719654265 0.0049923195084485405
5 0.48609545283727923 0.5113287250384024 0.005636978579481398 0.00576036866359447
5 0.5482901164975573 0.4936635944700461 0.003006388575723412 0.0049923195084485405
5 0.5730928222472754 0.4879032258064516 0.005261180007515971 0.00576036866359447
5 0.4359263434798948 0.6793394777265745 0.006012777151446824 0.009984639016897081
5 0.48384066140548665 0.6887480798771122 0.004133784291619692 0.006528417818740399
5 0.4007891770011274 0.8043394777265745 0.004885381435550545 0.010368663594470046
5 0.4547162720781661 0.8008832565284179 0.003006388575723412 0.007296466973886329
5 0.4210822998872604 0.8997695852534562 0.0033821871476888386 0.0069124423963133645
0 0.735249906050357 0.28398617511520735 0.034197670048853816 0.04723502304147465
0 0.7222848553175498 0.3150921658986175 0.028560691469372415 0.027265745007680493
0 0.7157083803081549 0.34965437788018433 0.043968432919954906 0.044930875576036866
0 0.6888387824126269 0.3924731182795699 0.033821871476888386 0.03686635944700461
0 0.6456219466366028 0.36251920122887865 0.03457346862081924 0.04531490015360983
0 0.6640360766629086 0.4535330261136713 0.040586245772266064 0.03379416282642089
2 0.7130777903043969 0.17012288786482335 0.010146561443066516 0.016129032258064516
0 0.5116497557309282 0.7949308755760369 0.027433295753476136 0.030721966205837174
0 0.43836903419767004 0.9427803379416283 0.022172115745960164 0.03302611367127496
