0 0.5711885762284754 0.7495640802092415 0.03527929441411172 0.04054054054054054
0 0.5562788744225116 0.708151700087184 0.056698866022679546 0.05187445510026155
0 0.4487610247795044 0.677637314734089 0.054178916421671566 0.05274629468177855
0 0.41768164636707267 0.6458151700087184 0.02645947081058379 0.037053182214472534
0 0.506929861402772 0.6203138622493461 0.04535909281814364 0.045335658238884045
0 0.41873162536749264 0.3615954664341761 0.026039479210415793 0.07890148212728858
0 0.5365392692146157 0.29446381865736704 0.019739605207895843 0.08151700087183958
0 0.629147417051659 0.28792502179598956 0.019319613607727847 0.07018308631211857
3 0.5352792944141117 0.41652136006974716 0.034019319613607726 0.04838709677419355
0 0.24191516169676605 0.16521360069747165 0.031919361612767747 0.042720139494333044
0 0.2259554808903822 0.1449433304272014 0.014279714405711887 0.013513513513513514
2 0.1864762704745905 0.14080209241499564 0.007559848803023939 0.017436791630340016
2 0.19235615287694247 0.18003487358326067 0.021839563208735827 0.00959023539668701
0 0.5963880722385553 0.31952920662598083 0.010919781604367913 0.020924149956408022
0 0.6484670306593868 0.3456843940714908 0.014279714405711887 0.022667829119442023
5 0.2765644687106258 0.35222319093286836 0.007979840403191937 0.0052310374891020054
5 0.2580848383032339 0.4492153443766347 0.007139857202855943 0.004795117698343505
5 0.2127257454850903 0.70640802092415 0.007139857202855943 0.004795117698343505
5 0.18185636287274254 0.9535745422842197 0.006719865602687947 0.003923278116826504
