3 0.7236180904522613 0.6973148901545972 0.05150753768844221 0.09113100081366965
5 0.30935929648241206 0.7367778681855167 0.010678391959798994 0.013832384052074858
2 0.19189698492462312 0.24654190398698128 0.034547738693467334 0.022782750203417412
0 0.5445979899497487 0.5858421480878763 0.04648241206030151 0.1497152156224573
0 0.7157663316582915 0.4707078925956062 0.035804020100502515 0.14727420667209112
0 0.8514447236180904 0.467046379170057 0.028266331658291458 0.13181448331977216
0 0.8052763819095478 0.5227827502034175 0.016331658291457288 0.03824247355573637
0 0.8859924623115578 0.5736371033360456 0.023241206030150754 0.03905614320585842
2 0.17964824120603015 0.16965012205044752 0.011306532663316583 0.03498779495524817
0 0.16520100502512564 0.16720911310008138 0.01256281407035176 0.023596419853539462
0 0.26476130653266333 0.22131814483319773 0.052135678391959796 0.07485760781122865
0 0.24120603015075376 0.1786004882017901 0.02135678391959799 0.026851098454027666
0 0.4271356783919598 0.04759967453213995 0.018844221105527637 0.030105777054515868
