5 0.6673846153846154 0.221815107102593 0.020307692307692308 0.019729425028184894
0 0.2956923076923077 0.7705749718151071 0.09538461538461539 0.08568207440811725
3 0.28523076923076923 0.8029875986471251 0.02523076923076923 0.023111612175873732
0 0.30615384615384617 0.6722096956031567 0.09907692307692308 0.09526493799323563
2 0.22092307692307692 0.6502254791431793 0.018461538461538463 0.011837655016910935
2 0.27384615384615385 0.6110484780157835 0.025846153846153845 0.02705749718151071
2 0.3292307692307692 0.6017474633596392 0.01353846153846154 0.015219842164599774
0 0.7898461538461539 0.6245772266065389 0.056 0.02818489289740699
0 0.8292307692307692 0.6003382187147689 0.052307692307692305 0.06764374295377677
0 0.7824615384615384 0.5555242390078917 0.048615384615384616 0.023111612175873732
0 0.8264615384615385 0.532130777903044 0.05292307692307692 0.0665163472378805
0 0.7707692307692308 0.5064825253664036 0.051076923076923075 0.05580608793686584
0 0.7612307692307693 0.3762683201803833 0.059076923076923075 0.032130777903043965
0 0.7990769230769231 0.40050732807215333 0.07076923076923076 0.0636978579481398
0 0.30953846153846154 0.45659526493799324 0.036923076923076927 0.040586245772266064
0 0.36615384615384616 0.471815107102593 0.07876923076923077 0.07666290868094701
0 0.16153846153846155 0.3204622322435175 0.14092307692307693 0.10090191657271702
0 0.17292307692307693 0.34977452085682076 0.04553846153846154 0.044532130777903044
0 0.13384615384615384 0.22576099210823 0.04492307692307692 0.04565952649379933
0 0.1833846153846154 0.24577226606538896 0.08492307692307692 0.06877113866967305
0 0.23353846153846153 0.03072153325817362 0.06215384615384616 0.05918827508455468
