0 0.9134345137717819 0.37153739612188363 0.06070826306913996 0.06024930747922438
0 0.5845980888139404 0.6814404432132964 0.028105677346824058 0.029085872576177285
4 0.2824620573355818 0.7558864265927978 0.02304665542439573 0.025623268698060944
0 0.17678471051152334 0.667590027700831 0.017425519955030916 0.023545706371191136
0 0.3139404159640247 0.7087950138504155 0.00955593029792018 0.013157894736842105
0 0.3485103991006183 0.6239612188365651 0.03934794828555368 0.062326869806094184
0 0.3988195615514334 0.610803324099723 0.048903878583473864 0.07479224376731301
0 0.4550309162450815 0.582409972299169 0.01854974704890388 0.023545706371191136
0 0.41174817313097245 0.5470914127423823 0.04440697020798201 0.054016620498614956
0 0.35581787521079256 0.5491689750692521 0.04834176503653738 0.06786703601108034
0 0.3024170882518269 0.5765235457063712 0.04047217537942664 0.06301939058171745
0 0.27965148960089936 0.6426592797783933 0.03766160764474424 0.07202216066481995
0 0.23833614390106803 0.663781163434903 0.056211354693648116 0.06717451523545706
0 0.4156829679595278 0.4979224376731302 0.05227655986509275 0.06925207756232687
0 0.4387296233839236 0.47022160664819945 0.04215851602023609 0.06371191135734072
0 0.2998875772906127 0.4279778393351801 0.04215851602023609 0.06371191135734072
0 0.4052838673412029 0.4276315789473684 0.06520517144463181 0.06301939058171745
0 0.3462619449128724 0.4851108033240997 0.04946599213041034 0.06717451523545706
0 0.46571107363687464 0.44632963988919666 0.04103428892636313 0.06301939058171745
0 0.3367060146149522 0.3396814404432133 0.050590219224283306 0.061634349030470915
0 0.37380550871275997 0.32583102493074795 0.015739179314221474 0.03393351800554017
0 0.3400786958965711 0.24168975069252077 0.03372681281618887 0.054016620498614956
0 0.28920741989881954 0.16101108033240996 0.02866779089376054 0.05332409972299169
0 0.2855536818437324 0.12465373961218837 0.012366498032602586 0.0221606648199446
