3 0.9094996090695856 0.5901677539608574 0.049648162627052385 0.05265610438024231
2 0.722048475371384 0.5866728797763281 0.011727912431587178 0.013979496738117428
0 0.11415168100078187 0.45549860205032616 0.06645817044566067 0.056383970177073625
0 0.09128225175918686 0.5079217148182665 0.06450351837372947 0.05032618825722274
0 0.09010946051602815 0.5910997204100652 0.04730258014073495 0.05079217148182665
0 0.062157935887412044 0.5838769804287046 0.02111024237685692 0.034482758620689655
0 0.13154808444096952 0.5843429636533085 0.04104769351055512 0.0391425908667288
0 0.1702501954652072 0.5796831314072693 0.0199374511336982 0.03821062441752097
0 0.19175136825645034 0.5619757688723206 0.04730258014073495 0.06244175209692451
0 0.2560594214229867 0.5997204100652377 0.04691164972634871 0.06150978564771668
0 0.24276778733385457 0.5330848089468779 0.035183737294761534 0.05778191985088537
0 0.2986708365910868 0.5344827586206896 0.03596559812353401 0.05125815470643057
0 0.3356137607505864 0.5363466915191053 0.04339327599687256 0.04287045666356011
0 0.09616888193901485 0.29217148182665426 0.02111024237685692 0.033550792171481825
0 0.13017982799061767 0.2984622553588071 0.0437842064112588 0.04706430568499534
2 0.49472243940578575 0.5472972972972973 0.02071931196247068 0.011649580615097856
