0 0.2679738562091503 0.5973626373626374 0.05027652086475616 0.03164835164835165
0 0.37858220211161386 0.5907692307692308 0.05429864253393665 0.053626373626373625
0 0.40522875816993464 0.56 0.05429864253393665 0.05274725274725275
0 0.38813474107591756 0.5028571428571429 0.043237807943690296 0.03956043956043956
0 0.40497737556561086 0.48725274725274725 0.032679738562091505 0.025934065934065935
0 0.4165409753645048 0.46791208791208794 0.04776269482151835 0.04
0 0.37732528908999496 0.43714285714285717 0.048768225238813474 0.04087912087912088
0 0.35444947209653094 0.4602197802197802 0.038210155857214684 0.03340659340659341
0 0.32654600301659126 0.47736263736263734 0.04172951231774761 0.037802197802197804
0 0.2777777777777778 0.38945054945054947 0.05379587732528909 0.04835164835164835
0 0.3660130718954248 0.3854945054945055 0.05128205128205128 0.045714285714285714
0 0.28330819507290095 0.32967032967032966 0.016591251885369532 0.0210989010989011
0 0.31221719457013575 0.3292307692307692 0.048265460030165915 0.03604395604395604
0 0.35545500251382606 0.32043956043956046 0.048265460030165915 0.03604395604395604
3 0.38587229763700354 0.3202197802197802 0.0196078431372549 0.015384615384615385
0 0.5525389643036702 0.4472527472527473 0.04424333836098542 0.04791208791208791
0 0.48743086978381095 0.37714285714285717 0.05982905982905983 0.05978021978021978
0 0.6098541980894923 0.3597802197802198 0.049270990447461034 0.04879120879120879
0 0.518350930115636 0.3210989010989011 0.04725992961287079 0.03912087912087912
0 0.5449974861739567 0.28483516483516486 0.059326294620412265 0.05186813186813187
0 0.6347410759175465 0.28 0.042735042735042736 0.03340659340659341
0 0.6591251885369532 0.21912087912087913 0.06535947712418301 0.0698901098901099
0 0.6206636500754148 0.12989010989010988 0.0628456510809452 0.05934065934065934
9 0.4165409753645048 0.6797802197802197 0.08697838109602815 0.0610989010989011
0 0.491955756661639 0.4907692307692308 0.06083459024635495 0.04
