0 0.48950381679389315 0.3283450704225352 0.04618320610687023 0.07922535211267606
0 0.47385496183206105 0.39150528169014087 0.04312977099236641 0.053257042253521125
0 0.4030534351145038 0.4060299295774648 0.03587786259541985 0.05237676056338028
0 0.4452290076335878 0.44014084507042256 0.034732824427480914 0.04401408450704225
0 0.4206106870229008 0.5101232394366197 0.04198473282442748 0.03873239436619718
4 0.33110687022900764 0.10629401408450705 0.014122137404580152 0.01716549295774648
5 0.13587786259541984 0.9005281690140845 0.0061068702290076335 0.01056338028169014
5 0.1965648854961832 0.8983274647887324 0.004580152671755725 0.007042253521126761
5 0.17748091603053434 0.7607834507042254 0.0061068702290076335 0.009242957746478873
5 0.22938931297709925 0.5717429577464789 0.0061068702290076335 0.007922535211267605
5 0.28110687022900765 0.3849031690140845 0.0057251908396946565 0.007482394366197183
5 0.7776717557251909 0.5169454225352113 0.023282442748091603 0.016285211267605633
0 0.26164122137404583 0.8930457746478874 0.02862595419847328 0.035211267605633804
