0 0.24829600778967867 0.2963746223564955 0.03894839337877313 0.05740181268882175
0 0.2938169425511198 0.24954682779456194 0.05306718597857838 0.08700906344410876
3 0.2726387536514119 0.24380664652567977 0.012658227848101266 0.019939577039274924
0 0.3220545277507303 0.3093655589123867 0.038461538461538464 0.04833836858006042
0 0.3656280428432327 0.3555891238670695 0.062317429406037 0.07190332326283988
0 0.30890944498539435 0.39093655589123866 0.0433300876338851 0.053172205438066465
0 0.3193768257059396 0.4380664652567976 0.04089581304771178 0.03625377643504532
3 0.4208860759493671 0.2253776435045317 0.048198636806231744 0.056797583081571
3 0.48052580331061345 0.2628398791540785 0.045764362220058426 0.05075528700906345
3 0.5138753651411879 0.25075528700906347 0.03554040895813048 0.04954682779456193
3 0.556475170399221 0.14290030211480362 0.04771178188899708 0.05256797583081571
3 0.40530671859785783 0.2882175226586103 0.03456669912366115 0.04350453172205438
3 0.41382667964946446 0.3311178247734139 0.042843232716650435 0.059214501510574016
3 0.4664070107108082 0.35438066465256796 0.03213242453748783 0.050151057401812686
3 0.47030185004868547 0.43202416918429004 0.03018500486854917 0.05075528700906345
3 0.4846640701071081 0.4773413897280967 0.037487828627069134 0.03867069486404834
3 0.5041382667964946 0.38821752265861026 0.04430379746835443 0.050151057401812686
3 0.5462512171372931 0.311178247734139 0.0311587147030185 0.05075528700906345
3 0.5893378773125608 0.24773413897280966 0.05404089581304771 0.06042296072507553
3 0.5963972736124635 0.2984894259818731 0.044790652385589096 0.03987915407854985
3 0.6256085686465434 0.27492447129909364 0.033106134371957155 0.054380664652567974
3 0.6139240506329114 0.3410876132930514 0.06037000973709834 0.05981873111782477
3 0.5530671859785784 0.39939577039274926 0.053554040895813046 0.10513595166163142
3 0.6041869522882181 0.39274924471299094 0.012658227848101266 0.013293051359516616
3 0.6005355404089582 0.4081570996978852 0.010223953261927946 0.016314199395770394
3 0.676728334956183 0.36555891238670696 0.04673807205452775 0.056797583081571
3 0.6669912366114897 0.31148036253776434 0.034079844206426485 0.050151057401812686
3 0.7178675754625121 0.2516616314199396 0.0433300876338851 0.05861027190332326
3 0.6589581304771178 0.25347432024169186 0.016066212268743916 0.022356495468277945
3 0.8113437195715677 0.2676737160120846 0.03554040895813048 0.05075528700906345
3 0.8205939629990263 0.31510574018126886 0.030671859785783837 0.044108761329305135
3 0.5981012658227848 0.13323262839879155 0.038461538461538464 0.045317220543806644
3 0.6657740993184031 0.12900302114803625 0.05404089581304771 0.07311178247734139
3 0.7906523855890945 0.16797583081570996 0.04089581304771178 0.05075528700906345
3 0.8909444985394352 0.15045317220543808 0.044790652385589096 0.04833836858006042
3 0.8266796494644596 0.17462235649546828 0.027263875365141188 0.03625377643504532
2 0.6874391431353457 0.23141993957703927 0.004868549172346641 0.010876132930513595
5 0.5632911392405063 0.23867069486404835 0.008763388510223954 0.010876132930513595
5 0.5796007789678675 0.46948640483383686 0.009250243427458617 0.006042296072507553
5 0.47833495618305744 0.620845921450151 0.009250243427458617 0.006646525679758308
5 0.5270204479065238 0.5157099697885197 0.006329113924050633 0.004229607250755287
5 0.4308666017526777 0.7528700906344411 0.009737098344693282 0.008459214501510574
5 0.40165530671859784 0.7800604229607251 0.007789678675754625 0.0036253776435045317
5 0.32862706913339823 0.938368580060423 0.006815968841285297 0.0072507552870090634
4 0.312317429406037 0.5725075528700906 0.03261927945472249 0.038066465256797584
