3 0.026735833998403832 0.20672071129707112 0.03112529928172386 0.021182008368200837
3 0.10953711093375898 0.20135983263598325 0.036312849162011177 0.012552301255230125
3 0.09397446129289705 0.22515690376569036 0.07063048683160415 0.03190376569037657
3 0.013168395849960097 0.8706851464435147 0.02154828411811652 0.009675732217573221
3 0.025538707102952914 0.888336820083682 0.013567438148443736 0.021966527196652718
2 0.4828411811652035 0.832897489539749 0.007182761372705506 0.004707112970711297
0 0.3784916201117318 0.9011506276150628 0.025937749401436554 0.014644351464435146
0 0.40323224261771745 0.9053347280334728 0.02753391859537111 0.012552301255230125
0 0.41999201915403034 0.8811453974895398 0.030726256983240222 0.013336820083682008
0 0.45690343176376697 0.8725156903765691 0.025538707102952914 0.015951882845188285
0 0.46707901037509975 0.8808838912133892 0.03391859537110934 0.014382845188284518
0 0.5083798882681564 0.8480648535564853 0.02713487629688747 0.01882845188284519
0 0.534317637669593 0.8374738493723849 0.03192338387869114 0.01856694560669456
0 0.5554668794892259 0.8429654811715481 0.0111731843575419 0.012813807531380754
0 0.5618515562649641 0.80831589958159 0.024740622505985636 0.02092050209205021
0 0.6378691141260974 0.8194299163179917 0.028332003192338386 0.00653765690376569
0 0.6336791699920191 0.8251830543933054 0.025538707102952914 0.007583682008368201
0 0.6664006384676776 0.8294979079497908 0.028731045490822026 0.008368200836820083
0 0.664804469273743 0.8372123430962343 0.019952114924181964 0.0054916317991631795
0 0.6636073423782921 0.8198221757322176 0.017557861133280128 0.006276150627615063
0 0.3393854748603352 0.6693253138075314 0.02753391859537111 0.01961297071129707
0 0.2559856344772546 0.6285303347280334 0.029130087789305665 0.01856694560669456
0 0.2685554668794892 0.5822437238493724 0.03671189146049481 0.022751046025104603
0 0.21408619313647245 0.5304654811715481 0.012370311252992818 0.01542887029288703
0 0.2286512370311253 0.4915010460251046 0.010375099760574621 0.009675732217573221
0 0.21488427773343974 0.45698221757322177 0.030726256983240222 0.016997907949790794
0 0.06205107741420591 0.4480910041841004 0.026735833998403832 0.01647489539748954
0 0.17637669592976857 0.4456066945606695 0.03272146847565842 0.01882845188284519
2 0.18854748603351956 0.43423117154811713 0.01157222665602554 0.003922594142259414
0 0.03371907422186752 0.4164487447698745 0.04908220271348763 0.01752092050209205
0 0.08818834796488428 0.40376569037656906 0.05746209098164405 0.0198744769874477
0 0.10634477254588987 0.39330543933054396 0.013966480446927373 0.00889121338912134
0 0.12829209896249003 0.3922594142259414 0.013168395849960097 0.008368200836820083
0 0.17737430167597765 0.4088650627615063 0.02753391859537111 0.013859832635983263
0 0.15143655227454111 0.4059884937238494 0.025139664804469275 0.013859832635983263
0 0.11831604150039904 0.38140690376569036 0.01157222665602554 0.007060669456066946
0 0.10415003990422984 0.3851987447698745 0.012769353551476457 0.008368200836820083
4 0.4371508379888268 0.04654811715481171 0.01077414205905826 0.007322175732217573
0 0.01556264964086193 0.29563284518828453 0.030327214684756583 0.043148535564853555
