0 0.8810096153846154 0.9722624216111915 0.024839743589743588 0.04293294741919923
0 0.9012419871794872 0.9387361312108056 0.03245192307692308 0.04148576941630487
0 0.9202724358974359 0.8772310660877954 0.03125 0.041968162083936326
0 0.8766025641025641 0.8198263386396527 0.023237179487179488 0.0371442354076218
0 0.9116586538461539 0.7742402315484804 0.023637820512820512 0.03859141341051616
0 0.9324919871794872 0.7243125904486252 0.030048076923076924 0.04003859141341052
0 0.9435096153846154 0.6965750120598166 0.020032051282051284 0.02219006271104679
0 0.7504006410256411 0.7662807525325616 0.026442307692307692 0.041968162083936326
0 0.7634214743589743 0.7223830197780994 0.031650641025641024 0.04293294741919923
0 0.7782451923076923 0.6907863000482393 0.027644230769230768 0.03859141341051616
0 0.7978766025641025 0.6512301013024602 0.037259615384615384 0.049204052098408106
0 0.7966746794871795 0.7585624698504583 0.023637820512820512 0.0371442354076218
0 0.8343349358974359 0.7161119150988905 0.034054487179487176 0.05547515677761698
0 0.7219551282051282 0.6263868789194404 0.028044871794871796 0.04775687409551375
0 0.7860576923076923 0.5786300048239267 0.026442307692307692 0.04775687409551375
0 0.8129006410256411 0.6051616015436565 0.021634615384615384 0.0361794500723589
0 0.8886217948717948 0.5588519054510371 0.030448717948717948 0.04389773275446213
0 0.8453525641025641 0.4821514712976363 0.038461538461538464 0.04100337674867342
0 0.8828125 0.4230583695127834 0.026842948717948716 0.042450554751567775
0 0.9324919871794872 0.4565846599131693 0.025240384615384616 0.038109020742884706
0 0.9597355769230769 0.39097925711529186 0.039663461538461536 0.052580800771828265
0 0.8505608974358975 0.3861553304389773 0.030448717948717948 0.0371442354076218
0 0.8217147435897436 0.3070429329474192 0.03125 0.041968162083936326
0 0.8653846153846154 0.31524360829715387 0.03445512820512821 0.04003859141341052
0 0.9264823717948718 0.30197780993728895 0.03245192307692308 0.04148576941630487
0 0.8511618589743589 0.23323685479980705 0.030849358974358976 0.04003859141341052
0 0.8665865384615384 0.26049204052098407 0.02403846153846154 0.03569705740472745
0 0.9058493589743589 0.16546068499758804 0.036057692307692304 0.06174626145682586
0 0.10677083333333333 0.0639170284611674 0.018028846153846152 0.04389773275446213
0 0.12800480769230768 0.1640135069946937 0.031650641025641024 0.0482392667631452
0 0.05048076923076923 0.053545586107091175 0.04006410256410257 0.08200675349734685
0 0.8790064102564102 0.3615533043897733 0.03685897435897436 0.04003859141341052
