0 0.618809980806142 0.754014272970562 0.050671785028790786 0.054861730597680645
0 0.5623800383877159 0.7834522747546833 0.03147792706333973 0.05575379125780553
0 0.5564299424184261 0.7230151650312221 0.03262955854126679 0.04192685102586976
2 0.5879078694817659 0.7401873327386262 0.005758157389635317 0.007582515611061552
5 0.7067178502879079 0.7181088314005353 0.00690978886756238 0.0053523639607493305
5 0.6911708253358925 0.5403657448706513 0.009596928982725527 0.015611061552185548
5 0.6808061420345489 0.40811775200713646 0.009596928982725527 0.01159678858162355
5 0.6675623800383877 0.22546833184656556 0.009213051823416507 0.014719000892060661
5 0.7303262955854126 0.07649420160570919 0.007293666026871401 0.01650312221231044
5 0.5934740882917466 0.8806868867082962 0.006142034548944338 0.00936663693131133
2 0.49193857965451054 0.8949598572702944 0.014203454894433781 0.012934879571810883
0 0.6677543186180422 0.6242194469223907 0.031861804222648754 0.025423728813559324
0 0.617274472168906 0.6099464763603925 0.04376199616122841 0.06645851917930419
0 0.5625719769673705 0.6157448706512043 0.06410748560460652 0.058429973238180194
0 0.5410748560460653 0.653657448706512 0.08406909788867563 0.07537912578055307
0 0.4763915547024952 0.6592328278322926 0.03685220729366603 0.0383586083853702
0 0.43685220729366603 0.6380463871543265 0.03378119001919386 0.03345227475468332
0 0.5023032629558541 0.596342551293488 0.011900191938579654 0.014272970561998216
0 0.48080614203454897 0.5992417484388939 0.029558541266794625 0.015611061552185548
0 0.4834932821497121 0.5767172167707404 0.03262955854126679 0.025869759143621766
0 0.5230326295585412 0.5871989295272079 0.02802303262955854 0.030776092774308653
0 0.5608445297504798 0.5289919714540589 0.04069097888675624 0.03479036574487065
0 0.5957773512476008 0.5370205173951829 0.010748560460652591 0.016057091882247992
0 0.6028790786948176 0.5162801070472792 0.03877159309021113 0.028991971454058876
0 0.556046065259117 0.453835860838537 0.029558541266794625 0.024531668153434435
0 0.6689059500959693 0.49264049955396966 0.04107485604606526 0.03612845673505798
0 0.7021113243761996 0.4527207850133809 0.03301343570057581 0.03300624442462088
0 0.6499040307101728 0.4616413916146298 0.039923224568138196 0.027653880463871544
0 0.399616122840691 0.5390276538804639 0.03685220729366603 0.03345227475468332
0 0.3831094049904031 0.49843889384478146 0.026103646833013437 0.037020517395182875
0 0.35335892514395395 0.49888492417484387 0.03032629558541267 0.041480820695807316
0 0.3142034548944338 0.4850579839429081 0.03032629558541267 0.03166815343443354
0 0.336468330134357 0.4810437109723461 0.01727447216890595 0.018287243532560213
0 0.2892514395393474 0.4342105263157895 0.0272552783109405 0.027207850133809098
0 0.3126679462571977 0.4446922390722569 0.013435700575815739 0.01873327386262266
0 0.3744721689059501 0.46097234611953614 0.03570057581573896 0.0352363960749331
0 0.35911708253358926 0.4295272078501338 0.03262955854126679 0.031222123104371096
0 0.4389635316698656 0.4061106155218555 0.022648752399232246 0.037020517395182875
0 0.42399232245681384 0.36775200713648526 0.02802303262955854 0.04415700267618198
0 0.44817658349328215 0.3409901873327386 0.02418426103646833 0.02631578947368421
0 0.4652591170825336 0.25334522747546834 0.029174664107485603 0.028545941123996433
0 0.46449136276391556 0.21632471008028545 0.03301343570057581 0.0383586083853702
0 0.47044145873320536 0.18666369313113293 0.02802303262955854 0.03256021409455843
0 0.53531669865643 0.3204727921498662 0.033397312859884835 0.03791257805530776
0 0.5470249520153551 0.3030776092774309 0.024568138195777352 0.022747546833184657
0 0.5639155470249521 0.36730597680642285 0.032245681381957776 0.038804638715432646
0 0.6117082533589251 0.3644067796610169 0.04030710172744722 0.027653880463871544
0 0.6126679462571977 0.4355486173059768 0.03838771593090211 0.034344335414808205
0 0.5773512476007677 0.4255129348795718 0.039923224568138196 0.0231935771632471
0 0.3980806142034549 0.3666369313113292 0.03685220729366603 0.054415700267618196
0 0.39692898272552785 0.4094558429973238 0.030710172744721688 0.0383586083853702
0 0.418426103646833 0.42194469223907227 0.019961612284069098 0.02408563782337199
0 0.3685220729366603 0.4092328278322926 0.03147792706333973 0.030776092774308653
4 0.27600767754318617 0.5115967885816235 0.019961612284069098 0.021409455842997322
4 0.4763915547024952 0.6222123104371097 0.009213051823416507 0.010704727921498661
4 0.48694817658349326 0.6273416592328278 0.009596928982725527 0.011150758251561105
4 0.2880998080614203 0.5753791257805531 0.01727447216890595 0.02230151650312221
4 0.30614203454894434 0.5586529884032114 0.009596928982725527 0.011150758251561105
