0 0.15492957746478872 0.6049753963914708 0.03834115805946792 0.057408419901585565
0 0.43466353677621283 0.7922361946418808 0.0406885758998435 0.0590486604702023
0 0.3538732394366197 0.7515035538545654 0.042644757433489826 0.06724986331328595
0 0.36991392801251954 0.6689447785675232 0.04107981220657277 0.04100601421541826
0 0.3998435054773083 0.6336796063422635 0.04538341158059468 0.06014215418261345
0 0.3354851330203443 0.6019682886823401 0.03169014084507042 0.03827227993439038
0 0.41588419405320814 0.5724439584472389 0.04225352112676056 0.0590486604702023
0 0.3646322378716745 0.52843083652269 0.028951486697965573 0.038819026790595956
0 0.3530907668231612 0.48633132859486056 0.0418622848200313 0.057408419901585565
0 0.5807902973395931 0.29141607435757244 0.03482003129890454 0.034991798797156914
0 0.16784037558685447 0.2638053581191908 0.032081377151799685 0.03991252050300711
0 0.17703442879499218 0.22252597047566977 0.021517996870109544 0.03389830508474576
0 0.2335680751173709 0.18835429196282122 0.036776212832550864 0.03444505194095134
0 0.384585289514867 0.14188080918534718 0.04303599374021909 0.06506287588846364
0 0.5960485133020345 0.2241662110442865 0.03325508607198748 0.04373974849644614
0 0.6181533646322379 0.2977036632039366 0.028169014084507043 0.035538545653362494
0 0.6443661971830986 0.27446692181519955 0.03129890453834116 0.05467468562055768
0 0.6874021909233177 0.3490978676872608 0.028951486697965573 0.045379989065062874
0 0.7668231611893583 0.3206670311645708 0.046948356807511735 0.057408419901585565
0 0.7005086071987481 0.2859486057955167 0.03873239436619718 0.04373974849644614
0 0.5557511737089202 0.1555494805904866 0.03560250391236307 0.038819026790595956
0 0.8247261345852895 0.1861673045379989 0.057902973395931145 0.045379989065062874
0 0.7224178403755869 0.07873154729360306 0.037949921752738654 0.03389830508474576
0 0.7572378716744914 0.07217058501913615 0.03716744913928013 0.04811372334609076
0 0.560641627543036 0.12329141607435758 0.01643192488262911 0.030071077091306724
0 0.20637715179968702 0.4980863860032805 0.029342723004694836 0.04373974849644614
