0 0.22108108108108107 0.9008728179551122 0.11027027027027027 0.09351620947630923
3 0.15783783783783784 0.08447630922693267 0.09405405405405405 0.08665835411471322
3 0.14297297297297298 0.10692019950124688 0.0945945945945946 0.08541147132169576
3 0.12702702702702703 0.12624688279301746 0.09297297297297297 0.08291770573566085
6 0.3878378378378378 0.24376558603491272 0.1508108108108108 0.18079800498753118
3 0.8472972972972973 0.2222568578553616 0.08810810810810811 0.040523690773067333
0 0.6243243243243243 0.0894638403990025 0.043243243243243246 0.05922693266832918
0 0.65 0.1468204488778055 0.044864864864864865 0.05673316708229426
0 0.6978378378378378 0.1701995012468828 0.021621621621621623 0.028678304239401497
0 0.13324324324324324 0.6066084788029925 0.05243243243243243 0.05236907730673317
0 0.16027027027027027 0.587281795511222 0.03189189189189189 0.03117206982543641
0 0.18972972972972973 0.5938279301745636 0.021621621621621623 0.023067331670822942
0 0.2145945945945946 0.6134663341645885 0.04864864864864865 0.043640897755610975
0 0.257027027027027 0.580423940149626 0.030810810810810812 0.04738154613466334
0 0.32 0.5785536159600998 0.05621621621621622 0.05610972568578554
3 0.25054054054054054 0.6910847880299252 0.036216216216216214 0.02805486284289277
0 0.3202702702702703 0.6938902743142145 0.04378378378378378 0.05112219451371571
0 0.3551351351351351 0.7989401496259352 0.05189189189189189 0.04800498753117207
0 0.41054054054054057 0.7574812967581047 0.05243243243243243 0.05860349127182045
0 0.40756756756756757 0.7135286783042394 0.04972972972972973 0.0529925187032419
0 0.34135135135135136 0.628428927680798 0.02 0.0199501246882793
0 0.3935135135135135 0.6814214463840399 0.022702702702702703 0.02369077306733167
0 0.3881081081081081 0.6153366583541147 0.04432432432432432 0.057356608478802994
0 0.44324324324324327 0.7256857855361596 0.03351351351351351 0.04114713216957606
0 0.45756756756756756 0.7001246882793017 0.028648648648648647 0.029925187032418952
0 0.46945945945945944 0.7253740648379052 0.026486486486486487 0.023067331670822942
0 0.4821621621621622 0.7590399002493765 0.05081081081081081 0.049251870324189526
0 0.4472972972972973 0.787718204488778 0.04594594594594595 0.04551122194513716
0 0.4235135135135135 0.5713840399002493 0.025405405405405406 0.05673316708229426
0 0.4535135135135135 0.6047381546134664 0.04972972972972973 0.05486284289276808
0 0.4805405405405405 0.6502493765586035 0.04756756756756757 0.046134663341645885
0 0.5151351351351351 0.7961346633416458 0.02918918918918919 0.03366583541147132
0 0.522972972972973 0.7609102244389028 0.03189189189189189 0.040523690773067333
0 0.58 0.8061097256857855 0.05405405405405406 0.04239401496259352
0 0.5675675675675675 0.689214463840399 0.05081081081081081 0.04551122194513716
0 0.544054054054054 0.6430798004987531 0.051351351351351354 0.051745635910224436
0 0.5943243243243244 0.6100374064837906 0.05243243243243243 0.05423940149625935
0 0.6472972972972973 0.5947630922693267 0.055675675675675676 0.048628428927680795
0 0.5410810810810811 0.6075436408977556 0.02918918918918919 0.038029925187032416
0 0.6732432432432433 0.7459476309226932 0.04594594594594595 0.04551122194513716
0 0.6951351351351351 0.7238154613466334 0.032432432432432434 0.034912718204488775
0 0.762972972972973 0.7699501246882793 0.06 0.05486284289276808
0 0.7245945945945946 0.6555486284289277 0.05243243243243243 0.049251870324189526
0 0.7618918918918919 0.6533665835411472 0.027567567567567567 0.057356608478802994
0 0.6018918918918919 0.725997506234414 0.04054054054054054 0.03054862842892768
0 0.8389189189189189 0.7468827930174564 0.03567567567567568 0.0399002493765586
0 0.902972972972973 0.7864713216957606 0.047027027027027025 0.03054862842892768
0 0.8513513513513513 0.6633416458852868 0.05081081081081081 0.046134663341645885
0 0.8491891891891892 0.6153366583541147 0.05297297297297297 0.04239401496259352
4 0.7216216216216216 0.5399002493765586 0.014054054054054054 0.01371571072319202
