0 0.2713073005093379 0.8296282100421617 0.013582342954159592 0.02951322345726332
0 0.34176570458404076 0.6674971253353775 0.024108658743633278 0.03181295515523189
0 0.3697792869269949 0.6222690686086623 0.033276740237691005 0.04254503641241855
0 0.31460101867572154 0.5688003066308931 0.03701188455008489 0.04292832502874665
0 0.2767402376910017 0.5003832886163281 0.025806451612903226 0.03947872748179379
0 0.3161290322580645 0.5176312763510924 0.021052631578947368 0.03717899578382522
0 0.3531409168081494 0.5333461096205443 0.024448217317487267 0.04177845917976236
0 0.3782682512733446 0.5256803372939823 0.024448217317487267 0.02951322345726332
0 0.35466893039049235 0.48006899195093905 0.023429541595925297 0.04484476811038712
0 0.37538200339558575 0.4963587581448831 0.026825127334465196 0.03526255270218474
0 0.4140916808149406 0.5308547336144116 0.024108658743633278 0.037562284400153315
0 0.44584040747028864 0.46646224607129166 0.01765704584040747 0.036029129934840934
0 0.40764006791171475 0.431391337677271 0.03497453310696095 0.0387121502491376
0 0.5707979626485569 0.5222307397470295 0.023769100169779286 0.016481410502108086
0 0.5592529711375213 0.4944423150632426 0.019015280135823428 0.040628593330778076
0 0.6823429541595926 0.516481410502108 0.01731748726655348 0.025680337293982367
0 0.6378607809847199 0.47566117286316595 0.040407470288624785 0.027596780375622843
0 0.6837011884550085 0.4727865082407052 0.04516129032258064 0.047911077041011885
4 0.1765704584040747 0.23246454580298964 0.012903225806451613 0.014948256036795707
5 0.3709677419354839 0.5709083940206976 0.001697792869269949 0.004982752012265236
5 0.431748726655348 0.5680337293982368 0.001697792869269949 0.0045994633959371405
5 0.4966044142614601 0.5665005749329245 0.001697792869269949 0.0045994633959371405
5 0.5624787775891341 0.5651590647757762 0.0023769100169779285 0.004216174779609045
5 0.9185059422750425 0.36757378305864313 0.01561969439728353 0.011498658489842852
