0 0.4702920443101712 0.5017831669044223 0.02081235313863713 0.029243937232524966
0 0.49127223900637795 0.5106990014265336 0.019805303793219202 0.014978601997146932
0 0.4914400805639476 0.48537803138373753 0.011413225914736489 0.009985734664764621
4 0.45955018462571334 0.5194365192582026 0.009399127223900638 0.011768901569186876
0 0.319402484055052 0.6546005706134094 0.02853306478684122 0.0224679029957204
0 0.32544478012755956 0.6424750356633381 0.020476670023497817 0.016048502139800285
0 0.3437395099026519 0.6442582025677603 0.01342732460557234 0.024607703281027102
5 0.3848606915072172 0.6499643366619116 0.0023497818059751594 0.0039229671897289585
0 0.3685800604229607 0.5895149786019972 0.030211480362537766 0.02282453637660485
5 0.4112118160456529 0.5611626248216833 0.002014098690835851 0.006776034236804565
5 0.3363544813695871 0.5463623395149786 0.00872776099362202 0.006419400855920114
