0 0.6692270763322131 0.8174686192468619 0.029764762361977917 0.04602510460251046
0 0.01632261161785886 0.8663702928870293 0.008641382621219395 0.00993723849372385
0 0.6939510321651464 0.7813807531380753 0.03600576092174748 0.049163179916317995
0 0.71483437349976 0.7154811715481172 0.03840614498319731 0.04602510460251046
0 0.6644263082093135 0.6524581589958159 0.029764762361977917 0.03922594142259414
0 0.7093134901584254 0.602510460251046 0.028324531925108018 0.04288702928870293
0 0.7342774843975036 0.5502092050209205 0.03600576092174748 0.04602510460251046
0 0.7455592894863178 0.5175209205020921 0.02112337974075852 0.025627615062761507
0 0.5302448391742679 0.547071129707113 0.04080652904464714 0.04602510460251046
0 0.5487277964474316 0.5151673640167364 0.035525684109457514 0.04497907949790795
0 0.5751320211233797 0.47018828451882844 0.04320691310609698 0.0502092050209205
0 0.48271723475756123 0.44482217573221755 0.03408545367258761 0.05387029288702929
0 0.5583293326932309 0.39278242677824265 0.033605376860297645 0.053347280334728034
0 0.5909745559289487 0.4233786610878661 0.02784445511281805 0.03922594142259414
0 0.6334613538166106 0.2860878661087866 0.048487758041286605 0.034518828451882845
0 0.6838694191070571 0.3702928870292887 0.037926068170907344 0.04602510460251046
0 0.7383581373019683 0.25967573221757323 0.03264522323571772 0.04131799163179916
0 0.6790686509841575 0.22594142259414227 0.03216514642342775 0.04707112970711297
0 0.64210273643783 0.18253138075313807 0.03600576092174748 0.04184100418410042
0 0.7748439750360058 0.18802301255230125 0.04800768122899664 0.05596234309623431
0 0.7335573691790687 0.09205020920502092 0.039366298607777246 0.043933054393305436
0 0.6104176668266923 0.09544979079497908 0.03888622179548728 0.045502092050209206
0 0.6613058089294287 0.10486401673640168 0.04080652904464714 0.04445606694560669
0 0.6454632741238598 0.019089958158995817 0.03504560729716755 0.0350418410041841
0 0.5151224195871339 0.5949267782426778 0.033605376860297645 0.04445606694560669
0 0.613298127700432 0.5387029288702929 0.03600576092174748 0.056485355648535567
0 0.5712914066250601 0.5868200836820083 0.03168506961113778 0.043933054393305436
0 0.6620259241478637 0.04576359832635983 0.039366298607777246 0.04131799163179916
0 0.6759481517042727 0.15585774058577406 0.039366298607777246 0.04288702928870293
