4 0.5100341588385995 0.8428493746601414 0.02433817250213493 0.028276237085372486
4 0.5738684884713919 0.8205546492659054 0.02134927412467976 0.025013594344752584
5 0.10375747224594364 0.2490483958673192 0.007685738684884714 0.009787928221859706
5 0.321733561058924 0.2351821642196846 0.008966695132365499 0.008156606851549755
5 0.4709649871904355 0.22158781946710168 0.013663535439795047 0.009244154431756389
5 0.5130230572160547 0.24007612833061445 0.007258753202391118 0.008156606851549755
5 0.8272843723313408 0.3452963567156063 0.014090520922288642 0.010875475802066341
2 0.8917591801878736 0.5511147362697117 0.013236549957301452 0.02011963023382273
0 0.3672075149444919 0.20228384991843393 0.032450896669513236 0.05002718868950517
0 0.11528608027327071 0.5570962479608483 0.06746370623398805 0.057096247960848286
0 0.17421007685738685 0.5573681348559 0.035012809564474806 0.0478520935290919
0 0.22715627668659266 0.44127243066884175 0.06148590947907771 0.06253398586188146
0 0.4111870196413322 0.8243610657966286 0.05294619982920581 0.05002718868950517
0 0.47032450896669514 0.7862969004893964 0.036293766011955594 0.05002718868950517
0 0.4590093936806149 0.7493202827623708 0.018787361229718188 0.02392604676454595
0 0.42549103330486765 0.7860250135943447 0.020068317677198976 0.02011963023382273
0 0.29035012809564475 0.4010331702011963 0.029888983774551667 0.04404567699836868
0 0.2672929120409906 0.32871125611745516 0.03842869342442357 0.06035889070146819
0 0.31789069171648165 0.30587275693311583 0.041417591801878734 0.040783034257748776
0 0.3654995730145175 0.33713974986405654 0.035866780529461996 0.059815116911364874
0 0.35866780529462 0.3950516585100598 0.028181041844577284 0.046220772158781946
0 0.38492741246797607 0.41789015769439913 0.02604611443210931 0.042958129418162044
0 0.39944491887275835 0.34991843393148453 0.0269000853970965 0.022294725394236
0 0.4570879590093937 0.34719956498096793 0.0269000853970965 0.04730831973898858
0 0.4801451750640478 0.3629690048939641 0.016652433817250213 0.01794453507340946
0 0.47608881298035866 0.41082109842305603 0.032450896669513236 0.05600870038064165
0 0.3827924850555081 0.2857531266992931 0.02433817250213493 0.040783034257748776
0 0.41588385994876176 0.2525829255029908 0.034158838599487616 0.05818379554105492
0 0.37916310845431256 0.2580206634040239 0.017933390264730998 0.013594344752582926
0 0.5279675491033304 0.519847743338771 0.02519214346712212 0.04567699836867863
0 0.5557216054654142 0.5293637846655791 0.017506404782237403 0.03643284393692224
0 0.6007685738684885 0.5889070146818923 0.035866780529461996 0.05002718868950517
0 0.6229718189581555 0.5312669929309407 0.03842869342442357 0.05002718868950517
4 0.5834756618274979 0.5152256661228929 0.012382578992314262 0.013594344752582926
4 0.5783518360375747 0.5307232191408374 0.01067463706233988 0.015225666122892877
0 0.548462852263023 0.4929309407286569 0.014090520922288642 0.01794453507340946
0 0.5373612297181896 0.4624796084828711 0.03031596925704526 0.037520391517128875
0 0.5629803586678053 0.4067427949972811 0.054227156276686596 0.0989668297988037
0 0.6099487617421008 0.4399129961935835 0.07472245943637916 0.1250679717237629
0 0.6733561058923997 0.41000543773790105 0.04184457728437233 0.0478520935290919
0 0.7354824935952178 0.398858075040783 0.06447480785653288 0.046220772158781946
0 0.6968403074295474 0.3172920065252855 0.05892399658411614 0.07558455682436106
2 0.6833902647309992 0.3591625883632409 0.00982066609735269 0.009244154431756389
0 0.5076857386848848 0.6508972267536705 0.03928266438941076 0.05546492659053834
0 0.46498719043552517 0.677542142468733 0.036720751494449186 0.03915171288743882
0 0.47224594363791633 0.7185970636215334 0.035866780529461996 0.04187058183795541
0 0.42378309137489323 0.6908646003262643 0.03202391118701964 0.04948341489940185
0 0.39133219470538 0.7177814029363785 0.034585824081981215 0.05546492659053834
0 0.39880444064901793 0.61147362697118 0.03159692570452605 0.04730831973898858
0 0.3625106746370623 0.6549755301794453 0.035866780529461996 0.042958129418162044
0 0.32557643040136636 0.6568787384448069 0.037147736976942784 0.05655247417074497
0 0.3445772843723313 0.6799891245241979 0.025619128949615714 0.026644915715062535
0 0.37233134073441504 0.6253398586188146 0.024765157984628524 0.028276237085372486
0 0.3874893253629377 0.5649809679173464 0.033731853116994025 0.048939641109298535
0 0.35012809564474806 0.5957041870581838 0.035012809564474806 0.037520391517128875
0 0.31575576430401364 0.6150081566068516 0.038855678906917164 0.0413268080478521
0 0.2794619982920581 0.5766721044045677 0.0269000853970965 0.04730831973898858
0 0.2760461144321093 0.48613376835236544 0.02433817250213493 0.03806416530723219
0 0.2596071733561059 0.5250135943447526 0.028181041844577284 0.04513322457857531
0 0.5646883005977796 0.33306144643828167 0.06703672075149444 0.06253398586188146
0 0.5631938514090521 0.25149537792278415 0.029035012809564473 0.048395867319195214
0 0.13983774551665243 0.4961935834692768 0.042271562766865924 0.05818379554105492
