0 0.10990338164251208 0.6545784224841342 0.0748792270531401 0.07252946509519492
0 0.12681159420289856 0.5847688123300091 0.07971014492753623 0.07615593834995467
0 0.20249597423510468 0.7039891205802358 0.07648953301127215 0.08794197642792384
0 0.19927536231884058 0.5793291024478694 0.03784219001610306 0.05802357207615594
0 0.23107890499194847 0.5679963735267453 0.057971014492753624 0.06255666364460562
0 0.3176328502415459 0.6491387126019945 0.08454106280193237 0.10154125113327289
0 0.3353462157809984 0.5820489573889392 0.07326892109500806 0.08340888485947416
0 0.4971819645732689 0.6278331822302811 0.0748792270531401 0.09156844968268359
0 0.44806763285024154 0.6495920217588396 0.036231884057971016 0.04986400725294651
0 0.44363929146537845 0.4904805077062557 0.08051529790660225 0.09610154125113328
0 0.5169082125603864 0.5757026291931097 0.0499194847020934 0.056210335448776065
0 0.5253623188405797 0.5262919310970081 0.03462157809983897 0.04986400725294651
0 0.6392914653784219 0.26473254759746145 0.08856682769726248 0.0743427017225748
