3 0.22188940092165899 0.29564315352697096 0.10737327188940092 0.03803596127247579
3 0.24101382488479262 0.3412863070539419 0.10875576036866359 0.03250345781466114
0 0.15115207373271888 0.36894882434301524 0.03963133640552995 0.06846473029045644
0 0.1827188940092166 0.4823651452282158 0.046543778801843315 0.06293222683264177
0 0.12880184331797234 0.4982710926694329 0.016129032258064516 0.029737206085753802
0 0.41359447004608296 0.5304287690179806 0.04285714285714286 0.0677731673582296
3 0.40691244239631336 0.49688796680497926 0.01935483870967742 0.028354080221300138
0 0.4078341013824885 0.6109958506224067 0.052534562211981564 0.07676348547717843
0 0.4686635944700461 0.6144536652835408 0.047004608294930875 0.05186721991701245
0 0.5232718894009216 0.646957123098202 0.05576036866359447 0.07123098201936376
0 0.631336405529954 0.6393499308437067 0.055299539170506916 0.08782849239280774
0 0.6244239631336406 0.5096818810511756 0.04976958525345622 0.07330567081604426
0 0.5949308755760369 0.5121023513139695 0.018433179723502304 0.028354080221300138
0 0.8592165898617512 0.3603042876901798 0.046543778801843315 0.06915629322268327
2 0.8622119815668203 0.30809128630705396 0.010138248847926268 0.014522821576763486
2 0.9165898617511521 0.41009681881051174 0.009216589861751152 0.008298755186721992
