0 0.5573453608247423 0.7572684246112238 0.04896907216494845 0.06490872210953347
0 0.5573453608247423 0.801893171061528 0.03608247422680412 0.028397565922920892
0 0.4948453608247423 0.7542258282623394 0.05283505154639175 0.06423258958755916
0 0.6423969072164949 0.7265043948613928 0.05154639175257732 0.06423258958755916
0 0.6929768041237113 0.7349560513860717 0.02384020618556701 0.025693035835023664
0 0.6916881443298969 0.6754563894523327 0.0509020618556701 0.05138607167004733
0 0.7384020618556701 0.656524678837052 0.041237113402061855 0.05544286680189317
0 0.7638530927835051 0.6267748478701826 0.027706185567010308 0.02028397565922921
0 0.5873067010309279 0.6514536849222448 0.0663659793814433 0.08586883029073698
0 0.3286082474226804 0.6359026369168357 0.019329896907216496 0.0196078431372549
0 0.39787371134020616 0.6206896551724138 0.05605670103092784 0.0581473968897904
0 0.4893685567010309 0.6362407031778229 0.04445876288659794 0.054090601757944556
0 0.4845360824742268 0.6950642325895876 0.04768041237113402 0.060851926977687626
0 0.5190077319587629 0.6707234617985125 0.027706185567010308 0.016227180527383367
0 0.540270618556701 0.5882352941176471 0.047036082474226804 0.0784313725490196
0 0.44555412371134023 0.49898580121703856 0.030283505154639175 0.036511156186612576
0 0.45586340206185566 0.4570655848546315 0.0547680412371134 0.043272481406355645
0 0.49420103092783507 0.48715348208248815 0.027061855670103094 0.027721433400946585
0 0.5225515463917526 0.41379310344827586 0.03865979381443299 0.06220419202163624
0 0.5231958762886598 0.45841784989858014 0.03221649484536082 0.028397565922920892
2 0.6188788659793815 0.5997295469912103 0.013530927835051547 0.013522650439486139
2 0.7181056701030928 0.37390128465179173 0.022551546391752577 0.02028397565922921
