0 0.42638297872340425 0.41721044045676997 0.08 0.09380097879282219
0 0.38765957446808513 0.36541598694942906 0.07914893617021276 0.057096247960848286
0 0.4582978723404255 0.2271615008156607 0.05872340425531915 0.07585644371941272
0 0.38978723404255317 0.28833605220228387 0.07148936170212766 0.08401305057096248
0 0.32638297872340427 0.23368678629690048 0.10127659574468086 0.08238172920065252
0 0.16638297872340427 0.26386623164763456 0.06893617021276596 0.08564437194127243
0 0.2297872340425532 0.18515497553017946 0.1072340425531915 0.048939641109298535
0 0.1778723404255319 0.6598694942903752 0.0748936170212766 0.08482871125611746
0 0.12 0.6015497553017944 0.06297872340425532 0.08075040783034258
4 0.7953191489361702 0.5379282218597063 0.03829787234042553 0.033442088091353996
4 0.5370212765957447 0.29200652528548127 0.03574468085106383 0.03262642740619902
4 0.6408510638297872 0.3764274061990212 0.04936170212765958 0.0399673735725938
4 0.7761702127659574 0.47512234910277323 0.0425531914893617 0.03507340946166395
