0 0.9607190412782957 0.05637982195845697 0.0692410119840213 0.08704253214638971
0 0.5702396804260985 0.4970326409495549 0.035286284953395475 0.036597428288822946
4 0.2107190412782956 0.6043521266073195 0.02862849533954727 0.03956478733926805
0 0.24766977363515313 0.5361028684470821 0.011984021304926764 0.021760633036597428
0 0.2892809587217044 0.4179030662710188 0.04727030625832224 0.08605341246290801
0 0.3458721704394141 0.3981206726013848 0.05659121171770972 0.10385756676557864
0 0.41577896138482023 0.3600395647873393 0.021970705725699067 0.03165182987141444
0 0.362849533954727 0.31602373887240354 0.05858854860186418 0.09000989119683482
0 0.29760319573901467 0.314540059347181 0.05858854860186418 0.09891196834817013
0 0.23435419440745672 0.347675568743818 0.04660452729693742 0.08803165182987141
0 0.20439414114513982 0.4446092977250247 0.0426098535286285 0.10187932739861523
0 0.15579227696404793 0.46538081107814044 0.06524633821571238 0.09594460929772503
0 0.08488681757656458 0.4732937685459941 0.020639147802929428 0.03461918892185954
0 0.28761651131824234 0.22106824925816024 0.05992010652463382 0.09198813056379822
0 0.2310252996005326 0.13699307616221562 0.05193075898801598 0.09198813056379822
0 0.3022636484687084 0.16468842729970326 0.014647137150466045 0.028684470820969338
0 0.3561917443408788 0.14094955489614244 0.07323568575233022 0.09396636993076163
0 0.3698402130492676 0.23837784371909002 0.059254327563249 0.09693372898120672
0 0.39647137150466044 0.19831849653808112 0.05126498002663116 0.0840751730959446
0 0.42876165113182424 0.16666666666666666 0.047936085219707054 0.09396636993076163
0 0.27529960053262315 0.032640949554896145 0.061917443408788284 0.05934718100890208
