5 0.7965437788018433 0.8541966426858513 0.01152073732718894 0.004796163069544364
5 0.7336405529953917 0.8141486810551559 0.005529953917050691 0.006235011990407674
5 0.7619815668202765 0.8328537170263789 0.012442396313364055 0.006235011990407674
5 0.8550691244239631 0.8345323741007195 0.00783410138248848 0.0028776978417266188
5 0.5423963133640552 0.7839328537170264 0.008294930875576038 0.006235011990407674
5 0.3405529953917051 0.7508393285371703 0.0027649769585253456 0.007194244604316547
5 0.17235023041474654 0.7244604316546762 0.0027649769585253456 0.006235011990407674
4 0.7419354838709677 0.5093525179856115 0.003686635944700461 0.004796163069544364
0 0.7753456221198156 0.5275779376498801 0.029953917050691243 0.047961630695443645
0 0.8165898617511521 0.49976019184652276 0.03317972350230415 0.04508393285371703
0 0.6820276497695853 0.42326139088729015 0.03133640552995392 0.03501199040767386
0 0.7341013824884792 0.3841726618705036 0.027649769585253458 0.027817745803357313
0 0.7580645161290323 0.37146282973621103 0.0423963133640553 0.036930455635491605
0 0.7382488479262673 0.34940047961630694 0.02488479262672811 0.029256594724220625
0 0.8 0.34436450839328536 0.04423963133640553 0.04028776978417266
0 0.8027649769585253 0.3122302158273381 0.027649769585253458 0.034532374100719423
0 0.8451612903225807 0.3155875299760192 0.04331797235023042 0.04508393285371703
0 0.8845622119815668 0.3354916067146283 0.027188940092165898 0.03117505995203837
0 0.9149769585253457 0.34652278177458035 0.04285714285714286 0.04460431654676259
0 0.8345622119815668 0.2803357314148681 0.026728110599078342 0.023501199040767386
0 0.7244239631336405 0.46354916067146285 0.020276497695852536 0.023501199040767386
0 0.7377880184331798 0.45059952038369305 0.02857142857142857 0.022541966426858514
5 0.776036866359447 0.4239808153477218 0.005529953917050691 0.0057553956834532375
