0 0.5558690744920993 0.609946075494308 0.03611738148984198 0.05392450569203116
0 0.5516365688487584 0.5733972438585979 0.035553047404063204 0.022768124625524265
0 0.6182279909706546 0.5704014379868184 0.04796839729119639 0.046734571599760334
0 0.5908577878103838 0.548831635710006 0.04401805869074492 0.04074295985620132
0 0.6244356659142212 0.5347513481126424 0.027652370203160272 0.029358897543439184
0 0.5330135440180587 0.45835829838226483 0.040067720090293454 0.052726183343319355
0 0.7288374717832957 0.40323547034152185 0.018623024830699775 0.019173157579388856
0 0.6622460496613995 0.42390653085680047 0.04909706546275395 0.04973037747153984
5 0.7034424379232506 0.40443379269023366 0.001693002257336343 0.005991611743559017
5 0.6645033860045146 0.555122828040743 0.0028216704288939053 0.0029958058717795086
0 0.5770316027088036 0.41971240263630916 0.041196388261851014 0.050928699820251645
0 0.5809819413092551 0.3678849610545237 0.041196388261851014 0.05392450569203116
0 0.5516365688487584 0.39095266626722586 0.02652370203160271 0.016177351707609346
0 0.5558690744920993 0.3651887357699221 0.028216704288939052 0.040143798681845415
0 0.570823927765237 0.31545835829838226 0.045711060948081264 0.056920311563810666
0 0.5152370203160271 0.31845416417016176 0.04288939051918736 0.05452366686638706
0 0.5129796839729119 0.27860994607549433 0.029345372460496615 0.02156980227681246
0 0.4909706546275395 0.4140203714799281 0.05981941309255079 0.07070101857399641
2 0.45682844243792325 0.4622528460155782 0.014108352144469526 0.012582384661473937
0 0.3964446952595937 0.396345116836429 0.045711060948081264 0.050928699820251645
0 0.4373589164785553 0.35110844817255843 0.04288939051918736 0.057519472738166565
0 0.3905191873589165 0.3487118034751348 0.02144469525959368 0.022768124625524265
0 0.35242663656884876 0.4182144997004194 0.035553047404063204 0.05392450569203116
0 0.6052483069977427 0.05152786099460755 0.03781038374717833 0.041941282204913125
0 0.5629232505643341 0.0677052127022169 0.041196388261851014 0.04313960455362492
0 0.4785553047404063 0.08418214499700419 0.060948081264108354 0.0665068903535051
2 0.37302483069977427 0.6701617735170761 0.01805869074492099 0.022168963451168363
5 0.42183972911963885 0.2171959257040144 0.006207674943566591 0.011384062312762133
5 0.29401805869074493 0.3846614739364889 0.006772009029345372 0.009586578789694428
0 0.33436794582392776 0.04973037747153984 0.04796839729119639 0.05032953864589575
0 0.30248306997742663 0.05871779508687837 0.04401805869074492 0.052726183343319355
0 0.3422686230248307 0.08418214499700419 0.029909706546275394 0.025763930497303775
0 0.21388261851015802 0.07789095266626722 0.04740406320541761 0.05152786099460755
0 0.24322799097065462 0.10635110844817255 0.030474040632054177 0.040143798681845415
