0 0.4698637316561845 0.3826742976066597 0.05188679245283019 0.049427679500520294
0 0.44077568134171907 0.4255983350676379 0.05450733752620545 0.055150884495317375
0 0.40932914046121593 0.4695629552549428 0.03878406708595388 0.030697190426638918
0 0.30765199161425577 0.7005723204994797 0.039832285115303984 0.04318418314255983
0 0.28747379454926625 0.7401144640998959 0.036163522012578615 0.04318418314255983
0 0.1789832285115304 0.7926638917793964 0.03825995807127883 0.04734651404786681
5 0.4216457023060797 0.740894901144641 0.01729559748427673 0.01040582726326743
4 0.42479035639413 0.8764308012486993 0.018343815513626835 0.016129032258064516
5 0.6087526205450734 0.19640998959417275 0.007861635220125786 0.004682622268470343
4 0.07416142557651992 0.7471383975026015 0.025681341719077568 0.02081165452653486
