0 0.53212910867634 0.5317614964925955 0.021912940479715724 0.04403741231488698
0 0.48386141545750666 0.4686282151208106 0.022505182114302635 0.020654715510522212
0 0.4543973941368078 0.4826578332034295 0.015694403316553154 0.021434138737334373
0 0.466834468463133 0.4986360093530787 0.02161681966242227 0.030007794232268122
0 0.39561741190405686 0.5157833203429463 0.013621557595498964 0.022213561964146533
0 0.38910275392360083 0.43219017926734216 0.017175007403020432 0.030397505845674203
0 0.431448030796565 0.3895167575993765 0.01243707432632514 0.017537022603273576
0 0.42034350014806043 0.3657443491816056 0.023985786200769913 0.033125487139516754
0 0.3454249333728161 0.46531566640685895 0.02280130293159609 0.025720966484801246
0 0.33165531536867043 0.4142634450506625 0.018359490672194254 0.018706157443491817
0 0.35445661830026653 0.4012081060015589 0.015398282499259699 0.021434138737334373
0 0.39917086171157834 0.40646921278254095 0.03316553153686704 0.03507404520654715
0 0.3343204027243115 0.34275136399064693 0.021320698845128813 0.028448947778643804
0 0.3609712762807225 0.3524941543257989 0.02428190701806337 0.0362431800467654
0 0.378146283683743 0.3542478565861263 0.018951732306781165 0.028059236165237724
0 0.38865857269766063 0.3456742010911925 0.016286644951140065 0.028059236165237724
0 0.4979271542789458 0.34781761496492597 0.023393544566183002 0.021434138737334373
5 0.2247557003257329 0.36009353078721745 0.03257328990228013 0.03819173811379579
5 0.12851643470535978 0.142244738893219 0.035534498075214686 0.044427123928293066
