5 0.3315018315018315 0.724233983286908 0.008547008547008548 0.019498607242339833
5 0.36324786324786323 0.6904596100278552 0.004884004884004884 0.013231197771587743
5 0.4899267399267399 0.27263231197771587 0.007936507936507936 0.018802228412256268
5 0.5238095238095238 0.2782033426183844 0.007326007326007326 0.02298050139275766
5 0.5808913308913309 0.1472841225626741 0.009157509157509158 0.028551532033426183
5 0.5897435897435898 0.14832869080779945 0.003663003663003663 0.012534818941504178
5 0.5506715506715507 0.13892757660167132 0.006105006105006105 0.014623955431754874
5 0.4590964590964591 0.09401114206128133 0.006105006105006105 0.02924791086350975
0 0.3806471306471306 0.23885793871866295 0.03235653235653236 0.052924791086350974
0 0.4075091575091575 0.2956128133704735 0.0811965811965812 0.09261838440111421
