3 0.5904233456637895 0.5474711623779946 0.03740238388820386 0.027506654835847383
0 0.4796547472256473 0.5854037267080745 0.0345252774352651 0.03948535936113576
3 0.5059597205096589 0.581410825199645 0.02137279079325935 0.019077196095829637
0 0.49013563501849566 0.5408163265306123 0.03740238388820386 0.03194321206743567
3 0.44574599260172626 0.5787488908606921 0.011919441019317715 0.01020408163265306
0 0.3207973695026716 0.5927240461401952 0.009453349773941636 0.008873114463176575
0 0.34278668310727495 0.6308784383318545 0.03616933826551583 0.027506654835847383
0 0.38491574188244965 0.6739130434782609 0.03740238388820386 0.029281277728482696
0 0.21948212083847102 0.6160159716060337 0.037813399095766545 0.035048802129547474
3 0.2414714344430744 0.6288819875776398 0.018495684340320593 0.025288376220053237
3 0.03226469379367036 0.4423247559893523 0.017673653925195234 0.019520851818988466
3 0.07336621454993834 0.47493345164152617 0.01685162351006987 0.019077196095829637
0 0.054048499794492395 0.46073646850044364 0.03822441430332922 0.041259982253771074
0 0.016029593094944512 0.3240905057675244 0.031237155774763666 0.04392191659272405
