3 0.36458684654300166 0.3127320954907162 0.019561551433389546 0.02493368700265252
3 0.41197301854974705 0.3363395225464191 0.01045531197301855 0.013793103448275862
3 0.4623946037099494 0.3594164456233422 0.012816188870151771 0.022811671087533156
3 0.5413153456998314 0.44376657824933685 0.010792580101180439 0.014323607427055704
3 0.6600337268128161 0.2838196286472148 0.011467116357504217 0.015915119363395226
3 0.7755480607082631 0.1039787798408488 0.01045531197301855 0.01273209549071618
1 0.7187183811129848 0.18090185676392573 0.014839797639123103 0.00636604774535809
1 0.7251264755480608 0.16551724137931034 0.008094435075885328 0.01909814323607427
1 0.684654300168634 0.26843501326259944 0.012141652613827993 0.009549071618037135
1 0.4816188870151771 0.3915119363395225 0.012816188870151771 0.01273209549071618
1 0.39561551433389547 0.3294429708222812 0.01888701517706577 0.01273209549071618
1 0.3617200674536256 0.30053050397877984 0.016526138279932545 0.010079575596816976
0 0.8993254637436762 0.11724137931034483 0.014502529510961214 0.029708222811671087
0 0.9077571669477235 0.11777188328912466 0.007082630691399663 0.010610079575596816
0 0.8546374367622259 0.18859416445623342 0.017537942664418212 0.04297082228116711
0 0.8804384485666105 0.2246684350132626 0.02596964586846543 0.047214854111405836
0 0.9109612141652614 0.17559681697612733 0.016188870151770656 0.0350132625994695
0 0.9440134907251265 0.16578249336870027 0.014839797639123103 0.023872679045092837
0 0.9264755480607083 0.11061007957559682 0.014839797639123103 0.03978779840848806
0 0.9298482293423271 0.229973474801061 0.011467116357504217 0.023872679045092837
0 0.863575042158516 0.3687002652519894 0.016526138279932545 0.03289124668435013
0 0.8566610455311973 0.46551724137931033 0.016188870151770656 0.03129973474801061
0 0.8086003372681282 0.5196286472148541 0.023946037099494097 0.051458885941644564
0 0.7650927487352445 0.6652519893899205 0.02057335581787521 0.04456233421750663
4 0.7532883642495785 0.7 0.00775716694772344 0.01220159151193634
0 0.7827993254637436 0.7262599469496022 0.02833052276559865 0.0519893899204244
0 0.8952782462057336 0.553050397877984 0.022596964586846544 0.035543766578249335
0 0.9207419898819561 0.5363395225464191 0.019561551433389546 0.022281167108753316
0 0.9225969645868466 0.5864721485411141 0.024620573355817875 0.04190981432360743
0 0.9743676222596964 0.4652519893899204 0.024283305227655986 0.03713527851458886
3 0.01011804384485666 0.6729442970822281 0.012141652613827993 0.021750663129973476
