0 0.37769299820466784 0.23042362002567393 0.032764811490125674 0.04749679075738126
0 0.34627468581687615 0.3029525032092426 0.02827648114901257 0.03594351732991014
0 0.40574506283662476 0.6646341463414634 0.03680430879712747 0.036585365853658534
0 0.5650807899461401 0.7602695763799743 0.03052064631956912 0.04300385109114249
0 0.5832585278276481 0.6944801026957638 0.03096947935368043 0.04236200256739409
0 0.5626122082585279 0.6848523748395379 0.018402154398563735 0.03465982028241335
0 0.5929084380610413 0.6559691912708601 0.018850987432675045 0.03209242618741977
0 0.578770197486535 0.6713735558408216 0.02289048473967684 0.037227214377406934
0 0.5352333931777379 0.62002567394095 0.027378815080789945 0.043645699614890884
0 0.5635098743267505 0.6017329910141207 0.02827648114901257 0.045571245186136075
0 0.6128815080789947 0.576379974326059 0.031867145421903054 0.04749679075738126
0 0.6294883303411131 0.5622593068035944 0.02378815080789946 0.037227214377406934
0 0.6375673249551167 0.5507060333761232 0.025583482944344704 0.037227214377406934
0 0.6097396768402155 0.5102695763799743 0.027378815080789945 0.03979460847240052
0 0.5718132854578097 0.48267008985879334 0.02872531418312388 0.044929396662387676
0 0.5572262118491921 0.5022464698331194 0.02199281867145422 0.031450577663671375
0 0.5473518850987432 0.5298459563543004 0.01660682226211849 0.027599486521181
0 0.5525134649910234 0.5555198973042362 0.03321364452423698 0.04685494223363286
0 0.4486086175942549 0.5629011553273428 0.013913824057450628 0.029525032092426188
0 0.5026929982046678 0.5446084724005135 0.026032315978456014 0.037869062901155326
0 0.4759874326750449 0.5670731707317073 0.02917414721723519 0.044287548138639284
0 0.5175044883303411 0.5269576379974326 0.019748653500897665 0.03080872913992298
0 0.525359066427289 0.5542362002567394 0.026481149012567325 0.04685494223363286
