0 0.4900473933649289 0.9133889551052841 0.03696682464454976 0.028605482717520857
0 0.5881516587677725 0.8726658720699245 0.04454976303317536 0.03774334525228447
0 0.7774881516587677 0.9127930075486691 0.04028436018957346 0.027413587604290822
0 0.8488151658767773 0.9016686531585221 0.012322274881516588 0.010727056019070322
0 0.8457345971563981 0.8174413984902662 0.04691943127962085 0.07906237584425904
0 0.7834123222748816 0.8289630512514898 0.04739336492890995 0.09018673023440604
0 0.7630331753554502 0.866507747318236 0.03886255924170616 0.04529201430274136
0 0.8376777251184834 0.6281287246722288 0.06303317535545024 0.04370282081843464
0 0.8009478672985783 0.5945570123162495 0.025592417061611375 0.017878426698450536
0 0.8772511848341232 0.6344854986094557 0.017061611374407582 0.02463249900675407
0 0.907345971563981 0.5371473976956694 0.027962085308056873 0.029400079459674214
0 0.6575829383886256 0.18970997218911403 0.08483412322274882 0.058402860548271755
0 0.7090047393364929 0.20143027413587605 0.03033175355450237 0.022248708780294002
0 0.7872037914691943 0.2058005562177195 0.035071090047393366 0.01748112832737386
3 0.8267772511848341 0.6912991656734208 0.08578199052132701 0.06595152959872864
3 0.8191943127962086 0.7355979340484704 0.0990521327014218 0.07826777910210568
5 0.5068720379146919 0.865911799761621 0.012796208530805687 0.013110846245530394
5 0.5808056872037914 0.9108065156932856 0.00900473933649289 0.009137862534763607
5 0.5938388625592417 0.921533571712356 0.016113744075829384 0.013905442987683751
5 0.6061611374407583 0.9235200635677394 0.009478672985781991 0.012316249503377036
5 0.6687203791469194 0.9664282876440207 0.011374407582938388 0.012316249503377036
