0 0.26965601965601965 0.9381729200652529 0.038083538083538086 0.02773246329526917
0 0.28726453726453727 0.89836867862969 0.05446355446355446 0.03947797716150082
0 0.3576986076986077 0.8944535073409462 0.042997542997543 0.03686786296900489
0 0.45290745290745293 0.8650897226753671 0.05405405405405406 0.04013050570962479
0 0.22993447993447994 0.797879282218597 0.020065520065520065 0.019249592169657423
0 0.23300573300573302 0.7877650897226753 0.013923013923013924 0.014029363784665579
0 0.2655610155610156 0.8120717781402936 0.07084357084357085 0.0567699836867863
0 0.3402948402948403 0.7907014681892333 0.025389025389025387 0.019249592169657423
0 0.3748976248976249 0.7662316476345841 0.06592956592956593 0.03164763458401305
3 0.3501228501228501 0.8073409461663947 0.0343980343980344 0.019902120717781403
0 0.19737919737919737 0.734910277324633 0.03521703521703522 0.023817292006525284
0 0.21642096642096642 0.7251223491027733 0.013513513513513514 0.01598694942903752
0 0.28746928746928746 0.5412724306688418 0.05241605241605242 0.03784665579119086
0 0.5071662571662572 0.5626427406199022 0.020884520884520884 0.01598694942903752
0 0.5638820638820639 0.37504078303425775 0.043407043407043405 0.038825448613376834
3 0.6203931203931204 0.4738988580750408 0.04504504504504504 0.04274061990212072
0 0.6955364455364456 0.45921696574225124 0.04463554463554464 0.034910277324632956
0 0.7766175266175266 0.467862969004894 0.0773955773955774 0.04959216965742251
0 0.8108108108108109 0.5743882544861337 0.043407043407043405 0.03295269168026101
0 0.49385749385749383 0.5807504078303426 0.043407043407043405 0.037194127243066887
