3 0.0837160751565762 0.2985739750445633 0.031315240083507306 0.0338680926916221
3 0.16889352818371609 0.2983511586452763 0.037160751565762005 0.023618538324420676
3 0.1534446764091858 0.3344474153297683 0.0722338204592902 0.05303030303030303
2 0.010438413361169102 0.41020499108734404 0.006680584551148226 0.0066844919786096255
0 0.050730688935281834 0.41109625668449196 0.05302713987473904 0.03163992869875223
0 0.043423799582463465 0.607620320855615 0.038413361169102295 0.026292335115864526
0 0.12129436325678497 0.679144385026738 0.02630480167014614 0.0285204991087344
0 0.2386221294363257 0.6842691622103387 0.03382045929018789 0.03431372549019608
0 0.277035490605428 0.7025401069518716 0.027139874739039668 0.02807486631016043
0 0.14759916492693112 0.608957219251337 0.05887265135699374 0.03698752228163993
0 0.23924843423799583 0.6263368983957219 0.031732776617954074 0.020053475935828877
0 0.16367432150313152 0.5946969696969697 0.016701461377870562 0.014705882352941176
0 0.1895615866388309 0.5951426024955436 0.015031315240083507 0.018270944741532978
0 0.33215031315240084 0.9159982174688057 0.03883089770354906 0.03609625668449198
0 0.27724425887265136 0.821301247771836 0.020041753653444676 0.030303030303030304
