0 0.03901734104046243 0.46298834818368745 0.028323699421965318 0.05140507196710076
0 0.09190751445086705 0.46196024674434544 0.08439306358381503 0.09458533241946539
0 0.16676300578034683 0.4568197395476354 0.0676300578034682 0.0884167237834133
0 0.31445086705202313 0.48971898560657984 0.09017341040462427 0.10486634681288554
3 0.042196531791907514 0.43248800548320765 0.023121387283236993 0.01782042494859493
3 0.3401734104046243 0.5075394105551748 0.02485549132947977 0.02810143934201508
3 0.17427745664739885 0.7227553118574366 0.0838150289017341 0.08978752570253598
3 0.2540462427745665 0.6768334475668266 0.07109826589595376 0.09527073337902674
3 0.8578034682080925 0.6549006168608636 0.09826589595375723 0.11309115832762166
3 0.8502890173410405 0.5870459218642906 0.04277456647398844 0.04866346812885538
0 0.13439306358381503 0.3577793008910212 0.023699421965317918 0.01644962302947224
