0 0.2581983405768471 0.05493630573248408 0.021730541288028447 0.022292993630573247
0 0.2668905570920585 0.08220541401273886 0.0375345713156855 0.037818471337579616
3 0.300276570525484 0.0973328025477707 0.023706045041485577 0.02587579617834395
0 0.17601738443303042 0.11723726114649681 0.0225207427894113 0.02587579617834395
0 0.2299486369024101 0.08140923566878981 0.025286448044251283 0.029060509554140128
0 0.2281706835242987 0.10847929936305732 0.03911497431845121 0.03463375796178344
0 0.3249703674436981 0.10549363057324841 0.03437376531015409 0.03662420382165605
0 0.1922165152113789 0.13276273885350318 0.035954168312919796 0.03304140127388535
0 0.17246147767680758 0.1455015923566879 0.024101145792177005 0.025079617834394906
0 0.17680758593441329 0.20003980891719744 0.023310944290794153 0.01711783439490446
0 0.16613986566574476 0.2105891719745223 0.01619913077834848 0.018312101910828025
0 0.24397471355195574 0.23626592356687898 0.02884235480047412 0.03702229299363057
0 0.21098380086922164 0.26472929936305734 0.023706045041485577 0.03343949044585987
4 0.18352429869616751 0.24800955414012738 0.006716712761754247 0.006369426751592357
0 0.49348083761359146 0.21636146496815287 0.02449624654286843 0.026671974522292995
0 0.49486369024101146 0.24462579617834396 0.0375345713156855 0.033837579617834394
2 0.7629395495851442 0.26731687898089174 0.007111813512445673 0.009952229299363057
2 0.7694587119715528 0.22213375796178345 0.009087317265902806 0.013535031847133758
2 0.8389964440932438 0.06807324840764331 0.011457921770051362 0.016719745222929936
2 0.3929276965626235 0.8775875796178344 0.008297115764519953 0.01552547770700637
0 0.4257210588700118 0.9171974522292994 0.035954168312919796 0.04060509554140127
0 0.4749111023310944 0.8296178343949044 0.08455156064796523 0.0589171974522293
0 0.5258790991702884 0.8126990445859873 0.02133544053733702 0.021894904458598725
0 0.5203476886606084 0.7981687898089171 0.02449624654286843 0.025477707006369428
0 0.5521532990912683 0.8083200636942676 0.04069537732121691 0.03861464968152866
0 0.6092453575661794 0.8230493630573248 0.029237455551165546 0.025079617834394906
0 0.6201106282101936 0.8075238853503185 0.021730541288028447 0.02428343949044586
0 0.4229553536151719 0.7567675159235668 0.04227578032398262 0.03821656050955414
0 0.5250888976689055 0.7344745222929936 0.03397866455946266 0.037420382165605094
3 0.5416831291979455 0.7304936305732485 0.014223627024891347 0.01592356687898089
0 0.3634926906361122 0.7153662420382165 0.04109047807190833 0.041401273885350316
0 0.4006321612011063 0.6924761146496815 0.0450414855788226 0.04020700636942675
0 0.4482418016594232 0.6769506369426752 0.050177795337811144 0.044984076433121016
0 0.4911102331094429 0.6656050955414012 0.036349269063611224 0.02786624203821656
0 0.2977084156459897 0.678343949044586 0.04148557882259976 0.03821656050955414
0 0.6615962070327933 0.6441082802547771 0.024891347293559858 0.03423566878980892
0 0.6845120505728961 0.5611066878980892 0.03121295930462268 0.04339171974522293
0 0.7028842354800474 0.540406050955414 0.02765705254839984 0.016321656050955414
3 0.6426313709996049 0.6164410828025477 0.011457921770051362 0.01711783439490446
0 0.5624259186092454 0.473328025477707 0.04148557882259976 0.04060509554140127
0 0.5683524298696168 0.4341162420382166 0.03121295930462268 0.033837579617834394
0 0.5588700118530225 0.3873407643312102 0.04464638482813117 0.044585987261146494
0 0.5655867246147768 0.36544585987261147 0.02884235480047412 0.024681528662420384
0 0.5798103516396681 0.3525079617834395 0.02805215329909127 0.02746815286624204
0 0.5183721849071513 0.3943073248407643 0.03081785855393125 0.03304140127388535
0 0.5604504148557883 0.3377786624203822 0.024891347293559858 0.02269108280254777
0 0.6299881469774793 0.34375 0.04227578032398262 0.04418789808917197
0 0.6319636507309364 0.30195063694267515 0.033583563808771234 0.03622611464968153
0 0.6779928881864875 0.31170382165605093 0.026866851047016988 0.028662420382165606
0 0.6914263137099961 0.30254777070063693 0.018964836033188465 0.020700636942675158
0 0.6987356775977874 0.28085191082802546 0.03121295930462268 0.028264331210191083
0 0.6941920189648361 0.3825636942675159 0.036349269063611224 0.03980891719745223
0 0.7309363887791387 0.3596735668789809 0.0300276570525484 0.02428343949044586
0 0.634926906361122 0.4341162420382166 0.03081785855393125 0.037818471337579616
0 0.6949822204662189 0.45143312101910826 0.03081785855393125 0.037420382165605094
0 0.6483603318846306 0.4890525477707006 0.03239826155669696 0.037818471337579616
3 0.6552745950217306 0.41580414012738853 0.014618727775582773 0.01950636942675159
3 0.7404188067957329 0.4369028662420382 0.015804030027657054 0.01552547770700637
0 0.7670881074674042 0.4303343949044586 0.0375345713156855 0.03901273885350318
0 0.8224022125642039 0.5328423566878981 0.04543658632951403 0.041003184713375794
0 0.777558277360727 0.3326035031847134 0.040300276570525484 0.04259554140127388
0 0.8164757013038325 0.25179140127388533 0.02884235480047412 0.03144904458598726
0 0.8048202291584354 0.28204617834394907 0.03081785855393125 0.03702229299363057
0 0.7668905570920584 0.2900079617834395 0.015804030027657054 0.01552547770700637
2 0.7743974713551955 0.26671974522292996 0.005531410509679968 0.00875796178343949
0 0.7394310549190043 0.23845541401273884 0.036744369814302645 0.03821656050955414
0 0.6141841169498222 0.24502388535031847 0.01382852627419992 0.01950636942675159
0 0.6604109047807191 0.25378184713375795 0.0675622283682339 0.02746815286624204
0 0.8166732516791781 0.20959394904458598 0.03239826155669696 0.03542993630573248
0 0.7741999209798499 0.19148089171974522 0.023310944290794153 0.022292993630573247
0 0.7769656262346899 0.16779458598726116 0.036744369814302645 0.03861464968152866
5 0.6135914658237851 0.16023089171974522 0.005531410509679968 0.007563694267515924
0 0.6378901619913078 0.19148089171974522 0.09521928091663374 0.06130573248407643
0 0.7190833662583959 0.20720541401273884 0.028447254049782694 0.02109872611464968
0 0.5738838403792967 0.5185111464968153 0.0375345713156855 0.04259554140127388
0 0.7688660608455156 0.7852308917197452 0.03476886606084552 0.03463375796178344
0 0.7510865270644014 0.8049363057324841 0.03239826155669696 0.027070063694267517
