2 0.17960954446854663 0.06512924480486569 0.008676789587852495 0.015712113532691332
0 0.16268980477223427 0.34718702483527625 0.015618221258134491 0.03852002027369488
0 0.13622559652928418 0.3560567663456665 0.021691973969631236 0.039026862645717184
0 0.7707158351409978 0.7290927521540801 0.026464208242950107 0.03395843892549417
0 0.6813449023861171 0.612772427774962 0.019522776572668113 0.03243791180942727
0 0.6492407809110629 0.6302584896097314 0.015184381778741865 0.02280790674100355
0 0.6557483731019523 0.656614292954891 0.028199566160520606 0.031931069437404966
0 0.658351409978308 0.70704510897111 0.026464208242950107 0.03750633552965028
0 0.679175704989154 0.6791687785098834 0.030802603036876357 0.03649265078560568
0 0.6739696312364425 0.64977192093259 0.016052060737527116 0.02027369488089204
