0 0.016387046429964885 0.9076042518397384 0.03199375731564573 0.033524121013900246
0 0.06418259851736247 0.8851185609157809 0.020678891923527117 0.023712183156173343
0 0.09051892313694888 0.884300899427637 0.03199375731564573 0.03188879803761243
0 0.19215762777994538 0.9033115290269829 0.03940694498634413 0.04865085854456255
0 0.24365977370269215 0.8898201144726083 0.027701911822083494 0.031479967293540474
0 0.2717518532969177 0.8787816843826656 0.02848224736636754 0.030662305805396566
5 0.2686305111197815 0.8076451349141456 0.006632852126414358 0.00776778413736713
0 0.07354662504877098 0.8184791496320524 0.02848224736636754 0.032706459525756335
0 0.06535310183378853 0.7878168438266557 0.02614124073351541 0.033524121013900246
0 0.10066328521264144 0.7780049059689289 0.021069059695669138 0.01553556827473426
0 0.1129535700351151 0.8244071954210956 0.023800234100663287 0.022485690923957483
0 0.14709325009754196 0.8199100572363042 0.03589543503706594 0.03883892068683565
0 0.17635583300819352 0.7375306623058054 0.03823644166991806 0.03761242845461979
0 0.18571985953960202 0.7751430907604252 0.02887241513850956 0.04333605887162715
0 0.21868903628560282 0.7927228127555193 0.027701911822083494 0.03761242845461979
0 0.24775653531018338 0.8062142273098937 0.03901677721420211 0.041700735895339326
0 0.24053843152555598 0.7745298446443173 0.03316426063207179 0.030662305805396566
0 0.22688255950058525 0.7475470155355682 0.046429964884900504 0.037203597710547834
0 0.2799453765119001 0.7622649223221586 0.02614124073351541 0.03638593622240392
0 0.23468591494342567 0.7103434178250204 0.013655872024970737 0.0241210139002453
0 0.27116660163870465 0.7082992641046607 0.03979711275848615 0.053556827473426
0 0.2645337495122903 0.6796811120196239 0.016387046429964885 0.01757972199509403
0 0.30842762387826766 0.7033932951757972 0.035505267264923916 0.032297628781684386
0 0.296527506827936 0.7332379394930498 0.02184939523995318 0.021668029435813575
0 0.34120171673819744 0.723426001635323 0.02614124073351541 0.031479967293540474
0 0.33573936792820913 0.6731398201144726 0.01911822083495903 0.02902698282910875
0 0.32305891533359343 0.6469746524938675 0.02809207959422552 0.021668029435813575
0 0.3053062817011315 0.7990596892886345 0.02536090518923137 0.032297628781684386
0 0.33242294186500193 0.7880212591986917 0.034334763948497854 0.031479967293540474
0 0.3798283261802575 0.8090760425183974 0.03628560280920796 0.04006541291905151
0 0.3813889972688256 0.7348732624693377 0.034724931720639875 0.037203597710547834
0 0.406749902458057 0.7266966475878986 0.0222395630120952 0.020032706459525755
0 0.4274287943815841 0.7101390024529844 0.03160358954350371 0.035977105478331974
0 0.4541552867733125 0.7401880621422731 0.03199375731564573 0.034750613246116106
0 0.4795161919625439 0.7773916598528209 0.041357783847054234 0.05928045789043336
3 0.4945376511900117 0.7808667211774325 0.008193523214982443 0.008994276369582993
0 0.5119001170503317 0.7397792313982011 0.02809207959422552 0.03802125919869174
0 0.39875146312914556 0.19276369582992642 0.02262973078423722 0.031479967293540474
0 0.4143581740148264 0.22730989370400653 0.05072181037846274 0.05233033524121014
5 0.4851736246586032 0.21852003270645953 0.009754194303550527 0.015126737530662305
5 0.4873195474053843 0.2313982011447261 0.006242684354272337 0.01062959934587081
5 0.463519313304721 0.21402289452166803 0.006242684354272337 0.011856091578086671
5 0.5224346468981662 0.14349959116925592 0.007803355442840421 0.017170891251022075
5 0.5288724151385096 0.1439084219133279 0.004291845493562232 0.007358953393295176
5 0.5056574326960593 0.13716271463614063 0.0046820132657042525 0.010220768601798855
5 0.4516191962543894 0.10834014717906787 0.006632852126414358 0.016353229762878167
5 0.41162699960983223 0.15188062142273098 0.005462348809988295 0.011038430089942763
5 0.2871634802965275 0.026573998364677023 0.009364026531408505 0.016353229762878167
5 0.3117440499414748 0.043949304987735076 0.00702301989855638 0.011856091578086671
