0 0.6376772082878953 0.4084128878281623 0.025627044711014176 0.042362768496420046
0 0.5965103598691385 0.43287589498806683 0.023991275899672846 0.0256563245823389
0 0.6055070883315158 0.4665871121718377 0.0376226826608506 0.034606205250596656
0 0.6354961832061069 0.493436754176611 0.04089422028353326 0.0441527446300716
0 0.6082333696837514 0.5313245823389021 0.0430752453653217 0.04116945107398568
0 0.6425845147219194 0.4662887828162291 0.013631406761177753 0.020883054892601432
0 0.759814612868048 0.5563842482100239 0.0376226826608506 0.04474940334128878
0 0.8800436205016358 0.7070405727923628 0.03162486368593239 0.04295942720763723
0 0.9021264994547438 0.7159904534606205 0.015812431842966195 0.015513126491646777
5 0.5199018538713195 0.6032219570405728 0.011450381679389313 0.01909307875894988
5 0.38740458015267176 0.5363961813842482 0.022355507088331516 0.02028639618138425
5 0.2470010905125409 0.28162291169451076 0.007633587786259542 0.015513126491646777
5 0.14776444929116686 0.12649164677804295 0.011995637949836423 0.014319809069212411
5 0.08396946564885496 0.0220763723150358 0.009814612868047983 0.013126491646778043
