0 0.463768115942029 0.41519043401240036 0.04179305695989215 0.060673162090345435
0 0.5020222446916077 0.41851195748449954 0.023255813953488372 0.022143489813994686
0 0.4654533198517021 0.4758635961027458 0.028311425682507583 0.05447298494242692
0 0.5055611729019212 0.5637732506643047 0.014155712841253791 0.03188662533215235
0 0.48129423660262893 0.5801594331266607 0.03505224132119986 0.026572187776793623
0 0.4521402089652848 0.729406554472985 0.03404111897539602 0.02745792736935341
0 0.42551398719245026 0.7810008857395926 0.032018874283788336 0.04472984942426927
0 0.5109538254128749 0.7759078830823738 0.032355915065722954 0.03188662533215235
0 0.5884732052578362 0.8308237378210807 0.03640040444893832 0.043401240035429584
0 0.48365352207617124 0.9563773250664305 0.032355915065722954 0.030558015943312665
0 0.49848331648129424 0.9023472099202834 0.032355915065722954 0.02967227635075288
0 0.4666329625884732 0.854517271922055 0.03943377148634985 0.02967227635075288
0 0.47977755308392317 0.8275022143489814 0.029322548028311426 0.03587245349867139
0 0.5057296932928884 0.8215234720992028 0.02460397708122683 0.03188662533215235
0 0.5123019885406134 0.854295837023915 0.03572632288506909 0.03100088573959256
0 0.5421300977418267 0.9072187776793623 0.03808560835861139 0.05004428697962799
0 0.766767778901247 0.9528343666961914 0.02494101786316144 0.017271922054915855
0 0.9403437815975733 0.9340124003542959 0.022918773171553757 0.022143489813994686
0 0.9496124031007752 0.9054472984942427 0.02055948769801146 0.030558015943312665
0 0.628412537917088 0.8660318866253321 0.029322548028311426 0.034986713906111605
