3 0.39063643013899046 0.27401676337846553 0.17410387710314557 0.05415860735009671
3 0.43416239941477686 0.3136686009026435 0.17629846378931968 0.04577691811734365
0 0.3061448427212875 0.3552546744036106 0.06656912948061448 0.061895551257253385
0 0.3862472567666423 0.36879432624113473 0.07754206291148501 0.012894906511927788
0 0.3844184345281639 0.45422308188265637 0.08119970738844184 0.06511927788523533
0 0.28895391367959034 0.47840103159252095 0.027798098024871983 0.029658284977433915
0 0.7644476956839795 0.4577691811734365 0.06291148500365765 0.06576402321083172
0 0.766276517922458 0.5367504835589942 0.08412582297000731 0.06640876853642812
0 0.8632040965618142 0.5286911669890393 0.07461594732991954 0.05673758865248227
0 0.8814923189465984 0.49645390070921985 0.029261155815654718 0.019342359767891684
0 0.9509875640087784 0.5512572533849129 0.08632040965618142 0.06060606060606061
3 0.7417702999268471 0.4284332688588008 0.027798098024871983 0.025145067698259187
3 0.22019019751280175 0.16731141199226304 0.014630577907827359 0.01096067053513862
3 0.24579370885149962 0.16956802063185042 0.014630577907827359 0.01160541586073501
3 0.22311631309436722 0.20277240490006448 0.013167520117044623 0.008381689232753063
3 0.232626188734455 0.21566731141199227 0.011704462326261888 0.01096067053513862
3 0.21177761521580102 0.21179883945841393 0.006583760058522311 0.013539651837524178
3 0.3035844915874177 0.18117343649258544 0.04242867593269934 0.007736943907156673
