0 0.7016700404858299 0.47854426941879413 0.04706477732793522 0.051059206952743075
0 0.5141700404858299 0.36338946224877783 0.06477732793522267 0.055404671374253124
0 0.4714068825910931 0.3612167300380228 0.025809716599190284 0.03910917979359044
0 0.45546558704453444 0.24307441607821836 0.06983805668016195 0.054861488321564365
0 0.3972672064777328 0.2055947854426942 0.044534412955465584 0.049429657794676805
0 0.5875506072874493 0.09478544269418794 0.06578947368421052 0.049429657794676805
0 0.6642206477732794 0.11434003259098316 0.06831983805668017 0.047256925583921784
0 0.49266194331983804 0.607007061379685 0.05819838056680162 0.08093427485062465
0 0.45521255060728744 0.5404671374253124 0.062246963562753034 0.08039109179793591
5 0.4430668016194332 0.41743617599130906 0.005566801619433198 0.015752308527973928
5 0.4466093117408907 0.415263443780554 0.006578947368421052 0.012493210211841391
5 0.4956983805668016 0.5143943508962521 0.0075910931174089065 0.017381857686040194
