0 0.392644672796106 0.9480639213275968 0.03028664142779881 0.04978488014751076
0 0.023796646836127637 0.8457283343577136 0.046511627906976744 0.07375537799631224
0 0.0335316387236344 0.7771972956361402 0.06489994591671173 0.0842040565457898
0 0.030827474310438075 0.7163491087891826 0.05949161709031909 0.051014136447449294
0 0.24094104921579232 0.7264904732636754 0.052460789616008655 0.0725261216963737
0 0.2079502433747972 0.6920712968653965 0.04921579232017307 0.06637984019668101
0 0.33071930773391023 0.607559926244622 0.052460789616008655 0.07068223724646588
0 0.17685235262303947 0.6674861708666256 0.058409951325040566 0.0762138905961893
0 0.2290427257977285 0.6253841425937308 0.04056246619794483 0.055931161647203444
0 0.08139534883720931 0.6213890596189305 0.05570578691184424 0.08358942839582052
0 0.13656030286641427 0.56299938537185 0.053542455381287185 0.06883835279655809
0 0.1879394267171444 0.5295021511985248 0.052460789616008655 0.07314074984634296
0 0.2130881557598702 0.48985863552550707 0.04326663061114116 0.054087277197295634
0 0.23093564088696591 0.48371235402581436 0.02704164413196322 0.028272894898586354
0 0.25608436992969175 0.4560540872771973 0.028664142779881017 0.03196066379840197
2 0.32341806381828014 0.4446834665027658 0.016224986479177934 0.019053472649047325
0 0.15711195240670633 0.4130301167793485 0.04056246619794483 0.06637984019668101
0 0.17874526771227692 0.28795328826060235 0.035154137371552194 0.06084818684695759
0 0.16143861546782046 0.16164720344191763 0.042725797728501894 0.06146281499692686
0 0.24905354245538128 0.2965580823601721 0.05029745808545159 0.10018438844499078
0 0.28069226608977826 0.531960663798402 0.0822065981611682 0.09895513214505225
