0 0.3787331801772235 0.440084835630965 0.027568099770265836 0.03464121597737717
0 0.44010502133245816 0.4268292682926829 0.035444699704627505 0.03711558854718982
0 0.4650475877912701 0.4490986214209968 0.02822448309812931 0.03428773418168964
0 0.4876928126025599 0.4220572640509014 0.02297341647522153 0.032520325203252036
0 0.46586806695109945 0.4812654648285613 0.025927141450607153 0.02509720749381407
0 0.47915982934033474 0.5042417815482503 0.030193633081719726 0.03852951572993991
0 0.401706596652445 0.4061505832449629 0.03675746636035445 0.019088016967126194
0 0.37282573022645227 0.5867797808412867 0.02297341647522153 0.031813361611876985
0 0.39481457170987855 0.6115235065394132 0.02625533311453889 0.03464121597737717
4 0.39940925500492286 0.23700954400848356 0.01444043321299639 0.01661364439731354
4 0.5169018706924844 0.4490986214209968 0.011158516573679028 0.013078826440438318
4 0.5528388578930096 0.48427006009190526 0.014112241549064654 0.016260162601626018
4 0.6066622907778142 0.5275715800636267 0.015425008204791599 0.014492753623188406
4 0.6173285198555957 0.5549664192294097 0.019035116508040694 0.016967126193001062
