6 0.37210440456769983 0.6720744680851064 0.10473083197389886 0.14840425531914894
3 0.3370309951060359 0.21143617021276595 0.024143556280587276 0.09414893617021276
5 0.4910277324632953 0.17313829787234042 0.007177814029363785 0.006914893617021276
5 0.5117455138662317 0.4228723404255319 0.007504078303425775 0.006382978723404255
5 0.5132137030995106 0.45026595744680853 0.007177814029363785 0.006914893617021276
5 0.5088091353996738 0.45797872340425533 0.008156606851549755 0.006382978723404255
5 0.5151712887438825 0.4651595744680851 0.005872756933115824 0.0047872340425531915
5 0.4303425774877651 0.45398936170212767 0.004567699836867863 0.003723404255319149
5 0.5515497553017945 0.8313829787234043 0.007504078303425775 0.00425531914893617
5 0.5629690048939641 0.9648936170212766 0.007504078303425775 0.00851063829787234
5 0.568352365415987 0.9542553191489361 0.005872756933115824 0.00425531914893617
0 0.8797716150081566 0.788031914893617 0.03947797716150082 0.061170212765957445
0 0.8559543230016313 0.8507978723404256 0.025774877650897227 0.03138297872340425
2 0.8474714518760196 0.826063829787234 0.004893964110929853 0.010638297872340425
0 0.6549755301794453 0.9167553191489362 0.03230016313213703 0.05372340425531915
0 0.28711256117455136 0.45851063829787236 0.03458401305057096 0.045744680851063826
0 0.2895595432300163 0.5026595744680851 0.025122349102773247 0.039361702127659576
0 0.3137030995106036 0.46835106382978725 0.01729200652528548 0.032446808510638296
0 0.31484502446982054 0.4228723404255319 0.03197389885807504 0.045744680851063826
0 0.3368678629690049 0.4542553191489362 0.004241435562805873 0.005319148936170213
0 0.6375203915171289 0.8981382978723405 0.013050570962479609 0.02074468085106383
0 0.6621533442088091 0.8734042553191489 0.025122349102773247 0.052127659574468084
0 0.6427406199021207 0.8337765957446809 0.023491027732463296 0.05053191489361702
0 0.633278955954323 0.8593085106382978 0.009135399673735726 0.017553191489361703
0 0.6831973898858075 0.8196808510638298 0.021533442088091354 0.027659574468085105
0 0.6967373572593801 0.7893617021276595 0.01468189233278956 0.030851063829787233
0 0.6181076672104404 0.7909574468085107 0.025774877650897227 0.029787234042553193
0 0.6553017944535073 0.7893617021276595 0.0166394779771615 0.030851063829787233
0 0.6593800978792822 0.7492021276595745 0.017618270799347472 0.05053191489361702
0 0.7487765089722676 0.7930851063829787 0.02936378466557912 0.05531914893617021
0 0.7337683523654159 0.7531914893617021 0.020228384991843394 0.02446808510638298
0 0.7637846655791191 0.6800531914893617 0.022185970636215333 0.04946808510638298
0 0.733442088091354 0.6263297872340425 0.03066884176182708 0.05159574468085106
0 0.7216965742251223 0.6476063829787234 0.013703099510603589 0.015425531914893617
0 0.6818923327895595 0.6452127659574468 0.012398042414355628 0.02127659574468085
0 0.700489396411093 0.6303191489361702 0.023491027732463296 0.04893617021276596
0 0.7044045676998368 0.5925531914893617 0.020228384991843394 0.02872340425531915
0 0.6871125611745514 0.5787234042553191 0.01500815660685155 0.02553191489361702
0 0.7044045676998368 0.564627659574468 0.01500815660685155 0.022872340425531913
0 0.7557911908646003 0.5845744680851064 0.02773246329526917 0.04468085106382979
0 0.765089722675367 0.5526595744680851 0.023491027732463296 0.03723404255319149
0 0.7244698205546493 0.5502659574468085 0.025774877650897227 0.04946808510638298
0 0.7233278955954323 0.5090425531914894 0.020880913539967374 0.03297872340425532
0 0.7538336052202284 0.5146276595744681 0.024469820554649267 0.03031914893617021
0 0.6070146818923328 0.7271276595744681 0.029690048939641108 0.052127659574468084
0 0.6411092985318108 0.7039893617021277 0.01435562805872757 0.015425531914893617
0 0.6300163132137031 0.6550531914893617 0.02871125611745514 0.04414893617021277
0 0.6040783034257748 0.6462765957446809 0.022512234910277325 0.02553191489361702
0 0.599673735725938 0.6234042553191489 0.0300163132137031 0.023404255319148935
0 0.6159869494290375 0.5898936170212766 0.028058727569331157 0.052127659574468084
0 0.6430668841761827 0.5582446808510638 0.024143556280587276 0.04734042553191489
5 0.6295269168026101 0.538031914893617 0.006851549755301794 0.007978723404255319
0 0.6487765089722676 0.5289893617021276 0.014029363784665579 0.01648936170212766
0 0.6318107667210441 0.4925531914893617 0.029690048939641108 0.04893617021276596
0 0.6110929853181076 0.49840425531914895 0.01827079934747145 0.027659574468085105
0 0.6676998368678629 0.46808510638297873 0.027079934747145186 0.05531914893617021
0 0.6955954323001632 0.4377659574468085 0.025448613376835235 0.05425531914893617
0 0.6107667210440457 0.4441489361702128 0.03262642740619902 0.05638297872340425
0 0.59836867862969 0.39148936170212767 0.023491027732463296 0.05319148936170213
0 0.7593800978792822 0.45026595744680853 0.02838499184339315 0.05159574468085106
0 0.7619902120717782 0.4098404255319149 0.014029363784665579 0.025
0 0.7119086460032626 0.361436170212766 0.03066884176182708 0.054787234042553194
0 0.6892332789559543 0.33324468085106385 0.019902120717781403 0.040957446808510635
0 0.6582381729200653 0.3372340425531915 0.0166394779771615 0.04042553191489362
0 0.634584013050571 0.3074468085106383 0.027406199021207178 0.05
0 0.6283849918433931 0.27287234042553193 0.03132137030995106 0.027659574468085105
0 0.7223491027732464 0.2577127659574468 0.03262642740619902 0.04946808510638298
0 0.7277324632952692 0.29069148936170214 0.019249592169657423 0.01648936170212766
0 0.6952691680261012 0.19228723404255318 0.024796084828711255 0.04840425531914894
0 0.5849918433931485 0.17845744680851064 0.022838499184339316 0.04521276595744681
0 0.6133768352365416 0.16835106382978723 0.03132137030995106 0.05585106382978723
0 0.63278955954323 0.10132978723404255 0.03034257748776509 0.052659574468085106
0 0.6353996737357259 0.059574468085106386 0.01533442088091354 0.023404255319148935
0 0.7181076672104405 0.0800531914893617 0.01435562805872757 0.032446808510638296
0 0.7184339314845024 0.12127659574468085 0.020880913539967374 0.047872340425531915
0 0.3075040783034258 0.9388297872340425 0.042088091353996736 0.10212765957446808
0 0.3265905383360522 0.948404255319149 0.05415986949429037 0.09361702127659574
0 0.34371941272430667 0.9566489361702127 0.05644371941272431 0.08244680851063829
0 0.6960848287112561 0.7191489361702128 0.023817292006525284 0.04148936170212766
