0 0.3506561679790026 0.5268475750577367 0.050393700787401574 0.07332563510392609
0 0.39238845144356954 0.5034642032332564 0.04566929133858268 0.03117782909930716
0 0.3963254593175853 0.5739030023094688 0.04514435695538058 0.03002309468822171
0 0.3569553805774278 0.5978637413394919 0.048293963254593175 0.06755196304849885
0 0.4 0.6226905311778291 0.03884514435695538 0.059468822170900694
0 0.38818897637795274 0.7139145496535797 0.06246719160104987 0.037528868360277134
0 0.4238845144356955 0.7621247113163973 0.04566929133858268 0.03926096997690531
0 0.38346456692913383 0.7497113163972287 0.04461942257217848 0.04561200923787529
0 0.7170603674540682 0.6224018475750578 0.07244094488188976 0.08198614318706697
0 0.7564304461942257 0.6365473441108545 0.03464566929133858 0.03868360277136259
0 0.7461942257217847 0.40704387990762125 0.07821522309711286 0.10854503464203233
0 0.721259842519685 0.37153579676674364 0.024146981627296588 0.024826789838337183
0 0.7496062992125985 0.31148960739030024 0.07244094488188976 0.08140877598152425
0 0.7863517060367454 0.2823325635103926 0.028346456692913385 0.03002309468822171
3 0.7627296587926509 0.2684757505773672 0.029396325459317585 0.02771362586605081
2 0.7727034120734908 0.4685334872979215 0.02204724409448819 0.03175519630484989
2 0.810761154855643 0.4255196304849885 0.01627296587926509 0.015011547344110854
0 0.8593175853018372 0.8472863741339491 0.07034120734908136 0.06986143187066975
0 0.8952755905511811 0.8637413394919169 0.03937007874015748 0.04387990762124711
2 0.8480314960629921 0.7869515011547344 0.06771653543307087 0.07274826789838337
2 0.8908136482939633 0.7488452655889145 0.08083989501312336 0.06466512702078522
