1 0.6315120711562897 0.49252443933295 0.03303684879288437 0.039677975848188614
1 0.6162642947903431 0.4991374353076481 0.03176620076238882 0.04025301897642323
1 0.6064167725540025 0.5046003450258769 0.028589580686149935 0.041978148361127086
1 0.5956162642947903 0.5071880391029328 0.026048284625158832 0.03565267395054629
1 0.5854510800508259 0.5097757331799885 0.014612452350698857 0.030477285796434734
1 0.5717916137229987 0.5011500862564693 0.026683608640406607 0.046578493387004025
1 0.5644853875476493 0.5092006900517538 0.013341804320203304 0.0327774583093732
1 0.5578144853875476 0.5080506037952847 0.01397712833545108 0.02817711328349626
1 0.5438373570520966 0.5117883841288097 0.012706480304955527 0.04025301897642323
1 0.5324015247776366 0.511213341000575 0.012706480304955527 0.03795284646348476
1 0.49587039390088944 0.5247268545140885 0.04891994917407878 0.04082806210465785
1 0.4844345616264295 0.5313398504887866 0.04383735705209657 0.03795284646348476
1 0.47458703939008895 0.5396779758481887 0.03939008894536213 0.02817711328349626
1 0.46855146124523506 0.5457159286946521 0.031130876747141042 0.023001725129384705
1 0.3113087674714104 0.6037952846463485 0.062261753494282084 0.02645198389879241
1 0.3135324015247776 0.6158711903392754 0.056543837357052096 0.02875215641173088
1 0.07878017789072427 0.6460609545715928 0.012706480304955527 0.024726854514088556
1 0.17884371029224905 0.4907993099482461 0.0590851334180432 0.02127659574468085
1 0.17026683608640406 0.4614721104082806 0.043202033036848796 0.030477285796434734
1 0.16041931385006353 0.4439332949971248 0.031130876747141042 0.008050603795284647
1 0.14866581956797967 0.4286946520989074 0.022871664548919948 0.01667625071880391
1 0.10895806861499364 0.40368027602070156 0.01588310038119441 0.025301897642323174
1 0.07878017789072427 0.3271995399654974 0.01905972045743329 0.006900517538815411
1 0.08481575603557814 0.339850488786659 0.010800508259212199 0.010350776308223116
1 0.08672172808132148 0.3441633122484186 0.01588310038119441 0.0063254744105807935
1 0.08958068614993647 0.35020126509488214 0.016518424396442185 0.005750431282346176
1 0.0911689961880559 0.3542265669925244 0.017153748411689963 0.009200690051753882
0 0.0403430749682338 0.22627947096032203 0.017153748411689963 0.02127659574468085
0 0.0670266836086404 0.17050028752156413 0.008259212198221092 0.020126509488211614
1 0.07909783989834816 0.17136285221391603 0.017153748411689963 0.023001725129384705
1 0.096569250317662 0.1932144910868315 0.020330368487928845 0.020701552616446232
1 0.10578144853875476 0.19465209890741805 0.03621346886912325 0.02702702702702703
1 0.11277001270648031 0.20184013801035078 0.027318932655654382 0.019551466359977
1 0.12515883100381195 0.2090281771132835 0.016518424396442185 0.02127659574468085
1 0.04193138500635324 0.059516963772282924 0.010165184243964422 0.030477285796434734
1 0.05082592121982211 0.07044278320874066 0.020330368487928845 0.039677975848188614
0 0.05717916137229987 0.851063829787234 0.03430749682337993 0.020701552616446232
3 0.3627700127064803 0.937607820586544 0.022871664548919948 0.017826336975273145
3 0.4202668360864041 0.9200690051753881 0.02096569250317662 0.017251293847038527
3 0.4647395171537484 0.9054054054054054 0.022236340533672173 0.020126509488211614
3 0.4837992376111817 0.8749281196089707 0.026048284625158832 0.024726854514088556
