0 0.3285912560721721 0.6273176761433868 0.04580152671755725 0.05480016481252575
0 0.7465301873698821 0.39287185826122784 0.053088133240805 0.06139266584260404
0 0.29788341429562804 0.7573135558302431 0.05100624566273421 0.0634528224145035
0 0.34455239417071476 0.7468067573135558 0.03608605135322693 0.04903172641120725
0 0.3710964607911173 0.7696744952616399 0.0392088827203331 0.046147507210548
0 0.3787300485773768 0.7946023897816235 0.023941707147814018 0.029254223320972394
0 0.397293546148508 0.7332097239390194 0.033310201249132546 0.03914297486608982
0 0.40163081193615546 0.765348166460651 0.03157529493407356 0.03996703749484961
0 0.42331714087439276 0.7406262875978574 0.022900763358778626 0.02843016069221261
0 0.3969465648854962 0.6798516687268232 0.033310201249132546 0.042851256695508856
0 0.34906315058986814 0.6932426864441698 0.034004163775156145 0.04326328800988875
0 0.36242192921582234 0.7051915945611866 0.014920194309507287 0.021837659662134322
0 0.37300485773768216 0.6965389369592089 0.01457321304649549 0.019365471775854966
0 0.5074600971547536 0.742274412855377 0.04961832061068702 0.049855789039967034
0 0.48820263705759886 0.7045735475896168 0.05412907702984039 0.054388133498145856
0 0.5235947258848023 0.7093119077049855 0.034004163775156145 0.038318912237330034
0 0.4491672449687717 0.6060980634528225 0.03851492019430951 0.037906880922950144
0 0.4535045107564192 0.6378244746600742 0.033310201249132546 0.03873094355170993
0 0.4890700902151284 0.6569839307787392 0.03296321998612075 0.032550473836011534
0 0.5138792505204719 0.619283065512979 0.034004163775156145 0.03296250515039143
0 0.4967036780013879 0.5778739184177998 0.05100624566273421 0.048207663782447466
0 0.5378209576682859 0.5648949320148331 0.03747397640527411 0.048619695096827356
0 0.5648854961832062 0.5618046971569839 0.024288688410825817 0.029254223320972394
0 0.5676613462873005 0.5276060980634528 0.040943789035392086 0.04738360115368768
0 0.5938584316446912 0.7173465183353935 0.04059680777238029 0.04532344458178822
0 0.5654059680777238 0.6755253399258344 0.03573907009021513 0.04326328800988875
0 0.6401804302567662 0.6629583848372477 0.027758501040943788 0.037906880922950144
0 0.6178001387925052 0.6503914297486609 0.03226925746009716 0.0523279769262464
0 0.5381679389312977 0.6489493201483313 0.03678001387925052 0.03873094355170993
0 0.5628036086051353 0.638442521631644 0.031228313671061762 0.03749484960857025
0 0.5768563497571131 0.6060980634528225 0.04753643303261624 0.05686032138442522
0 0.583969465648855 0.6353522867737948 0.02220680083275503 0.029666254635352288
0 0.6101665510062456 0.5772558714462299 0.03365718251214434 0.037906880922950144
0 0.6191880638445524 0.6098063452822414 0.037820957668285915 0.04120313143798929
0 0.6634281748785565 0.6133086114544706 0.034004163775156145 0.03996703749484961
0 0.6927480916030534 0.5857025133910178 0.03851492019430951 0.049855789039967034
0 0.6773074253990284 0.6034198599093531 0.022900763358778626 0.02843016069221261
0 0.6563150589868147 0.5803461063040791 0.03157529493407356 0.032550473836011534
0 0.6686328938237335 0.5636588380716935 0.027758501040943788 0.03543469303667079
0 0.6082581540596808 0.5179233621755254 0.027758501040943788 0.03543469303667079
0 0.6295975017349064 0.519159456118665 0.020471894517696043 0.031314379892871856
0 0.6368841082581541 0.5517099299546766 0.037820957668285915 0.04697156983930779
2 0.5954198473282443 0.7601977750309024 0.016655100624566273 0.009888751545117428
