0 0.16777926123720516 0.5787671232876712 0.040943480195816645 0.049771689497716896
0 0.19047619047619047 0.5301369863013699 0.04539385847797063 0.058447488584474884
0 0.12305295950155763 0.7223744292237443 0.04138851802403204 0.043835616438356165
0 0.13862928348909656 0.43858447488584473 0.05473965287049399 0.06894977168949772
2 0.09679572763684913 0.4502283105022831 0.013796172674677348 0.014611872146118721
3 0.16088117489986647 0.6356164383561644 0.012016021361815754 0.017351598173515982
3 0.2093902981753449 0.5114155251141552 0.020026702269692925 0.0182648401826484
3 0.15999109924343569 0.6054794520547945 0.021806853582554516 0.021004566210045664
0 0.678237650200267 0.3424657534246575 0.042723631508678236 0.047488584474885846
0 0.6777926123720516 0.30753424657534245 0.030262572318647086 0.02968036529680365
0 0.5304850912327548 0.3 0.03471295060080107 0.049315068493150684
0 0.35046728971962615 0.1552511415525114 0.010235870048954161 0.014611872146118721
0 0.3591455273698264 0.13264840182648402 0.0267022696929239 0.03789954337899543
0 0.3644859813084112 0.10730593607305935 0.01602136181575434 0.012785388127853882
0 0.11014686248331108 0.6036529680365297 0.04138851802403204 0.047488584474885846
