0 0.6126925653047556 0.9066047471620227 0.02578700602813128 0.0196078431372549
0 0.6317816476892163 0.9152046783625731 0.018419290020093772 0.022359821121431027
0 0.6259209645010047 0.783969728242174 0.030810448760884127 0.048159614723082216
0 0.5884125920964501 0.7874097007223942 0.022103148024112524 0.02889576883384933
0 0.579370395177495 0.7641898864809081 0.030810448760884127 0.03130374957000344
0 0.5678164768921634 0.7100103199174407 0.02913596784996651 0.033023735810113516
0 0.5979571332886805 0.6594427244582043 0.026456798392498326 0.03164774681802546
5 0.5488948425987944 0.5882352941176471 0.004018754186202277 0.004815961472308222
0 0.5604487608841259 0.5201238390092879 0.02913596784996651 0.02958376332989336
0 0.5514065639651708 0.4907120743034056 0.021098459477561955 0.026487788097695218
0 0.5554253181513731 0.456312349501204 0.026456798392498326 0.026487788097695218
0 0.5385130609511052 0.456656346749226 0.017414601473543203 0.0196078431372549
0 0.45612860013395845 0.5182318541451668 0.01808439383791025 0.010663914688682491
0 0.46801741460147356 0.5073959408324733 0.012391158740790355 0.01719986240110079
0 0.3941728064300067 0.4872721018231854 0.028801071667782986 0.01410388716890265
0 0.3919959812458138 0.4544203646370829 0.02578700602813128 0.019263845889232887
0 0.36570663094440725 0.456312349501204 0.027461486939048894 0.03199174406604747
0 0.42230408573342265 0.456656346749226 0.02813127930341594 0.020295837633298935
0 0.40756865371734763 0.4382524939800482 0.010046885465505693 0.01719986240110079
0 0.4273275284661755 0.4299965600275198 0.02679169457468185 0.027519779841761266
0 0.4795713328868051 0.36807705538355695 0.025452109845947757 0.03027175782593739
0 0.5077026121902211 0.3175094599243206 0.04018754186202277 0.05710354317165463
0 0.514735432016075 0.28207774337805297 0.030810448760884127 0.03439972480220158
5 0.485264567983925 0.2922256621947024 0.003348961821835231 0.008599931200550396
0 0.4944742129939719 0.2571379428964568 0.03449430676490288 0.037495700034399726
2 0.4591426657736102 0.28121775025799794 0.011386470194239785 0.008599931200550396
2 0.45328198258539854 0.23374613003095976 0.03583389149363697 0.023735810113519093
2 0.41828533154722036 0.2626418988648091 0.02813127930341594 0.025111799105607156
2 0.3881446751507033 0.23202614379084968 0.026121902210314803 0.021671826625386997
2 0.45646349631614197 0.14413484692122464 0.0053583389149363695 0.009631922944616443
2 0.4258204956463496 0.17733058135534915 0.0016744809109176155 0.005159958720330237
4 0.4362022772940388 0.05761953904368765 0.012391158740790355 0.012727898176814585
5 0.04403884795713329 0.6461988304093568 0.02042866711319491 0.009287925696594427
5 0.039852645679839246 0.46611627106983144 0.01808439383791025 0.01238390092879257
