0 0.29328223624887284 0.5704355885078777 0.03651938683498648 0.037998146431881374
0 0.31650135256988277 0.5894346617238183 0.03967538322813345 0.037998146431881374
0 0.30703336339044185 0.5268767377201112 0.02164111812443643 0.029657089898053754
0 0.36677186654643823 0.5750695088044485 0.05365193868349865 0.033364226135310475
0 0.4560414788097385 0.5206209453197405 0.032010820559062216 0.018999073215940687
0 0.4722723174030658 0.5523632993512512 0.023895401262398558 0.04819277108433735
0 0.6257889990982868 0.5882761816496757 0.024346257889990983 0.038461538461538464
0 0.6774120829576195 0.6320667284522706 0.0509467989179441 0.04448563484708063
0 0.6677186654643823 0.5150602409638554 0.0351668169522092 0.04402224281742354
0 0.7249774571686204 0.5597775718257646 0.03606853020739405 0.042632066728452274
0 0.7188908926961226 0.5231696014828545 0.032010820559062216 0.03614457831325301
0 0.7518034265103697 0.5120481927710844 0.032912533814247066 0.04911955514365153
0 0.7545085662759242 0.5769230769230769 0.032010820559062216 0.05375347544022243
0 0.8573038773669973 0.5546802594995366 0.032010820559062216 0.04633920296570899
0 0.8009467989179441 0.5301204819277109 0.029305680793507663 0.042632066728452274
0 0.8032010820559062 0.47405004633920295 0.05004508566275924 0.051899907321594066
0 0.7254283137962128 0.40338276181649674 0.04418394950405771 0.056070435588507876
0 0.7590171325518486 0.3491658943466172 0.03381424706943192 0.0366079703429101
0 0.8426510369702435 0.14851714550509731 0.018034265103697024 0.03475440222428174
