2 0.7821864594894562 0.33869929169349644 0.013873473917869035 0.01674179008370895
3 0.10849056603773585 0.9137153895685769 0.09933407325194228 0.05795235028976175
9 0.8207547169811321 0.8461043142305216 0.05438401775804662 0.10688989053444946
0 0.832408435072142 0.7041210560206053 0.048834628190899 0.06503541532517708
0 0.8756936736958935 0.5820991629104958 0.014428412874583796 0.0206052801030264
0 0.8815205327413984 0.5144880875724405 0.04716981132075472 0.07855763039278815
0 0.9073251942286349 0.44108177720540886 0.05549389567147614 0.07083065035415326
3 0.9281354051054383 0.41178364455891825 0.02386237513873474 0.019961365099806824
0 0.8329633740288568 0.32131358660656795 0.06326304106548279 0.08886027044430135
0 0.8071587125416204 0.5447520927237605 0.0560488346281909 0.0669671603348358
