0 0.270481144343303 0.5557316428948759 0.055483311660164715 0.055995773903856315
0 0.3719115734720416 0.5493924986793449 0.054616384915474644 0.05810882197569995
0 0.4460338101430429 0.4189117802430005 0.052882531426094496 0.05916534601162177
0 0.4759427828348505 0.3560486001056524 0.05028175119202427 0.06550449022715267
0 0.548114434330299 0.36793449550977286 0.03684438664932813 0.039619651347068144
0 0.5723883831816211 0.33861595351294244 0.05244906805374946 0.06339144215530904
0 0.8690940615517989 0.12070787110406762 0.04768097095795405 0.058637083993660855
2 0.8402687472908539 0.07369255150554675 0.010836584308625921 0.011093502377179081
0 0.818162115301257 0.08214474379292129 0.026441265713047248 0.03856312731114633
0 0.8400520156046815 0.09772847332276809 0.043346337234503686 0.04965662968832541
