0 0.14837662337662338 0.4930651872399445 0.06818181818181818 0.07350901525658807
0 0.2457792207792208 0.44660194174757284 0.06948051948051948 0.08183079056865465
0 0.26006493506493505 0.39147018030513175 0.06428571428571428 0.06726768377253814
0 0.27564935064935064 0.34916782246879335 0.033116883116883114 0.029819694868238558
0 0.35194805194805195 0.4469486823855756 0.03116883116883117 0.03536754507628294
0 0.39415584415584415 0.4348127600554785 0.07142857142857142 0.07905686546463246
0 0.3451298701298701 0.3169209431345354 0.06558441558441558 0.08044382801664356
0 0.41493506493506493 0.34119278779472956 0.03506493506493506 0.04854368932038835
0 0.07727272727272727 0.4393203883495146 0.05064935064935065 0.05339805825242718
0 0.05454545454545454 0.4538834951456311 0.032467532467532464 0.04230235783633842
0 0.08311688311688312 0.37725381414701803 0.06623376623376623 0.06241331484049931
0 0.14155844155844155 0.3779472954230236 0.03506493506493506 0.047156726768377254
0 0.1711038961038961 0.3654646324549237 0.048701298701298704 0.05409153952843273
0 0.5097402597402597 0.09015256588072122 0.07402597402597402 0.06102635228848821
