0 0.33012512030798846 0.42577319587628865 0.023099133782483156 0.029553264604810996
0 0.35081809432146294 0.5216494845360825 0.06929740134744947 0.056357388316151204
0 0.401106833493744 0.5151202749140893 0.02935514918190568 0.03367697594501718
0 0.38715110683349374 0.559106529209622 0.034167468719923 0.036426116838487975
0 0.40279114533205007 0.5879725085910653 0.061597690086621755 0.0570446735395189
0 0.4193936477382098 0.4 0.05052935514918191 0.05360824742268041
3 0.3847449470644851 0.41030927835051545 0.02358036573628489 0.03573883161512027
0 0.6660250240615977 0.5848797250859107 0.06063522617901829 0.07697594501718213
0 0.8043792107795957 0.5037800687285223 0.03512993262752647 0.06460481099656358
0 0.7184793070259865 0.5072164948453608 0.02021174205967276 0.030240549828178694
0 0.7447064485081809 0.2979381443298969 0.0534167468719923 0.05429553264604811
0 0.7362848893166506 0.436426116838488 0.07795957651588066 0.07422680412371134
0 0.6843118383060636 0.4161512027491409 0.0548604427333975 0.06804123711340206
0 0.7095765158806545 0.3828178694158076 0.02935514918190568 0.041237113402061855
0 0.6400384985563041 0.27147766323024053 0.05774783445620789 0.061855670103092786
0 0.7297882579403272 0.1920962199312715 0.05052935514918191 0.05154639175257732
0 0.7365255052935515 0.1470790378006873 0.05052935514918191 0.054982817869415807
0 0.5849374398460058 0.6106529209621994 0.026467757459095284 0.05979381443298969
0 0.5671318575553417 0.6656357388316151 0.062078922040423486 0.06666666666666667
0 0.5134744947064485 0.23127147766323025 0.068334937439846 0.07353951890034365
0 0.9095283926852743 0.9096219931271478 0.05389797882579403 0.05979381443298969
0 0.9480269489894129 0.8828178694158075 0.02406159769008662 0.03367697594501718
0 0.9201154956689124 0.8515463917525773 0.03657362848893166 0.041237113402061855
