1 0.18637634838194167 0.6245569620253164 0.008389932081502197 0.03291139240506329
1 0.1953655613264083 0.6329113924050633 0.009588493807431082 0.033417721518987344
1 0.2009588493807431 0.6425316455696203 0.008789452656811825 0.03240506329113924
1 0.2079504594486616 0.640506329113924 0.008389932081502197 0.03645569620253165
1 0.2149420695165801 0.640253164556962 0.008789452656811825 0.03189873417721519
1 0.22113463843387934 0.640759493670886 0.009188973232121454 0.03189873417721519
1 0.2275269676388334 0.6344303797468355 0.009188973232121454 0.03139240506329114
1 0.23491809828206153 0.6349367088607595 0.006392329204954055 0.033417721518987344
1 0.24051138633639632 0.6374683544303797 0.009588493807431082 0.035443037974683546
1 0.24750299640431483 0.6367088607594936 0.00998801438274071 0.0389873417721519
1 0.25489412704754294 0.6410126582278481 0.008789452656811825 0.03746835443037975
1 0.3192169396723931 0.4708860759493671 0.009588493807431082 0.027341772151898733
