4 0.13706654170571697 0.94001677852349 0.02483598875351453 0.026006711409395974
0 0.2521087160262418 0.8179530201342282 0.041237113402061855 0.03271812080536913
0 0.2647610121836926 0.7556627516778524 0.03280224929709466 0.040687919463087245
0 0.3064667291471415 0.6015100671140939 0.04498594189315839 0.037751677852348994
0 0.3156044985941893 0.5656459731543624 0.03795688847235239 0.04823825503355705
0 0.24343955014058108 0.493498322147651 0.037019681349578254 0.024748322147651006
0 0.17924086223055294 0.46833053691275167 0.05295220243673852 0.02139261744966443
0 0.6874414245548266 0.513003355704698 0.03655107778819119 0.03942953020134228
0 0.7157919400187441 0.41296140939597314 0.030459231490159326 0.04236577181208054
3 0.7603092783505154 0.34333053691275167 0.03233364573570759 0.02139261744966443
3 0.7682755388940956 0.3764681208053691 0.021087160262417994 0.044043624161073824
0 0.7235238987816307 0.6577181208053692 0.038425492033739454 0.03691275167785235
