0 0.41644295302013423 0.48201174743024966 0.07449664429530202 0.08737151248164464
0 0.4268456375838926 0.3777533039647577 0.06174496644295302 0.08002936857562408
0 0.47651006711409394 0.3509544787077827 0.053691275167785234 0.06901615271659324
4 0.3969798657718121 0.41409691629955947 0.02348993288590604 0.022026431718061675
0 0.6177852348993289 0.5286343612334802 0.046308724832214765 0.039647577092511016
0 0.6771812080536913 0.552863436123348 0.09395973154362416 0.06607929515418502
4 0.4463087248322148 0.19897209985315711 0.03355704697986577 0.033773861967694566
0 0.7040268456375839 0.2599118942731278 0.06577181208053691 0.07342143906020558
0 0.8422818791946308 0.26908957415565343 0.07114093959731543 0.06093979441997063
4 0.46476510067114096 0.13032305433186492 0.027516778523489934 0.024229074889867842
4 0.62248322147651 0.1299559471365639 0.028859060402684565 0.02643171806167401
4 0.5926174496644295 0.1406020558002937 0.03087248322147651 0.03450807635829662
