0 0.7616970658207771 0.12079426365140651 0.052339413164155434 0.03750689464975179
0 0.7628865979381443 0.17843353557639272 0.022204599524187154 0.022614451185879757
0 0.7755749405233942 0.1458907887479316 0.022204599524187154 0.02923331494760066
0 0.7805313243457573 0.17953667953667954 0.023394131641554322 0.02923331494760066
0 0.8045202220459953 0.17319360176503035 0.03885804916732752 0.0441257584114727
0 0.8088818398096749 0.24765581908439052 0.02141157811260904 0.020959735245449532
3 0.767248215701824 0.2606177606177606 0.022204599524187154 0.024820739106453393
0 0.7400872323552736 0.2702702702702703 0.047977795400475816 0.04522890237175951
0 0.6590007930214116 0.39492553778268064 0.035685963521015066 0.04743519029233315
0 0.47700237906423476 0.4302261445118588 0.040444091990483745 0.041919470490899065
0 0.4712529738302934 0.3485934914506343 0.04401268834258525 0.0441257584114727
0 0.4296193497224425 0.18560397131825704 0.02498017446471055 0.03916161059018202
0 0.5572957969865187 0.1144511858797573 0.04480570975416336 0.061224489795918366
0 0.6332275971451229 0.05846662989520132 0.04361617763679619 0.05184776613348042
0 0.5553132434575734 0.36845008273579705 0.047977795400475816 0.04743519029233315
0 0.6040840602696272 0.3800330943188086 0.030531324345757335 0.03640375068946498
0 0.49306106264869154 0.24186431329288471 0.042426645519429027 0.049089906232763374
0 0.5263679619349723 0.25703254274682846 0.042426645519429027 0.04743519029233315
0 0.5039651070578905 0.28047435190292336 0.02141157811260904 0.02592388306674021
