0 0.47913907284768215 0.700587084148728 0.07483443708609272 0.10567514677103718
0 0.7135761589403974 0.6364970645792564 0.08278145695364239 0.07338551859099804
0 0.7894039735099337 0.5841487279843445 0.031788079470198675 0.0547945205479452
0 0.7483443708609272 0.5425636007827789 0.07152317880794702 0.10078277886497064
0 0.7543046357615895 0.48140900195694714 0.03443708609271523 0.043052837573385516
0 0.6341059602649006 0.4897260273972603 0.029801324503311258 0.040117416829745595
0 0.6033112582781457 0.4642857142857143 0.060927152317880796 0.07338551859099804
0 0.3301324503311258 0.48385518590998045 0.029801324503311258 0.08708414872798434
0 0.38642384105960265 0.3747553816046967 0.05894039735099338 0.05675146771037182
0 0.42450331125827817 0.2534246575342466 0.06754966887417219 0.07436399217221135
0 0.6125827814569537 0.24706457925636008 0.06490066225165562 0.07925636007827788
0 0.44006622516556293 0.09001956947162426 0.0814569536423841 0.11937377690802348
0 0.5298013245033113 0.05968688845401174 0.060927152317880796 0.07240704500978473
0 0.5493377483443709 0.09882583170254403 0.024503311258278145 0.029354207436399216
0 0.4586092715231788 0.18003913894324852 0.05099337748344371 0.08023483365949119
