9 0.6395552954944412 0.4324 0.41895845523698066 0.7224
2 0.73785839672323 0.1688 0.014043300175541252 0.04
2 0.7489760093622001 0.2028 0.011702750146284377 0.0312
2 0.7401989467524869 0.226 0.014043300175541252 0.0312
2 0.7252779403159743 0.2168 0.01579871269748391 0.0336
0 0.36132241076653016 0.1344 0.08601521357519017 0.0688
0 0.26916325336454067 0.246 0.042129900526623756 0.0504
0 0.2954944411936805 0.2536 0.023405500292568753 0.0304
3 0.29344645991808077 0.2728 0.00994733762434172 0.016
2 0.2776477472205968 0.548 0.014628437682855471 0.0176
2 0.38355763604447046 0.4744 0.0310122878876536 0.0208
0 0.14189584552369808 0.3328 0.02633118782913985 0.04
0 0.12463428905792862 0.3732 0.05500292568753657 0.0568
0 0.07840842598010532 0.3856 0.04798127559976594 0.0656
3 0.08601521357519017 0.3732 0.01989467524868344 0.0152
0 0.029256875365710942 0.442 0.04798127559976594 0.06
