0 0.13686274509803922 0.10761346998535871 0.11686274509803922 0.15519765739385066
0 0.14 0.2514641288433382 0.06352941176470588 0.03733528550512445
0 0.17372549019607844 0.29502196193265007 0.09333333333333334 0.08052708638360176
0 0.1588235294117647 0.36566617862371886 0.06666666666666667 0.06808199121522694
0 0.22431372549019607 0.39751098096632503 0.02980392156862745 0.02342606149341142
0 0.15254901960784314 0.5300146412884333 0.03058823529411765 0.027818448023426062
0 0.16470588235294117 0.5530746705710102 0.02823529411764706 0.0212298682284041
0 0.21333333333333335 0.5969985358711567 0.1003921568627451 0.07833089311859444
0 0.18784313725490195 0.5402635431918009 0.03529411764705882 0.03367496339677892
0 0.20980392156862746 0.5677159590043924 0.03372549019607843 0.02855051244509517
0 0.32784313725490194 0.5475841874084919 0.01568627450980392 0.017569546120058566
0 0.2980392156862745 0.650805270863836 0.05176470588235294 0.040995607613469986
0 0.34823529411764703 0.7079062957540263 0.054901960784313725 0.06149341142020498
0 0.36901960784313725 0.873718887262079 0.04 0.024158125915080528
0 0.28627450980392155 0.8444363103953147 0.05019607843137255 0.06515373352855051
0 0.20862745098039215 0.8107613469985359 0.1003921568627451 0.1061493411420205
0 0.18549019607843137 0.6650805270863837 0.11686274509803922 0.08711566617862372
0 0.23372549019607844 0.7313323572474377 0.06431372549019608 0.05710102489019034
4 0.17921568627450982 0.7379209370424598 0.011764705882352941 0.008784773060029283
0 0.1188235294117647 0.8030746705710102 0.02431372549019608 0.02635431918008785
0 0.17529411764705882 0.9231332357247438 0.038431372549019606 0.05124450951683748
0 0.12666666666666668 0.9663250366032211 0.1011764705882353 0.06734992679355783
0 0.04588235294117647 0.9670571010248902 0.06196078431372549 0.043923865300146414
0 0.0407843137254902 0.828696925329429 0.06588235294117648 0.03367496339677892
0 0.0407843137254902 0.7664714494875549 0.08 0.07759882869692533
0 0.07882352941176471 0.39348462664714495 0.06666666666666667 0.08125915080527087
0 0.08588235294117647 0.4670571010248902 0.05568627450980392 0.06442166910688141
0 0.08745098039215686 0.32210834553440704 0.05254901960784314 0.0629575402635432
0 0.054901960784313725 0.26939970717423134 0.07058823529411765 0.05417276720351391
0 0.03764705882352941 0.19875549048316252 0.04549019607843137 0.04319180087847731
0 0.03607843137254902 0.10578330893118594 0.07058823529411765 0.15153733528550511
1 0.3949019607843137 0.08345534407027819 0.029019607843137254 0.024890190336749635
1 0.39647058823529413 0.18740849194729137 0.029019607843137254 0.01171303074670571
1 0.38313725490196077 0.11200585651537336 0.029019607843137254 0.013177159590043924
1 0.42745098039215684 0.20461200585651537 0.009411764705882352 0.03587115666178624
1 0.45647058823529413 0.22144948755490484 0.025098039215686273 0.03733528550512445
1 0.45176470588235296 0.38653001464128844 0.02980392156862745 0.016105417276720352
1 0.44392156862745097 0.4015373352855051 0.023529411764705882 0.02562225475841874
1 0.4435294117647059 0.4143484626647145 0.02588235294117647 0.01903367496339678
1 0.4419607843137255 0.42276720351390923 0.029019607843137254 0.013909224011713031
1 0.4403921568627451 0.4308199121522694 0.029019607843137254 0.013909224011713031
1 0.4533333333333333 0.4472913616398243 0.02980392156862745 0.010248901903367497
1 0.45803921568627454 0.45973645680819913 0.03294117647058824 0.008784773060029283
1 0.4631372549019608 0.4659590043923865 0.014901960784313726 0.006588579795021962
1 0.476078431372549 0.46669106881405564 0.025098039215686273 0.018301610541727673
1 0.4792156862745098 0.47620790629575405 0.025098039215686273 0.00951683748169839
1 0.48 0.48316251830161056 0.0203921568627451 0.007320644216691069
1 0.49333333333333335 0.4802342606149341 0.0203921568627451 0.029282576866764276
1 0.5047058823529412 0.4820644216691069 0.01803921568627451 0.024158125915080528
1 0.5137254901960784 0.4970717423133236 0.03607843137254902 0.014641288433382138
1 0.5517647058823529 0.5333089311859444 0.02431372549019608 0.03294289897510981
1 0.5623529411764706 0.5355051244509517 0.023529411764705882 0.03294289897510981
1 0.623921568627451 0.5633235724743777 0.01647058823529412 0.04172767203513909
1 0.636078431372549 0.5794289897510981 0.02196078431372549 0.050512445095168376
1 0.6462745098039215 0.7027818448023426 0.006274509803921568 0.027818448023426062
1 0.6611764705882353 0.7038799414348462 0.018823529411764704 0.027086383601756955
0 0.6094117647058823 0.7693997071742313 0.0203921568627451 0.02342606149341142
1 0.6768627450980392 0.7313323572474377 0.02666666666666667 0.02635431918008785
1 0.6905882352941176 0.7324304538799414 0.03686274509803922 0.0314787701317716
1 0.6972549019607843 0.7426793557833089 0.02980392156862745 0.02562225475841874
1 0.7098039215686275 0.7507320644216691 0.018823529411764704 0.024158125915080528
1 0.6470588235294118 0.8931185944363104 0.02196078431372549 0.01171303074670571
1 0.6541176470588236 0.9081259150805271 0.017254901960784313 0.010980966325036604
1 0.6560784313725491 0.9158125915080527 0.0196078431372549 0.010248901903367497
1 0.6568627450980392 0.9231332357247438 0.0196078431372549 0.005856515373352855
1 0.6584313725490196 0.9289897510980967 0.021176470588235293 0.007320644216691069
1 0.676078431372549 0.9849926793557833 0.01568627450980392 0.027086383601756955
0 0.1623529411764706 0.45534407027818447 0.06901960784313725 0.11127379209370425
0 0.04784313725490196 0.8682284040995608 0.04392156862745098 0.040995607613469986
0 0.041176470588235294 0.9055636896046853 0.058823529411764705 0.0424597364568082
0 0.356078431372549 0.7551244509516838 0.042352941176470586 0.038799414348462666
0 0.3847058823529412 0.791727672035139 0.08392156862745098 0.034407027818448024
