4 0.5194374209860936 0.8548192771084338 0.029393173198482933 0.030923694779116467
4 0.5336599241466498 0.8497991967871485 0.010429835651074588 0.013654618473895583
6 0.7368836915297092 0.661847389558233 0.024968394437420986 0.033734939759036145
4 0.7210809102402023 0.07008032128514056 0.00663716814159292 0.009236947791164659
0 0.7337231352718079 0.06887550200803212 0.01738305941845765 0.01887550200803213
0 0.7299304677623262 0.09216867469879518 0.021807838179519597 0.03333333333333333
0 0.738621997471555 0.18132530120481927 0.02718078381795196 0.030923694779116467
0 0.7285082174462706 0.1566265060240964 0.019595448798988623 0.027309236947791166
0 0.7697534766118836 0.19016064257028112 0.01738305941845765 0.02208835341365462
4 0.7612199747155499 0.20622489959839357 0.007269279393173199 0.006827309236947791
0 0.7806573957016435 0.20863453815261043 0.02654867256637168 0.030120481927710843
0 0.7963021491782554 0.20863453815261043 0.008533501896333754 0.014056224899598393
4 0.775126422250316 0.1789156626506024 0.0041087231352718075 0.006827309236947791
0 0.781763590391909 0.1634538152610442 0.018647281921618204 0.030522088353413655
0 0.7970922882427307 0.17048192771084336 0.02465233881163085 0.03493975903614458
0 0.8179519595448799 0.1891566265060241 0.02654867256637168 0.0321285140562249
0 0.8290139064475348 0.1680722891566265 0.010113780025284451 0.014859437751004016
0 0.8354930467762326 0.17610441767068274 0.014854614412136535 0.024497991967871485
0 0.34592288242730723 0.8775100401606426 0.007269279393173199 0.011244979919678716
0 0.3389696586599241 0.8291164658634538 0.014222503160556258 0.014056224899598393
0 0.3440265486725664 0.8365461847389558 0.021175726927939318 0.015261044176706828
0 0.3498735777496839 0.8028112449799196 0.02781289506953224 0.02971887550200803
0 0.36504424778761063 0.7961847389558233 0.012642225031605562 0.010843373493975903
0 0.37389380530973454 0.8618473895582329 0.03603034134007586 0.03293172690763052
0 0.35508849557522126 0.8720883534136546 0.011694058154235146 0.023694779116465864
0 0.1275284450063211 0.8485943775100402 0.025600505689001265 0.028112449799196786
0 0.10335018963337547 0.8425702811244979 0.01580278128950695 0.01927710843373494
0 0.11283185840707964 0.8174698795180723 0.025284450063211124 0.027710843373493974
