1 0.4826302729528536 0.4253507014028056 0.023986765922249794 0.05711422845691383
1 0.21339950372208435 0.753006012024048 0.019851116625310174 0.07515030060120241
1 0.22870140612076095 0.7730460921843687 0.017369727047146403 0.07314629258517034
1 0.24193548387096775 0.7895791583166333 0.022332506203473945 0.07214428857715431
1 0.2564102564102564 0.783066132264529 0.018196856906534328 0.07515030060120241
1 0.27005789909015715 0.7885771543086172 0.01902398676592225 0.0781563126252505
1 0.2837055417700579 0.783066132264529 0.018196856906534328 0.07114228456913828
1 0.2973531844499586 0.7695390781563126 0.01902398676592225 0.06813627254509018
1 0.3122415219189413 0.7725450901803608 0.01902398676592225 0.06813627254509018
1 0.3267162944582299 0.7755511022044088 0.019851116625310174 0.07414829659318638
1 0.3391232423490488 0.7770541082164328 0.01488833746898263 0.06713426853707415
1 0.3548387096774194 0.7840681362725451 0.018196856906534328 0.06913827655310621
0 0.293631100082713 0.8877755511022044 0.04466501240694789 0.05410821643286573
