3 0.37542662116040953 0.1901840490797546 0.032423208191126277 0.0292590844738084
0 0.5358361774744027 0.42189712128362433 0.026450511945392493 0.034922133081642284
0 0.5524744027303754 0.43180745634733364 0.014505119453924915 0.015101462954223691
0 0.5473549488054608 0.4513921661160925 0.024744027303754267 0.03539405379896177
0 0.5546075085324232 0.48513449740443604 0.03754266211604096 0.038697498820198205
0 0.6013225255972696 0.524067956583294 0.025170648464163822 0.021236432279377066
0 0.5535409556313993 0.515809344030203 0.010665529010238909 0.014157621519584709
0 0.5533276450511946 0.609249646059462 0.03668941979522184 0.04058518168947617
0 0.5330631399317406 0.3567720622935347 0.03370307167235495 0.04813591316658802
2 0.5603668941979523 0.3600755073147711 0.008105802047781569 0.015101462954223691
0 0.5294368600682594 0.3291647003303445 0.017918088737201365 0.0146295422369042
0 0.5121587030716723 0.3098159509202454 0.030290102389078498 0.03633789523360075
0 0.5356228668941979 0.3928739971684757 0.026023890784982934 0.03161868806040585
0 0.4763225255972696 0.2826805096743747 0.03370307167235495 0.03680981595092025
0 0.5162116040955631 0.2439830108541765 0.034129692832764506 0.03680981595092025
0 0.5170648464163823 0.22557810287871638 0.012798634812286689 0.014157621519584709
0 0.5635665529010239 0.292590844738084 0.03924914675767918 0.06512505899008966
3 0.4481655290102389 0.2524775837659273 0.008959044368600682 0.010382255781028787
0 0.4424061433447099 0.2376120811703634 0.01877133105802048 0.020292590844738084
0 0.445179180887372 0.15219443133553562 0.04308873720136519 0.0438886267107126
0 0.9500853242320819 0.24539877300613497 0.032423208191126277 0.03964134025483719
0 0.7890358361774744 0.23643227937706465 0.02773037542662116 0.04058518168947617
0 0.8088737201365188 0.22534214252005663 0.024744027303754267 0.022180273714016045
0 0.7670648464163823 0.37069372345445967 0.020477815699658702 0.018404907975460124
0 0.884598976109215 0.48890986314299195 0.03199658703071672 0.04152902312411515
0 0.8973976109215017 0.4608305804624823 0.03284982935153584 0.04294478527607362
0 0.5467150170648464 0.11208117036337895 0.026023890784982934 0.03633789523360075
0 0.5612201365187713 0.13237376120811703 0.020904436860068258 0.020292590844738084
0 0.5270904436860068 0.10618216139688533 0.023464163822525596 0.018876828692779613
0 0.509598976109215 0.08541764983482775 0.021757679180887373 0.03680981595092025
0 0.5268771331058021 0.05191127890514394 0.021331058020477817 0.03303445021236432
0 0.4908276450511945 0.07621519584709768 0.014931740614334471 0.01557338367154318
0 0.4857081911262799 0.056866446436998584 0.025170648464163822 0.034450212364322795
0 0.5511945392491467 0.07149598867390279 0.026450511945392493 0.018404907975460124
0 0.7331484641638225 0.2534214252005663 0.02687713310580205 0.034922133081642284
