3 0.14029535864978904 0.7668067226890757 0.0189873417721519 0.025210084033613446
3 0.4360759493670886 0.7870273109243697 0.0189873417721519 0.016281512605042018
3 0.5240506329113924 0.7460609243697479 0.016877637130801686 0.01838235294117647
3 0.6409282700421941 0.6123949579831933 0.014345991561181435 0.0273109243697479
1 0.6662447257383967 0.4427521008403361 0.016033755274261603 0.023109243697478993
0 0.3957805907172996 0.2612920168067227 0.035443037974683546 0.04989495798319328
0 0.3630801687763713 0.3169642857142857 0.04092827004219409 0.038340336134453784
0 0.3411392405063291 0.35346638655462187 0.03839662447257384 0.028361344537815126
0 0.35 0.3713235294117647 0.01729957805907173 0.01680672268907563
0 0.38881856540084386 0.3429621848739496 0.032489451476793246 0.037815126050420166
0 0.3869198312236287 0.3705357142857143 0.016033755274261603 0.025735294117647058
0 0.41265822784810124 0.39206932773109243 0.018565400843881856 0.017331932773109245
0 0.43628691983122364 0.39338235294117646 0.02362869198312236 0.03466386554621849
0 0.42573839662447255 0.1959033613445378 0.026160337552742614 0.037815126050420166
0 0.380379746835443 0.1326155462184874 0.016455696202531647 0.029936974789915968
0 0.46455696202531643 0.11764705882352941 0.02531645569620253 0.03361344537815126
0 0.46729957805907174 0.13918067226890757 0.023206751054852322 0.01995798319327731
0 0.4544303797468354 0.05961134453781513 0.020253164556962026 0.03203781512605042
0 0.35527426160337555 0.06959033613445378 0.009282700421940928 0.013130252100840336
0 0.4345991561181435 0.08560924369747899 0.02278481012658228 0.03991596638655462
0 0.9021097046413502 0.15414915966386555 0.027848101265822784 0.037289915966386554
0 0.9337552742616034 0.23818277310924368 0.038818565400843885 0.04779411764705882
0 0.8670886075949367 0.11922268907563026 0.0379746835443038 0.03991596638655462
3 0.14810126582278482 0.9464285714285714 0.019409282700421943 0.023109243697478993
3 0.9402953586497891 0.28755252100840334 0.032489451476793246 0.03413865546218487
3 0.9645569620253165 0.23686974789915966 0.01181434599156118 0.02100840336134454
0 0.43818565400843884 0.42988445378151263 0.022362869198312235 0.023634453781512604
0 0.35 0.5257352941176471 0.008860759493670886 0.01365546218487395
0 0.4443037974683544 0.31932773109243695 0.009282700421940928 0.01050420168067227
0 0.8367088607594937 0.11869747899159663 0.007594936708860759 0.009453781512605041
