0 0.21132323897300856 0.8546481766820749 0.0684660961158657 0.03903441191576785
0 0.1586570111915734 0.7909604519774012 0.06319947333772219 0.04108885464817668
0 0.37129690585911784 0.7652799178222907 0.05924950625411455 0.03697996918335902
0 0.4970375246872943 0.7508988186954288 0.03554970375246873 0.030816640986132512
0 0.3785385121790652 0.8466872110939908 0.07109940750493746 0.03338469440164355
0 0.4084924292297564 0.6905495634309193 0.05859117840684661 0.05495634309193631
0 0.4555628703094141 0.6951720595788392 0.06451612903225806 0.04262968669748331
0 0.413100724160632 0.5755007704160247 0.04937458854509546 0.08269131997945557
0 0.3173140223831468 0.5292758089368259 0.04213298222514812 0.032357473035439135
0 0.3574720210664911 0.46070878274268107 0.043449637919684 0.04519774011299435
0 0.3535220539828835 0.3813559322033898 0.048716260697827515 0.05187467899332306
0 0.26135615536537193 0.3677452491011813 0.04608294930875576 0.044170518746789934
0 0.5352205398288348 0.39907550077041604 0.04213298222514812 0.054442732408834106
0 0.5826201448321264 0.618130457113508 0.03554970375246873 0.03133025166923472
0 0.5839368005266623 0.5644581407293272 0.06714944042132982 0.04314329738058552
0 0.6721527320605661 0.5436569080636877 0.04081632653061224 0.040575243965074476
0 0.6099407504937459 0.490241397021058 0.041474654377880185 0.032357473035439135
0 0.7093482554312047 0.4586543400102722 0.06254114549045425 0.05136106831022085
0 0.7386438446346281 0.5945043656908063 0.03818301514154049 0.05187467899332306
0 0.8074391046741277 0.6676938880328711 0.0467412771560237 0.06060606060606061
0 0.8745885450954576 0.6597329224447869 0.0467412771560237 0.049820236260914225
0 0.8768926925608953 0.696969696969697 0.03686635944700461 0.02157164869029276
0 0.837393021724819 0.7082691319979456 0.03949967083607637 0.05649717514124294
0 0.7106649111257406 0.3697996918335901 0.04937458854509546 0.02773497688751926
0 0.5987491770901909 0.5303030303030303 0.03225806451612903 0.030303030303030304
0 0.6445029624753127 0.9052388289676425 0.0684660961158657 0.036466358500256806
0 0.6994733377221857 0.8623523369286081 0.07570770243581304 0.050333846944016436
0 0.7320605661619487 0.9188495120698511 0.050032916392363395 0.04930662557781202
0 0.7307439104674127 0.9707241910631741 0.07636603028308098 0.042116076014381096
0 0.23666886109282423 0.9042116076014381 0.03225806451612903 0.034411915767847974
0 0.2034233048057933 0.9047252182845403 0.02369980250164582 0.026194144838212634
0 0.6138907175773535 0.45993836671802774 0.041474654377880185 0.020030816640986132
