9 0.1643598615916955 0.7814645308924485 0.15986159169550174 0.12280701754385964
0 0.7076124567474048 0.5156369183829138 0.045674740484429065 0.04576659038901602
4 0.6768166089965398 0.5139206712433257 0.01314878892733564 0.014111365369946605
4 0.7387543252595156 0.540045766590389 0.04775086505190312 0.03508771929824561
0 0.7204152249134949 0.40980167810831425 0.03321799307958478 0.028604118993135013
0 0.8577854671280277 0.31445461479786424 0.04083044982698962 0.02936689549961861
0 0.8453287197231834 0.2379862700228833 0.04359861591695502 0.02745995423340961
0 0.8757785467128028 0.2320747520976354 0.02560553633217993 0.02631578947368421
4 0.829757785467128 0.2145308924485126 0.010380622837370242 0.011823035850495805
4 0.8216262975778547 0.2833714721586575 0.012110726643598616 0.015255530129672006
0 0.81280276816609 0.05244088482074752 0.03183391003460208 0.02784134248665141
0 0.8326989619377163 0.04252479023646072 0.016955017301038062 0.014111365369946605
0 0.7807958477508651 0.06311975591151793 0.038408304498269895 0.030129672006102212
3 0.7531141868512111 0.08848207475209764 0.012802768166089966 0.012204424103737605
4 0.5750865051903115 0.5339435545385202 0.011072664359861591 0.009153318077803204
4 0.4818339100346021 0.6083142639206712 0.010726643598615917 0.012967200610221205
4 0.6612456747404845 0.4925629290617849 0.01314878892733564 0.012585812356979404
4 0.7640138408304499 0.5507246376811594 0.010380622837370242 0.010678871090770405
2 0.8039792387543253 0.4952326468344775 0.016262975778546712 0.010297482837528604
2 0.7539792387543253 0.5129672006102212 0.007612456747404845 0.009153318077803204
2 0.7373702422145328 0.5099160945842868 0.009688581314878892 0.007627765064836003
