0 0.25663716814159293 0.7696195005945303 0.0415929203539823 0.04934601664684899
0 0.0665929203539823 0.5211058263971462 0.034955752212389384 0.044589774078478
0 0.09469026548672567 0.48989298454221164 0.01327433628318584 0.016646848989298454
0 0.1754424778761062 0.5332936979785969 0.029646017699115044 0.04637336504161712
0 0.19756637168141594 0.46789536266349585 0.04115044247787611 0.04518430439952437
0 0.22278761061946903 0.46165279429250894 0.02079646017699115 0.02794292508917955
0 0.2517699115044248 0.39625445897740785 0.02743362831858407 0.0469678953626635
0 0.6865044247787611 0.703923900118906 0.029646017699115044 0.0535077288941736
0 0.3323008849557522 0.6019619500594531 0.05132743362831858 0.06599286563614744
0 0.6183628318584071 0.2321640903686088 0.034955752212389384 0.043400713436385255
0 0.5110619469026548 0.0469678953626635 0.03805309734513274 0.06064209274673008
3 0.47300884955752215 0.05766944114149822 0.018584070796460177 0.016646848989298454
0 0.45331858407079645 0.0267538644470868 0.04469026548672567 0.039239001189060645
0 0.5106194690265486 0.09482758620689655 0.04336283185840708 0.03626634958382877
0 0.5006637168141593 0.13495838287752676 0.027876106194690265 0.03804994054696789
