3 0.19281183932346724 0.6982507288629738 0.009302325581395349 0.008746355685131196
3 0.3501057082452431 0.6426141885325559 0.009302325581395349 0.015063168124392614
3 0.23044397463002114 0.7687074829931972 0.011839323467230444 0.012633624878522837
3 0.2904862579281184 0.7917881438289601 0.010993657505285413 0.014091350826044704
3 0.31522198731501055 0.8126822157434402 0.010570824524312896 0.011175898931000973
0 0.3095137420718816 0.7052964042759962 0.01014799154334038 0.02575315840621963
3 0.4435517970401691 0.7164723032069971 0.006765327695560253 0.011175898931000973
0 0.4623678646934461 0.7344509232264335 0.008033826638477801 0.01020408163265306
0 0.6433403805496829 0.771622934888241 0.013953488372093023 0.023323615160349854
3 0.6012684989429176 0.7006802721088435 0.01014799154334038 0.009718172983479106
0 0.7150105708245243 0.6183187560738581 0.009302325581395349 0.016034985422740525
0 0.7501057082452431 0.5517492711370262 0.009302325581395349 0.018950437317784258
0 0.6955602536997886 0.5672983479105929 0.02029598308668076 0.033527696793002916
0 0.6027484143763213 0.4684159378036929 0.008033826638477801 0.011661807580174927
3 0.6150105708245243 0.4871234207968902 0.013107822410147992 0.015063168124392614
3 0.5961945031712473 0.39820213799805637 0.01014799154334038 0.014091350826044704
0 0.7040169133192389 0.3576287657920311 0.010993657505285413 0.019436345966958212
0 0.7291754756871036 0.39625850340136054 0.013953488372093023 0.017978620019436346
0 0.7661733615221987 0.3335762876579203 0.016067653276955602 0.03255587949465501
3 0.6061310782241015 0.16545189504373178 0.008033826638477801 0.012147716229348883
3 0.4818181818181818 0.8381924198250729 0.010570824524312896 0.011661807580174927
