0 0.7378252168112075 0.17167381974248927 0.02935290193462308 0.054935622317596564
0 0.829219479653102 0.22875536480686695 0.04269513008672448 0.06437768240343347
0 0.8418945963975984 0.27510729613733903 0.04269513008672448 0.045493562231759654
3 0.8555703802535023 0.2944206008583691 0.01801200800533689 0.0240343347639485
0 0.7124749833222148 0.2184549356223176 0.044029352901934625 0.045493562231759654
0 0.6614409606404269 0.2609442060085837 0.0513675783855904 0.07381974248927038
0 0.6237491661107405 0.2703862660944206 0.04269513008672448 0.054935622317596564
3 0.6000667111407605 0.2931330472103004 0.022014676450967312 0.02832618025751073
0 0.7965310206804537 0.36523605150214594 0.049366244162775186 0.07982832618025751
0 0.7728485657104737 0.41201716738197425 0.042028018679119414 0.06695278969957082
0 0.7621747831887925 0.4613733905579399 0.047364909939959975 0.06781115879828326
0 0.7501667778519012 0.5476394849785408 0.040693795863909275 0.04978540772532189
0 0.7715143428952635 0.5381974248927038 0.028685790527018012 0.06523605150214593
0 0.7548365577051368 0.6034334763948498 0.06337558372248166 0.060085836909871244
0 0.7985323549032688 0.6429184549356223 0.04269513008672448 0.06695278969957082
2 0.7344896597731821 0.7223175965665236 0.0133422281521014 0.01630901287553648
0 0.7414943295530354 0.7819742489270386 0.03669112741827885 0.07381974248927038
0 0.7635090060040026 0.755793991416309 0.022014676450967312 0.02317596566523605
0 0.6387591727818546 0.6167381974248927 0.046030687124749836 0.06094420600858369
0 0.6180787191460974 0.6613733905579399 0.04469646430953969 0.055793991416309016
0 0.624749833222148 0.6952789699570815 0.02068045363575717 0.01888412017167382
0 0.6667778519012675 0.6768240343347639 0.04336224149432955 0.055793991416309016
0 0.6634422948632421 0.7180257510729614 0.03669112741827885 0.048927038626609444
0 0.675783855903936 0.6257510729613734 0.0333555703802535 0.060085836909871244
0 0.6177451634422949 0.5364806866952789 0.044029352901934625 0.039484978540772535
0 0.5770513675783856 0.5128755364806867 0.038692461641094064 0.05751072961373391
0 0.6861240827218146 0.5008583690987124 0.03935957304869913 0.030042918454935622
0 0.6691127418278853 0.4630901287553648 0.032021347565043365 0.055793991416309016
0 0.6507671781187458 0.37939914163090127 0.03935957304869913 0.06523605150214593
0 0.6577718478985991 0.41158798283261805 0.018679119412941963 0.02317596566523605
0 0.7008005336891261 0.3609442060085837 0.04469646430953969 0.06266094420600858
0 0.728819212808539 0.3377682403433476 0.02334889926617745 0.03862660944206009
0 0.6954636424282855 0.41974248927038627 0.06337558372248166 0.07381974248927038
0 0.5403602401601068 0.15150214592274677 0.04803202134756504 0.04377682403433476
0 0.5637091394262842 0.4373390557939914 0.056037358238825885 0.06952789699570816
4 0.19246164109406272 0.6184549356223176 0.02601734489659773 0.026609442060085836
4 0.6924616410940627 0.9862660944206009 0.028018679119412943 0.02575107296137339
3 0.6074049366244163 0.911587982832618 0.01134089392928619 0.015450643776824034
3 0.4963308872581721 0.9231759656652361 0.009339559706470981 0.011158798283261802
3 0.4069379586390927 0.9695278969957082 0.08539026017344896 0.055793991416309016
3 0.4656437625083389 0.98068669527897 0.032021347565043365 0.03862660944206009
3 0.8158772515010007 0.488412017167382 0.0333555703802535 0.05836909871244635
