0 0.12916666666666668 0.7077735124760077 0.04027777777777778 0.052783109404990404
0 0.203125 0.6818618042226487 0.04513888888888889 0.06621880998080615
0 0.09652777777777778 0.7730326295585412 0.02361111111111111 0.029750479846449136
0 0.19930555555555557 0.505278310940499 0.029166666666666667 0.04126679462571977
0 0.3746527777777778 0.4491362763915547 0.06319444444444444 0.04798464491362764
0 0.3861111111111111 0.6050863723608445 0.05416666666666667 0.07389635316698656
0 0.3472222222222222 0.6501919385796545 0.02638888888888889 0.04894433781190019
0 0.340625 0.5623800383877159 0.04236111111111111 0.026871401151631478
0 0.44548611111111114 0.40978886756238003 0.06736111111111111 0.0690978886756238
0 0.4576388888888889 0.4793666026871401 0.06527777777777778 0.07197696737044146
0 0.48715277777777777 0.564299424184261 0.050694444444444445 0.07869481765834933
0 0.5659722222222222 0.5724568138195777 0.05694444444444444 0.06429942418426103
0 0.6222222222222222 0.550383877159309 0.04722222222222222 0.06621880998080615
0 0.5375 0.6679462571976967 0.05138888888888889 0.0710172744721689
0 0.5538194444444444 0.7231285988483686 0.08402777777777778 0.10652591170825336
0 0.6006944444444444 0.6223608445297505 0.059722222222222225 0.06621880998080615
0 0.5090277777777777 0.8138195777351248 0.05138888888888889 0.0710172744721689
0 0.5947916666666667 0.7365642994241842 0.027083333333333334 0.04318618042226487
0 0.571875 0.8848368522072937 0.05625 0.0710172744721689
0 0.6180555555555556 0.9275431861804223 0.05694444444444444 0.07005758157389635
0 0.6152777777777778 0.9836852207293666 0.044444444444444446 0.03262955854126679
0 0.6732638888888889 0.9534548944337812 0.03958333333333333 0.06238003838771593
0 0.4552083333333333 0.6142034548944337 0.05486111111111111 0.0710172744721689
0 0.46076388888888886 0.6948176583493282 0.050694444444444445 0.07869481765834933
0 0.5003472222222223 0.690978886756238 0.03958333333333333 0.04990403071017274
