4 0.9007766990291262 0.7959470304975923 0.015922330097087378 0.01565008025682183
4 0.7833009708737864 0.764446227929374 0.017864077669902913 0.014446227929373997
4 0.7796116504854369 0.6067415730337079 0.013592233009708738 0.012841091492776886
4 0.7937864077669903 0.5034109149277689 0.017864077669902913 0.018057784911717497
4 0.8495145631067961 0.42014446227929375 0.011262135922330097 0.012038523274478331
4 0.7718446601941747 0.336677367576244 0.011262135922330097 0.011235955056179775
4 0.7054368932038835 0.26063402889245585 0.011262135922330097 0.010032102728731942
4 0.656504854368932 0.23414927768860352 0.017475728155339806 0.020465489566613163
4 0.6487378640776699 0.13643659711075443 0.012815533980582524 0.012038523274478331
4 0.20718446601941748 0.12459871589085073 0.015922330097087378 0.01886035313001605
4 0.361747572815534 0.45124398073836275 0.013592233009708738 0.013242375601926164
