4 0.45265151515151514 0.28147810218978103 0.026515151515151516 0.016423357664233577
9 0.3484848484848485 0.14119525547445255 0.10151515151515152 0.08895985401459854
0 0.7003787878787879 0.5244069343065694 0.10833333333333334 0.05155109489051095
0 0.7897727272727273 0.542655109489051 0.09318181818181819 0.06706204379562043
4 0.8522727272727273 0.5351277372262774 0.03636363636363636 0.01824817518248175
0 0.5481060606060606 0.4103558394160584 0.0856060606060606 0.04242700729927007
0 0.6056818181818182 0.9016879562043796 0.12348484848484849 0.06706204379562043
4 0.6768939393939394 0.926094890510949 0.026515151515151516 0.01824817518248175
4 0.6481060606060606 0.8448905109489051 0.02803030303030303 0.017335766423357664
0 0.5579545454545455 0.8211678832116789 0.08257575757575758 0.03923357664233577
2 0.5803030303030303 0.5921532846715328 0.03333333333333333 0.009124087591240875
2 0.6712121212121213 0.583029197080292 0.019696969696969695 0.006386861313868613
2 0.6825757575757576 0.5579379562043796 0.013636363636363636 0.011861313868613138
2 0.7208333333333333 0.5574817518248175 0.02196969696969697 0.0072992700729927005
4 0.9053030303030303 0.5540602189781022 0.02878787878787879 0.014142335766423358
0 0.8143939393939394 0.6671989051094891 0.06363636363636363 0.031478102189781025
