0 0.22586206896551725 0.678743961352657 0.06206896551724138 0.057971014492753624
0 0.2028735632183908 0.7435587761674718 0.02528735632183908 0.02818035426731079
0 0.21408045977011494 0.5394524959742351 0.06149425287356322 0.05636070853462158
0 0.23563218390804597 0.3643317230273752 0.06206896551724138 0.07326892109500806
0 0.3227011494252874 0.17914653784219 0.05919540229885058 0.0861513687600644
0 0.43591954022988505 0.09943639291465378 0.05919540229885058 0.06360708534621579
0 0.1511494252873563 0.2693236714975845 0.034482758620689655 0.061996779388083734
0 0.6379310344827587 0.2246376811594203 0.06666666666666667 0.057971014492753624
0 0.6531609195402299 0.2725442834138486 0.028160919540229885 0.04106280193236715
0 0.6382183908045977 0.3256843800322061 0.02586206896551724 0.029790660225442835
0 0.696551724137931 0.3272946859903382 0.07816091954022988 0.061996779388083734
0 0.7221264367816091 0.4613526570048309 0.031609195402298854 0.037037037037037035
0 0.6485632183908046 0.464170692431562 0.02586206896551724 0.039452495974235106
0 0.6066091954022989 0.47383252818035426 0.06954022988505747 0.0571658615136876
0 0.4968390804597701 0.6694847020933977 0.05574712643678161 0.07809983896940419
0 0.3399425287356322 0.5921900161030595 0.06379310344827586 0.061996779388083734
0 0.33189655172413796 0.6517713365539453 0.03505747126436782 0.03784219001610306
0 0.28793103448275864 0.40982286634460546 0.06206896551724138 0.08373590982286634
0 0.4454022988505747 0.40942028985507245 0.035632183908045977 0.029790660225442835
0 0.44022988505747124 0.24677938808373592 0.02413793103448276 0.04750402576489533
0 0.6793103448275862 0.464573268921095 0.04367816091954023 0.04186795491143317
0 0.1764367816091954 0.6996779388083736 0.0367816091954023 0.04830917874396135
0 0.5945402298850575 0.5229468599033816 0.04080459770114943 0.04750402576489533
0 0.2517241379310345 0.2757648953301127 0.028735632183908046 0.036231884057971016
