0 0.15551102204408818 0.8474640423921271 0.02565130260521042 0.03709311127933384
2 0.5186372745490982 0.694549583648751 0.011222444889779559 0.014383043149129448
2 0.5318637274549098 0.6816805450416351 0.01282565130260521 0.015897047691143074
2 0.5470941883767535 0.6665404996214989 0.008016032064128256 0.00984102952308857
0 0.4356713426853707 0.41635124905374715 0.014428857715430862 0.03936411809235428
0 0.4466933867735471 0.4186222558667676 0.016432865731462926 0.0408781226343679
0 0.4723446893787575 0.3368660105980318 0.027655310621242483 0.046934140802422405
0 0.5056112224448898 0.34670704012112036 0.026052104208416832 0.046934140802422405
0 0.5302605210420842 0.3546555639666919 0.028056112224448898 0.04466313398940197
0 0.5170340681362725 0.380772142316427 0.014428857715430862 0.028766086298258896
0 0.5823647294589178 0.20817562452687358 0.02565130260521042 0.04390613171839516
0 0.6416833667334669 0.20590461771385316 0.04168336673346693 0.05299015897047691
0 0.5969939879759519 0.257002271006813 0.031663326653306616 0.053747161241483724
0 0.676753507014028 0.26419379258137776 0.02845691382765531 0.04996214988644966
0 0.6619238476953908 0.2850113550340651 0.018036072144288578 0.03557910673732021
0 0.6450901803607214 0.289553368660106 0.03006012024048096 0.04920514761544285
0 0.6354709418837675 0.32323996971990915 0.01963927855711423 0.036336109008327025
0 0.6677354709418838 0.3285389856169568 0.028857715430861724 0.059046177138531414
0 0.6486973947895791 0.35692657077971235 0.030861723446893786 0.07342922028766086
0 0.6713426853707415 0.4254352763058289 0.02965931863727455 0.05147615442846329
0 0.6819639278557115 0.49091597274791826 0.03807615230460922 0.06585919757759273
0 0.6841683366733466 0.5423921271763815 0.034468937875751504 0.05526116578349735
0 0.7076152304609219 0.5155185465556397 0.030861723446893786 0.05753217259651779
0 0.7324649298597194 0.47312641937925815 0.03246492985971944 0.04844814534443603
0 0.776753507014028 0.3387585162755488 0.02565130260521042 0.050719152157456475
0 0.7707414829659318 0.38304314912944737 0.027254509018036072 0.05753217259651779
0 0.7597194388777555 0.4197577592732778 0.027655310621242483 0.052233156699470096
0 0.7617234468937876 0.4530658591975776 0.014829659318637275 0.031037093111279335
0 0.7046092184368737 0.3327024981074943 0.033667334669338675 0.053747161241483724
0 0.6398797595190381 0.4477668433005299 0.030861723446893786 0.061317183951551855
0 0.6162324649298597 0.3561695685087055 0.039679358717434866 0.06888720666161999
0 0.5901803607214429 0.4099167297501892 0.043687374749499 0.06888720666161999
4 0.6474949899799599 0.13663890991672975 0.010821643286573146 0.02195306585919758
0 0.4755511022044088 0.3955336866010598 0.030861723446893786 0.04314912944738834
0 0.5951903807615231 0.4772899318697956 0.011222444889779559 0.0174110522331567
