0 0.2477364185110664 0.6766207248596222 0.02766599597585513 0.043389484430832057
0 0.10286720321931589 0.5349668198060235 0.04275653923541248 0.06023481368044921
0 0.18561368209255533 0.42368555385400714 0.052313883299798795 0.0694231750893313
0 0.09280684104627766 0.4558448187850944 0.04879275653923541 0.06023481368044921
0 0.03898390342052314 0.5045941807044411 0.05885311871227364 0.06891271056661562
0 0.07092555331991952 0.5191424196018377 0.05030181086519115 0.07044410413476264
0 0.07494969818913481 0.35834609494640124 0.047283702213279676 0.045941807044410414
0 0.04803822937625755 0.3945890760592139 0.05080482897384306 0.06636038795303727
0 0.08878269617706237 0.34175599795814193 0.03169014084507042 0.02909647779479326
0 0.11594567404426559 0.3169984686064318 0.03470824949698189 0.03164880040837162
0 0.03747484909456741 0.20929045431342522 0.03873239436619718 0.05410923940786115
0 0.018611670020120725 0.30781010719754975 0.03118712273641851 0.055130168453292494
0 0.02112676056338028 0.10490045941807044 0.04024144869215292 0.06993363961204696
2 0.17706237424547283 0.3144461459928535 0.01710261569416499 0.01633486472690148
0 0.10362173038229376 0.1947422154160286 0.05432595573440644 0.09239407861153649
0 0.12977867203219315 0.371107708014293 0.06639839034205232 0.07146503318019398
