0 0.40711462450592883 0.6826265389876881 0.06007905138339921 0.0506155950752394
0 0.4472332015810277 0.6781805745554036 0.024110671936758893 0.032147742818057455
0 0.45 0.7366621067031464 0.05731225296442688 0.07113543091655267
0 0.3905138339920949 0.5872093023255814 0.020553359683794466 0.029411764705882353
0 0.4361660079051383 0.5714774281805746 0.01383399209486166 0.03761969904240766
0 0.4624505928853755 0.5581395348837209 0.05533596837944664 0.060191518467852256
0 0.6430830039525691 0.43433652530779754 0.048221343873517786 0.0506155950752394
0 0.7223320158102767 0.3539671682626539 0.040711462450592886 0.04993160054719562
0 0.7316205533596838 0.45998632010943913 0.045059288537549404 0.04719562243502052
0 0.7156126482213438 0.5954172366621067 0.042292490118577074 0.06224350205198358
0 0.6600790513833992 0.7517099863201094 0.045059288537549404 0.07934336525307797
0 0.5828063241106719 0.8255813953488372 0.04782608695652174 0.0560875512995896
0 0.6881422924901186 0.5632694938440492 0.05059288537549407 0.08686730506155951
0 0.6436758893280632 0.38679890560875513 0.029644268774703556 0.033515731874145006
0 0.7786561264822134 0.6617647058823529 0.02292490118577075 0.05129958960328317
0 0.5375494071146245 0.40013679890560877 0.0458498023715415 0.05471956224350205
0 0.416798418972332 0.5813953488372093 0.028853754940711462 0.03419972640218878
0 0.7088932806324111 0.6713406292749658 0.017786561264822136 0.030779753761969904
