9 0.20077319587628867 0.7237426035502958 0.052061855670103095 0.05695266272189349
9 0.30231958762886596 0.709689349112426 0.05412371134020619 0.07174556213017752
4 0.386340206185567 0.8069526627218935 0.017010309278350514 0.026627218934911243
4 0.5085051546391752 0.6989644970414202 0.017010309278350514 0.029585798816568046
0 0.4608247422680412 0.5687869822485208 0.041237113402061855 0.06656804733727811
0 0.49871134020618557 0.5244082840236687 0.040721649484536084 0.07100591715976332
4 0.5180412371134021 0.4807692307692308 0.016494845360824743 0.023668639053254437
0 0.49407216494845363 0.41494082840236685 0.04793814432989691 0.07248520710059171
4 0.4832474226804124 0.35650887573964496 0.014948453608247423 0.022189349112426034
0 0.32783505154639175 0.42529585798816566 0.024742268041237112 0.04881656804733728
0 0.2806701030927835 0.4182692307692308 0.0634020618556701 0.08062130177514792
4 0.5028350515463917 0.34467455621301774 0.020103092783505156 0.022189349112426034
3 0.3002577319587629 0.34985207100591714 0.017010309278350514 0.01775147928994083
0 0.2945876288659794 0.33727810650887574 0.01907216494845361 0.019230769230769232
4 0.4059278350515464 0.794008875739645 0.020103092783505156 0.028846153846153848
4 0.49922680412371134 0.7777366863905325 0.015979381443298968 0.021449704142011833
