0 0.29898286937901497 0.8200419727177335 0.027301927194860815 0.023084994753410283
0 0.32789079229122053 0.7759706190975866 0.04764453961456103 0.03252885624344176
0 0.3988222698072805 0.7114375655823715 0.032119914346895075 0.02833158447009444
0 0.4483404710920771 0.5865687303252886 0.030513918629550323 0.02728226652675761
0 0.5224839400428265 0.5419727177334732 0.03961456102783726 0.04302203567681007
0 0.6180406852248393 0.49501573976915003 0.04443254817987152 0.041448058761804824
4 0.7949678800856531 0.08053515215110178 0.04068522483940043 0.041448058761804824
0 0.4025695931477516 0.6825813221406086 0.02462526766595289 0.03147953830010493
0 0.5562098501070664 0.5354144805876181 0.03640256959314775 0.030954879328436515
0 0.5069593147751607 0.574501573976915 0.032119914346895075 0.033578174186778595
0 0.46948608137044967 0.4879328436516264 0.019271948608137045 0.022035676810073453
