0 0.17479191438763378 0.6260580411124547 0.05112960760998811 0.04897218863361548
0 0.22205707491082044 0.6958887545344619 0.055291319857312726 0.05199516324062878
0 0.21373365041617123 0.7536275695284159 0.02318668252080856 0.028415961305925032
0 0.24851367419738407 0.7551390568319226 0.028537455410225922 0.04232164449818621
0 0.3819857312722949 0.6825876662636033 0.050535077288941736 0.045949214026602174
0 0.3727705112960761 0.5912938331318017 0.05826397146254459 0.045949214026602174
0 0.4646254458977408 0.5145102781136639 0.05766944114149822 0.045949214026602174
0 0.4176575505350773 0.5090689238210399 0.04102259215219976 0.045949214026602174
0 0.4289536266349584 0.4951632406287787 0.03032104637336504 0.03385731559854897
0 0.4937574316290131 0.5737605804111245 0.03626634958382877 0.037484885126964934
0 0.6706302021403091 0.6901451027811366 0.06420927467300833 0.05380894800483676
0 0.6183115338882283 0.7370012091898428 0.07372175980975029 0.04836759371221282
3 0.6453626634958383 0.7669286577992744 0.025564803804994055 0.02599758162031439
0 0.6961950059453033 0.7563482466747279 0.03804994054696789 0.056831922611850064
0 0.7003567181926278 0.8022974607013301 0.04875148632580262 0.041112454655380895
0 0.6848989298454221 0.837968561064087 0.03804994054696789 0.036275695284159616
0 0.4227110582639715 0.3612454655380895 0.04042806183115339 0.06711003627569528
0 0.4280618311533888 0.405683192261185 0.030915576694411414 0.03143893591293833
0 0.5665873959571938 0.4108222490931076 0.030915576694411414 0.035671100362756954
0 0.5526159334126041 0.34099153567110035 0.021997621878715814 0.026602176541717048
0 0.579667063020214 0.3512696493349456 0.041617122473246136 0.041112454655380895
0 0.6420927467300832 0.31680773881499397 0.03329369797859691 0.049576783555018135
0 0.6623067776456599 0.344316807738815 0.02140309155766944 0.021160822249093107
0 0.7009512485136742 0.3551995163240629 0.03210463733650416 0.021160822249093107
0 0.7003567181926278 0.3818016928657799 0.039239001189060645 0.051390568319226115
0 0.6626040428061831 0.20314389359129384 0.05172413793103448 0.05562273276904474
0 0.6706302021403091 0.23155985489721886 0.022592152199762187 0.02781136638452237
0 0.6718192627824019 0.10610640870616687 0.04994054696789536 0.03688029020556227
0 0.522294887039239 0.13119709794437726 0.03626634958382877 0.02539298669891173
0 0.5214030915576694 0.16233373639661428 0.04042806183115339 0.05259975816203144
0 0.361474435196195 0.14480048367593712 0.04280618311533888 0.05985489721886336
0 0.3683115338882283 0.23972188633615477 0.03983353151010702 0.047762998790810154
0 0.2785374554102259 0.13422007255139057 0.03864447086801427 0.049576783555018135
0 0.3370986920332937 0.32769044740024184 0.036860879904875146 0.04232164449818621
0 0.5214030915576694 0.21463119709794437 0.03210463733650416 0.016928657799274487
0 0.5906658739595719 0.2249093107617896 0.032699167657550536 0.016928657799274487
0 0.5873959571938169 0.25725513905683195 0.039239001189060645 0.058645707376058044
0 0.5778834720570749 0.3134824667472793 0.03804994054696789 0.042926239419588876
0 0.5249702734839476 0.23155985489721886 0.026159334126040427 0.018137847642079808
0 0.7687277051129607 0.435912938331318 0.06064209274673008 0.03143893591293833
0 0.7607015457788348 0.4658403869407497 0.029131985731272295 0.04050785973397823
0 0.8222354340071344 0.4410519951632406 0.04399524375743163 0.06106408706166868
0 0.7981569560047562 0.4788391777509069 0.018430439952437573 0.020556227327690448
0 0.8272889417360285 0.48639661426844016 0.03151010701545779 0.02357920193470375
0 0.36504161712247324 0.26964933494558646 0.027348394768133173 0.019347037484885126
0 0.8448275862068966 0.9313784764207981 0.0535077288941736 0.051390568319226115
