0 0.32810650887573967 0.5211092715231788 0.06094674556213018 0.08857615894039735
0 0.2896449704142012 0.486341059602649 0.04082840236686391 0.052152317880794705
0 0.32514792899408285 0.5711920529801324 0.0242603550295858 0.0380794701986755
0 0.3559171597633136 0.5579470198675497 0.017159763313609466 0.029801324503311258
0 0.46923076923076923 0.5695364238410596 0.07100591715976332 0.07119205298013245
0 0.5837278106508875 0.3580298013245033 0.06449704142011835 0.0935430463576159
0 0.4775147928994083 0.7475165562913907 0.05917159763313609 0.07450331125827815
0 0.5097633136094675 0.7388245033112583 0.031360946745562134 0.10016556291390728
0 0.5650887573964497 0.8990066225165563 0.0650887573964497 0.07947019867549669
0 0.5446745562130177 0.8663079470198676 0.026627218934911243 0.028973509933774833
0 0.6532544378698225 0.867135761589404 0.07692307692307693 0.10347682119205298
0 0.6316568047337278 0.7942880794701986 0.051479289940828406 0.06870860927152318
0 0.6568047337278107 0.7334437086092715 0.0650887573964497 0.0728476821192053
0 0.7328402366863905 0.5227649006622517 0.028994082840236687 0.0802980132450331
0 0.35177514792899406 0.42508278145695366 0.07159763313609467 0.0869205298013245
