0 0.46285714285714286 0.8386978785662034 0.0636734693877551 0.08558888076079005
0 0.5816326530612245 0.8712509144111192 0.036734693877551024 0.033650329188002925
0 0.48653061224489796 0.5892465252377469 0.027755102040816326 0.02852962692026335
0 0.43183673469387757 0.6430138990490124 0.02122448979591837 0.030724213606437453
0 0.3926530612244898 0.5453547915142648 0.027755102040816326 0.02852962692026335
0 0.4097959183673469 0.4498902706656913 0.0326530612244898 0.03950256035113387
0 0.44040816326530613 0.5142648134601316 0.02857142857142857 0.040965618141916606
0 0.4820408163265306 0.5398683247988295 0.03346938775510204 0.027798098024871983
0 0.6979591836734694 0.3178493050475494 0.04081632653061224 0.02852962692026335
0 0.7453061224489796 0.3035844915874177 0.03918367346938775 0.019019751280175568
0 0.7840816326530612 0.28200438917337234 0.03346938775510204 0.04316020482809071
0 0.8126530612244898 0.25274323335771764 0.03346938775510204 0.013899049012435992
0 0.8555102040816327 0.20043891733723482 0.031020408163265307 0.01755669348939283
0 0.7077551020408164 0.4290416971470373 0.044081632653061226 0.04023408924652524
0 0.8142857142857143 0.20446232626188734 0.025306122448979593 0.02121433796634967
0 0.8375510204081633 0.21982443306510607 0.031020408163265307 0.02121433796634967
0 0.4869387755102041 0.8690563277249451 0.030204081632653063 0.027798098024871983
0 0.5073469387755102 0.6217995610826628 0.0236734693877551 0.030724213606437453
0 0.5216326530612245 0.5786393562545721 0.027755102040816326 0.020482809070958303
0 0.5093877551020408 0.4963423555230432 0.04244897959183674 0.029992684711046085
0 0.39387755102040817 0.47988295537673736 0.025306122448979593 0.04242867593269934
0 0.3183673469387755 0.4246525237746891 0.044081632653061226 0.03291880029261156
0 0.4363265306122449 0.38551572787125093 0.0236734693877551 0.01755669348939283
3 0.015102040816326531 0.5270665691294806 0.02040816326530612 0.02852962692026335
0 0.8440816326530612 0.8493050475493782 0.017959183673469388 0.027798098024871983
0 0.8453061224489796 0.8760058522311631 0.015510204081632653 0.02852962692026335
0 0.846530612244898 0.9173372348207754 0.024489795918367346 0.04974396488661302
0 0.8534693877551021 0.964155084125823 0.0236734693877551 0.029261155815654718
5 0.16081632653061226 0.8873445501097293 0.09306122448979592 0.029261155815654718
