3 0.5624472573839663 0.8323088743757203 0.039662447257383965 0.02343449865539762
3 0.4137130801687764 0.8595850941221668 0.01139240506329114 0.0072992700729927005
0 0.4582278481012658 0.8234729158663081 0.038818565400843885 0.028044563964656165
0 0.44936708860759494 0.8655397618132924 0.03713080168776371 0.031502112946600075
3 0.47552742616033755 0.8622742988859009 0.020253164556962026 0.017287744909719554
0 0.35232067510548526 0.9466000768344218 0.04050632911392405 0.02305032654629274
0 0.3067510548523207 0.9074145217057241 0.0379746835443038 0.024587014982712256
0 0.2843881856540084 0.8728390318862851 0.009282700421940928 0.006915097963887821
0 0.17827004219409281 0.8980023050326547 0.03839662447257384 0.028044563964656165
3 0.2029535864978903 0.9087591240875912 0.02109704641350211 0.020361121782558587
0 0.013080168776371307 0.7643104110641568 0.02531645569620253 0.033422973492124475
3 0.024050632911392405 0.7748751440645409 0.017721518987341773 0.01536688436419516
