0 0.9415658093797277 0.9342737094837935 0.02760968229954614 0.05102040816326531
0 0.8577912254160364 0.9621848739495799 0.039334341906202726 0.05162064825930372
0 0.8952344931921331 0.8919567827130852 0.030257186081694403 0.05042016806722689
0 0.9672844175491679 0.8553421368547419 0.03668683812405446 0.06962785114045618
0 0.8657337367624811 0.8427370948379351 0.023449319213313162 0.04081632653061224
0 0.9343797276853253 0.7403961584633854 0.030635400907715583 0.048619447779111646
0 0.8776475037821483 0.7563025210084033 0.030635400907715583 0.04441776710684274
0 0.8360438729198184 0.7460984393757503 0.031391830559757944 0.05282112845138055
0 0.8627080181543116 0.6569627851140456 0.029500756429652043 0.048619447779111646
0 0.8772692889561271 0.6908763505402161 0.02685325264750378 0.04321728691476591
0 0.9158472012102874 0.5786314525810324 0.033661119515885025 0.07803121248499399
0 0.8214826021180031 0.21278511404561826 0.03177004538577912 0.04981992797118848
0 0.8587367624810892 0.25660264105642255 0.02155824508320726 0.017406962785114045
0 0.850983358547655 0.22268907563025211 0.02723146747352496 0.0468187274909964
0 0.8322617246596067 0.18187274909963985 0.0208018154311649 0.03601440576230492
0 0.8727307110438729 0.17857142857142858 0.024583963691376703 0.0546218487394958
0 0.8504160363086233 0.12394957983193278 0.028366111951588502 0.07863145258103241
0 0.8226172465960666 0.1209483793517407 0.024962178517397883 0.05942376950780312
0 0.7726928895612708 0.2307923169267707 0.03555219364599092 0.05222088835534214
0 0.7859304084720121 0.26260504201680673 0.01664145234493192 0.03181272509003601
0 0.7970877458396369 0.32593037214885956 0.023071104387291982 0.04561824729891957
0 0.7526475037821483 0.2539015606242497 0.05370650529500756 0.09483793517406963
0 0.6904311649016641 0.2665066026410564 0.031391830559757944 0.05402160864345738
0 0.6970499243570348 0.21998799519807924 0.029500756429652043 0.029411764705882353
0 0.6456127080181543 0.2851140456182473 0.031013615733736764 0.04441776710684274
0 0.6068456883509834 0.3328331332533013 0.031391830559757944 0.045018007202881155
0 0.6251891074130106 0.34963985594237695 0.03252647503782148 0.048619447779111646
0 0.6128971255673222 0.27911164465786314 0.01777609682299546 0.03481392557022809
0 0.636535552193646 0.20468187274909963 0.029500756429652043 0.04201680672268908
0 0.6452344931921331 0.1563625450180072 0.015128593040847202 0.029411764705882353
0 0.7027231467473525 0.14105642256902762 0.029500756429652043 0.03841536614645858
0 0.7240922844175491 0.18127250900360145 0.02685325264750378 0.03841536614645858
4 0.745839636913767 0.19567827130852342 0.009833585476550681 0.015606242496998799
0 0.774016641452345 0.11194477791116447 0.05635400907715583 0.08103241296518607
3 0.7864977307110439 0.05312124849939976 0.0170196671709531 0.0234093637454982
0 0.8103252647503782 0.04351740696278512 0.030635400907715583 0.04141656662665066
0 0.7172844175491679 0.07352941176470588 0.029878971255673223 0.040216086434573826
0 0.6913767019667171 0.09573829531812725 0.029500756429652043 0.033013205282112844
0 0.6149773071104387 0.11224489795918367 0.02798789712556732 0.03961584633853541
0 0.578857791225416 0.1452581032412965 0.032148260211800304 0.04921968787515006
0 0.6705748865355522 0.05552220888355342 0.03479576399394856 0.05222088835534214
0 0.4965960665658094 0.07713085234093638 0.04462934947049924 0.06302521008403361
0 0.541036308623298 0.08523409363745499 0.030635400907715583 0.028811524609843937
0 0.5132375189107413 0.25960384153661464 0.037065052950075644 0.07262905162064826
0 0.3031391830559758 0.025210084033613446 0.04046898638426626 0.04921968787515006
0 0.2371406959152799 0.02460984393757503 0.048411497730711045 0.0468187274909964
0 0.21255673222390317 0.1209483793517407 0.04084720121028744 0.07983193277310924
0 0.1214069591527988 0.035414165666266505 0.012859304084720122 0.021608643457382955
0 0.10457639939485627 0.12605042016806722 0.02760968229954614 0.05282112845138055
0 0.1136535552193646 0.07052821128451381 0.029878971255673223 0.05102040816326531
0 0.13956127080181543 0.07893157262905162 0.03555219364599092 0.07863145258103241
0 0.14145234493192133 0.21788715486194477 0.03479576399394856 0.07082833133253301
0 0.18078668683812404 0.18517406962785113 0.038577912254160365 0.07142857142857142
0 0.1745461422087746 0.335234093637455 0.02685325264750378 0.0666266506602641
0 0.16414523449319213 0.45888355342136855 0.01588502269288956 0.05702280912364946
0 0.1838124054462935 0.5834333733493398 0.028744326777609682 0.057623049219687875
2 0.04860060514372164 0.3133253301320528 0.012481089258698942 0.013205282112845138
0 0.09171709531013615 0.297719087635054 0.02155824508320726 0.030012004801920768
0 0.10779122541603631 0.2695078031212485 0.02042360060514372 0.031212484993997598
0 0.08358547655068078 0.24789915966386555 0.03252647503782148 0.05162064825930372
0 0.02515128593040847 0.14945978391356543 0.041225416036308624 0.06842737094837935
0 0.0794251134644478 0.03331332533013205 0.02723146747352496 0.05702280912364946
0 0.10741301059001512 0.45588235294117646 0.038577912254160365 0.09903961584633854
2 0.07564296520423601 0.3874549819927971 0.01059001512859304 0.0234093637454982
0 0.12821482602118003 0.27310924369747897 0.031013615733736764 0.0744297719087635
0 0.7254160363086233 0.014405762304921969 0.024205748865355523 0.024009603841536616
0 0.8494704992435703 0.027911164465786314 0.03177004538577912 0.0546218487394958
0 0.7422465960665658 0.020108043217286913 0.019288956127080183 0.039015606242496996
0 0.6991301059001512 0.027611044417767107 0.031391830559757944 0.04561824729891957
0 0.6732223903177005 0.013205282112845138 0.03328290468986384 0.025210084033613446
0 0.8918305597579426 0.8130252100840336 0.03252647503782148 0.05102040816326531
