4 0.34338484734263097 0.682791095890411 0.018846588767433094 0.04708904109589041
3 0.447041085563513 0.2786815068493151 0.018092725216735772 0.08476027397260275
3 0.5748209574067094 0.08732876712328767 0.051262721447418017 0.025684931506849314
3 0.7041085563513004 0.4323630136986301 0.05653976630229928 0.07534246575342465
3 0.816057293629853 0.09717465753424658 0.04146249528835281 0.06592465753424658
3 0.7534866189219751 0.386986301369863 0.04598567659253675 0.0702054794520548
3 0.7970222389747456 0.3458904109589041 0.052393516773464 0.0702054794520548
3 0.83942706370147 0.300513698630137 0.036939313984168866 0.06506849315068493
3 0.8671315491895967 0.2726883561643836 0.02751601960045232 0.05565068493150685
0 0.8707124010554089 0.4362157534246575 0.01206181681115718 0.028253424657534245
0 0.9112325669053901 0.4507705479452055 0.011684885035808518 0.028253424657534245
0 0.94082171127026 0.3274828767123288 0.012815680361854504 0.028253424657534245
4 0.3464003015454203 0.6451198630136986 0.012815680361854504 0.02482876712328767
2 0.4355446664153788 0.2889554794520548 0.012438748586505842 0.02482876712328767
2 0.43799472295514513 0.2615582191780822 0.009046362608367886 0.029965753424657533
5 0.9815303430079155 0.495291095890411 0.034677723332076894 0.08476027397260275
