0 0.6857375271149675 0.5463917525773195 0.056941431670282 0.04244996967859309
4 0.6263557483731019 0.5027289266221953 0.0227765726681128 0.021831412977562158
4 0.6569956616052061 0.40479078229229837 0.022234273318872018 0.022437841115827774
0 0.7250542299349241 0.43147362037598547 0.03579175704989154 0.05033353547604609
0 0.6599783080260304 0.4487568223165555 0.0368763557483731 0.04730139478471801
0 0.6922451193058569 0.4417828987265009 0.05260303687635575 0.049120679199514856
3 0.5257592190889371 0.20163735597331717 0.020065075921908895 0.01879927228623408
4 0.6933297180043384 0.04154032747119466 0.022234273318872018 0.024863553668890235
0 0.579175704989154 0.15706488781079442 0.057483731019522775 0.05942995755003032
0 0.6258134490238612 0.14463311097634932 0.052060737527114966 0.049120679199514856
4 0.601409978308026 0.18344451182534868 0.0227765726681128 0.02001212856276531
0 0.5482646420824295 0.16919345057610674 0.027114967462039046 0.031534263189812006
0 0.6561822125813449 0.12583383869011522 0.024945770065075923 0.02607640994542147
0 0.6567245119305857 0.15767131594906003 0.028199566160520606 0.029108550636749546
2 0.5821583514099783 0.8317161916312917 0.02982646420824295 0.01758641600970285
4 0.3722885032537961 0.8420254699818072 0.01898047722342733 0.022437841115827774
4 0.38909978308026033 0.8677986658580958 0.021149674620390455 0.020618556701030927
4 0.5165401301518439 0.9172225591267434 0.01898047722342733 0.01637355973317162
0 0.43926247288503256 0.8638568829593694 0.05639913232104121 0.05033353547604609
0 0.4972885032537961 0.9023650697392359 0.046637744034707156 0.053365676167374164
0 0.4655639913232104 0.9096422073984233 0.02982646420824295 0.036385688295936934
4 0.5851409978308026 0.09945421467556094 0.024945770065075923 0.025469981807155852
