0 0.08737113402061855 0.8988095238095238 0.07061855670103093 0.09065934065934066
4 0.1693298969072165 0.8562271062271062 0.02422680412371134 0.03663003663003663
4 0.25309278350515463 0.9029304029304029 0.032989690721649485 0.04395604395604396
0 0.386340206185567 0.7934981684981685 0.04587628865979381 0.055860805860805864
0 0.47190721649484535 0.7687728937728938 0.11494845360824742 0.14377289377289376
0 0.547938144329897 0.8708791208791209 0.05257731958762887 0.07509157509157509
0 0.5682989690721649 0.9304029304029304 0.04690721649484536 0.09157509157509157
9 0.42036082474226805 0.5384615384615384 0.12628865979381443 0.27106227106227104
0 0.04381443298969072 0.9015567765567766 0.024742268041237112 0.06684981684981685
2 0.8394329896907217 0.8685897435897436 0.02216494845360825 0.03388278388278388
