3 0.06776400171013254 0.5419520547945206 0.037195382642154766 0.04280821917808219
3 0.07503206498503634 0.6172945205479452 0.026079521162890123 0.0839041095890411
3 0.6528430953398888 0.5753424657534246 0.03933304831124412 0.06164383561643835
0 0.7208208636169303 0.5055650684931506 0.03933304831124412 0.052226027397260275
0 0.7616502778965369 0.4875856164383562 0.037195382642154766 0.059075342465753425
0 0.8646857631466439 0.4028253424657534 0.037195382642154766 0.06763698630136987
0 0.8287729799059427 0.4332191780821918 0.04061564771269773 0.0702054794520548
0 0.9232578024796921 0.2979452054794521 0.04745617785378367 0.06335616438356165
0 0.900598546387345 0.1733732876712329 0.04574604531851219 0.059075342465753425
3 0.0271483539974348 0.6823630136986302 0.026934587430525864 0.09075342465753425
0 0.6879008123129543 0.6078767123287672 0.033347584437793926 0.08047945205479452
0 0.8882000855066268 0.4233732876712329 0.01410859341598974 0.04023972602739726
