0 0.021249195106245976 0.5240488155061019 0.03219575016097875 0.06317300789662599
4 0.345460399227302 0.48205312275664036 0.016097875080489377 0.019382627422828428
0 0.5148100450740503 0.45513280689160085 0.04185447520927238 0.06317300789662599
0 0.32195750160978753 0.7293610911701364 0.03992273019961365 0.05025125628140704
0 0.40598840952994203 0.6791098348887293 0.061171925305859624 0.03732950466618808
0 0.5183515775917579 0.6726489590811199 0.056664520283322604 0.04450825556353195
0 0.4124275595621378 0.7386934673366834 0.04056664520283323 0.05599425699928212
0 0.386349001931745 0.8129935391241924 0.04507405022537025 0.050969131371141424
0 0.45556986477784933 0.7501794687724336 0.027688345138441726 0.03589375448671931
0 0.49356084996780425 0.7401292175161522 0.049581455247907275 0.03732950466618808
0 0.5418544752092723 0.7663316582914573 0.04571796522858983 0.03804737975592247
0 0.5650354153251771 0.7153625269203159 0.04700579523502898 0.04522613065326633
0 0.6043142305215712 0.7444364680545585 0.03412749517063748 0.04020100502512563
0 0.31004507405022536 0.8844221105527639 0.04829362524146812 0.05886575735821967
0 0.5643915003219575 0.7982770997846375 0.027688345138441726 0.021536252692031587
0 0.47070186735350933 0.698851399856425 0.06310367031551835 0.04235463029432879
0 0.43689632968448167 0.7832017229002154 0.05215711526078558 0.057430007178750894
0 0.9259497746297489 0.3858578607322326 0.05795235028976175 0.0681981335247667
0 0.8737926593689633 0.36611629576453697 0.0360592401802962 0.03445800430725054
0 0.8976175144880876 0.3169418521177315 0.06052801030264005 0.046661880832735106
0 0.5396007726980039 0.4264178033022254 0.025756600128783 0.025843503230437905
0 0.5656793303283967 0.4798994974874372 0.027688345138441726 0.05527638190954774
0 0.5895041854475209 0.45226130653266333 0.043142305215711524 0.03732950466618808
0 0.4877656149388281 0.7742282842785355 0.030264005151320026 0.023689877961234746
0 0.6142949130714745 0.6952620244077531 0.06052801030264005 0.04522613065326633
0 0.4665164198325821 0.8330940416367552 0.021249195106245976 0.02512562814070352
