1 0.15549169859514686 0.5412772585669782 0.027458492975734355 0.017133956386292833
1 0.15932311621966794 0.5529595015576324 0.028735632183908046 0.014018691588785047
1 0.1938058748403576 0.6818535825545171 0.009578544061302681 0.019470404984423675
1 0.19923371647509577 0.7137850467289719 0.034482758620689655 0.04439252336448598
1 0.20977011494252873 0.721183800623053 0.030012771392081736 0.04672897196261682
0 0.2148786717752235 0.5358255451713395 0.028735632183908046 0.045171339563862926
0 0.22701149425287356 0.4968847352024922 0.01979565772669221 0.04361370716510903
0 0.7985312899106003 0.7013239875389408 0.03639846743295019 0.053738317757009345
0 0.6206896551724138 0.5521806853582555 0.05747126436781609 0.056074766355140186
0 0.6133461047254151 0.5327102803738317 0.05810983397190294 0.06697819314641744
0 0.6005747126436781 0.507398753894081 0.05683269476372925 0.0630841121495327
0 0.5935504469987228 0.4742990654205608 0.041507024265644954 0.045171339563862926
0 0.5820561941251596 0.46417445482866043 0.05555555555555555 0.059190031152647975
0 0.5798212005108557 0.4384735202492212 0.05108556832694764 0.056074766355140186
0 0.5759897828863346 0.4061526479750779 0.04086845466155811 0.045950155763239874
0 0.561941251596424 0.38746105919003115 0.04469987228607918 0.05218068535825545
0 0.5466155810983397 0.3644859813084112 0.05236270753512133 0.059190031152647975
0 0.5303320561941252 0.3430685358255452 0.04533844189016603 0.0630841121495327
0 0.5239463601532567 0.3197040498442368 0.0351213282247765 0.04127725856697819
0 0.5073435504469987 0.30334890965732086 0.044061302681992334 0.05529595015576324
0 0.5031928480204342 0.28154205607476634 0.04469987228607918 0.05529595015576324
0 0.4872286079182631 0.25934579439252337 0.04469987228607918 0.056074766355140186
0 0.4782886334610473 0.23637071651090344 0.0421455938697318 0.05685358255451713
0 0.44859514687100893 0.18808411214953272 0.0491698595146871 0.06775700934579439
0 0.4335887611749681 0.17406542056074767 0.06257982120051085 0.0630841121495327
0 0.4185823754789272 0.1631619937694704 0.05300127713920817 0.0630841121495327
0 0.4495530012771392 0.13707165109034267 0.020434227330779056 0.028037383177570093
0 0.41507024265644954 0.14057632398753894 0.06896551724137931 0.08644859813084112
0 0.3885696040868455 0.139797507788162 0.04661558109833972 0.061526479750778816
0 0.42017879948914433 0.1059190031152648 0.03065134099616858 0.037383177570093455
0 0.3818646232439336 0.11565420560747663 0.05491698595146871 0.06619937694704049
0 0.49361430395913153 0.0926791277258567 0.02554278416347382 0.03426791277258567
0 0.5175606641123882 0.10319314641744548 0.01979565772669221 0.02881619937694704
0 0.49936143039591313 0.14174454828660435 0.06385696040868455 0.0763239875389408
0 0.5070242656449553 0.18574766355140188 0.04342273307790549 0.05529595015576324
0 0.5316091954022989 0.15809968847352024 0.026181353767560665 0.037383177570093455
0 0.5635376756066411 0.19353582554517135 0.03639846743295019 0.05685358255451713
0 0.5261813537675607 0.21300623052959503 0.04725415070242656 0.05996884735202492
0 0.5351213282247765 0.2542834890965732 0.0421455938697318 0.07087227414330217
0 0.5616219667943806 0.286214953271028 0.044061302681992334 0.07242990654205607
0 0.5756704980842912 0.30218068535825543 0.04661558109833972 0.06230529595015576
0 0.5983397190293742 0.2484423676012461 0.03065134099616858 0.04672897196261682
0 0.6018518518518519 0.32087227414330216 0.05683269476372925 0.06386292834890965
0 0.6069604086845466 0.3442367601246106 0.05172413793103448 0.06074766355140187
0 0.6254789272030651 0.36838006230529596 0.05938697318007663 0.06230529595015576
0 0.6293103448275862 0.397196261682243 0.05427841634738186 0.06074766355140187
0 0.6459131545338442 0.4166666666666667 0.05555555555555555 0.06230529595015576
0 0.659323116219668 0.44353582554517135 0.06066411238825032 0.07087227414330217
2 0.6803959131545338 0.46417445482866043 0.017241379310344827 0.018691588785046728
0 0.9121966794380587 0.7959501557632399 0.038952745849297574 0.05763239875389408
0 0.9568965517241379 0.8337227414330218 0.041507024265644954 0.05996884735202492
