0 0.08628472222222222 0.19329679595278246 0.010763888888888889 0.01981450252951096
0 0.06493055555555556 0.19203204047217537 0.03958333333333333 0.03414839797639123
0 0.11458333333333333 0.16863406408094436 0.07291666666666667 0.04047217537942664
0 0.159375 0.23461214165261382 0.013194444444444444 0.01897133220910624
4 0.4869791666666667 0.14376053962900506 0.016319444444444445 0.013490725126475547
0 0.5697916666666667 0.32377740303541314 0.03263888888888889 0.03035413153456998
0 0.5642361111111112 0.25695615514333897 0.030555555555555555 0.030775716694772345
0 0.5951388888888889 0.22048903878583473 0.03125 0.04047217537942664
0 0.6434027777777778 0.2036256323777403 0.027083333333333334 0.03709949409780776
0 0.6447916666666667 0.16505059021922427 0.02361111111111111 0.040893760539629
4 0.5239583333333333 0.2649662731871838 0.011805555555555555 0.013069139966273187
4 0.5265625 0.20025295109612143 0.01423611111111111 0.01517706576728499
0 0.4657986111111111 0.3482293423271501 0.04826388888888889 0.06323777403035413
0 0.7288194444444445 0.4405564924114671 0.04583333333333333 0.02951096121416526
0 0.7444444444444445 0.46943507588532885 0.025694444444444443 0.026559865092748734
8 0.7862847222222222 0.4997892074198988 0.024652777777777777 0.030775716694772345
0 0.8373263888888889 0.20172849915682967 0.02673611111111111 0.025716694772344013
0 0.8611111111111112 0.1745362563237774 0.022916666666666665 0.031197301854974706
0 0.86875 0.2358768971332209 0.02638888888888889 0.02740303541315346
0 0.9 0.22997470489038785 0.02847222222222222 0.026559865092748734
0 0.9034722222222222 0.2618043844856661 0.027083333333333334 0.02782462057335582
4 0.1828125 0.5061129848229342 0.017013888888888887 0.021500843170320406
0 0.27621527777777777 0.18591905564924116 0.027430555555555555 0.024451939291736932
4 0.5519097222222222 0.28962900505902195 0.008680555555555556 0.00927487352445194
4 0.6838541666666667 0.06408094435075885 0.009375 0.013490725126475547
4 0.5980902777777778 0.030564924114671165 0.011458333333333333 0.011382799325463743
4 0.6446180555555555 0.026138279932546374 0.012847222222222222 0.010961214165261383
0 0.7215277777777778 0.04869308600337268 0.04236111111111111 0.05269814502529511
0 0.7470486111111111 0.016863406408094434 0.02326388888888889 0.026981450252951095
