0 0.8821033210332103 0.65473061760841 0.02029520295202952 0.05059132720105125
0 0.8107011070110701 0.7030223390275953 0.053136531365313655 0.10512483574244415
0 0.8363468634686347 0.778580814717477 0.013653136531365314 0.05913272010512484
0 0.8559040590405904 0.7782522996057819 0.01955719557195572 0.05059132720105125
4 0.8031365313653136 0.6379763469119579 0.008487084870848708 0.01576872536136662
0 0.8291512915129151 0.6750985545335085 0.033210332103321034 0.05584756898817345
0 0.8416974169741698 0.7092641261498029 0.014022140221402213 0.03745072273324573
0 0.8889298892988929 0.6189224704336399 0.01918819188191882 0.035479632063074903
0 0.8771217712177122 0.5561760840998686 0.024354243542435424 0.06504599211563732
0 0.9023985239852399 0.5574901445466491 0.030627306273062732 0.08607095926412615
0 0.925830258302583 0.6185939553219448 0.022878228782287822 0.059789750328515114
0 0.9062730627306274 0.6645860709592641 0.025830258302583026 0.047963206307490146
0 0.9142066420664207 0.702365308804205 0.021771217712177122 0.02102496714848883
0 0.9009225092250922 0.442838370565046 0.032103321033210334 0.06438896189224705
0 0.8632841328413284 0.471419185282523 0.03136531365313653 0.04402102496714849
0 0.8247232472324724 0.42706964520367935 0.028782287822878228 0.0328515111695138
3 0.8392988929889299 0.48291721419185285 0.016605166051660517 0.02890932982917214
0 0.8300738007380074 0.5410643889618922 0.05350553505535055 0.09789750328515112
0 0.7726937269372693 0.5098554533508541 0.028044280442804426 0.04467805519053877
0 0.7483394833948339 0.5344940867279895 0.028044280442804426 0.03613666228646518
0 0.7059040590405904 0.5029566360052562 0.016236162361623615 0.04533508541392904
0 0.7284132841328413 0.48981603153745074 0.03468634686346864 0.05847568988173456
0 0.7540590405904058 0.459592641261498 0.03284132841328413 0.0519053876478318
0 0.7785977859778598 0.43889618922470436 0.023616236162361623 0.03679369250985545
0 0.798339483394834 0.4431668856767411 0.01955719557195572 0.0519053876478318
0 0.7575645756457564 0.3735216819973719 0.03025830258302583 0.04664914586070959
0 0.7848708487084871 0.33607095926412617 0.02952029520295203 0.047963206307490146
0 0.7833948339483395 0.36695137976346914 0.014022140221402213 0.032194480946123524
0 0.7771217712177122 0.395203679369251 0.01992619926199262 0.05059132720105125
0 0.8590405904059041 0.34625492772667543 0.025830258302583026 0.03942181340341656
0 0.7929889298892989 0.2726675427069645 0.028782287822878228 0.052562417871222074
0 0.7392988929889299 0.31274638633377133 0.03136531365313653 0.04993429697766097
0 0.7614391143911439 0.28942181340341655 0.02988929889298893 0.04402102496714849
0 0.7946494464944649 0.2102496714848883 0.04538745387453875 0.05781865965834428
0 0.7555350553505535 0.1954664914586071 0.030627306273062732 0.049277266754270695
0 0.7206642066420664 0.2519710906701708 0.033210332103321034 0.04402102496714849
0 0.7507380073800738 0.1498028909329829 0.027675276752767528 0.04730617608409987
0 0.7238007380073801 0.16885676741130093 0.027675276752767528 0.02890932982917214
0 0.7273062730627307 0.1980946123521682 0.03247232472324723 0.042706964520367936
0 0.7132841328413284 0.10019710906701708 0.03468634686346864 0.049277266754270695
0 0.7380073800738007 0.07030223390275953 0.033210332103321034 0.06438896189224705
0 0.7678966789667897 0.06800262812089355 0.03025830258302583 0.0519053876478318
0 0.8380073800738007 0.35151116951379763 0.028044280442804426 0.06176084099868594
0 0.6494464944649446 0.3587385019710907 0.025092250922509225 0.045992115637319315
0 0.596309963099631 0.3909329829172142 0.03099630996309963 0.06044678055190539
0 0.627859778597786 0.2197766097240473 0.04095940959409594 0.0795006570302234
0 0.6083025830258303 0.16392904073587386 0.056457564575645755 0.09395532194480946
0 0.5743542435424355 0.22109067017082787 0.027675276752767528 0.05059132720105125
0 0.540590405904059 0.24342969776609724 0.022878228782287822 0.04533508541392904
0 0.4867158671586716 0.2818659658344284 0.047232472324723246 0.07095926412614981
0 0.5175276752767528 0.3180026281208936 0.01734317343173432 0.02759526938239159
0 0.5455719557195572 0.4247700394218134 0.03579335793357934 0.06110381077529566
0 0.5599630996309963 0.5252956636005256 0.04317343173431734 0.06898817345597898
0 0.6022140221402214 0.5318659658344284 0.028044280442804426 0.03876478318002628
0 0.6750922509225092 0.5597897503285151 0.02841328413284133 0.051248357424441525
0 0.6383763837638377 0.59526938239159 0.03173431734317343 0.05519053876478318
0 0.6961254612546125 0.6534165571616294 0.03136531365313653 0.04664914586070959
0 0.7046125461254612 0.6018396846254928 0.014391143911439114 0.0328515111695138
0 0.5719557195571956 0.7394875164257556 0.025830258302583026 0.04139290407358739
0 0.6719557195571956 0.7933639947437582 0.025830258302583026 0.049277266754270695
0 0.6881918819188192 0.8173455978975033 0.028782287822878228 0.06701708278580815
0 0.6745387453874538 0.7365308804204993 0.016974169741697416 0.03416557161629435
0 0.7068265682656827 0.738173455978975 0.030627306273062732 0.04664914586070959
0 0.7503690036900369 0.716491458607096 0.02915129151291513 0.05716162943495401
0 0.7549815498154981 0.6665571616294349 0.02952029520295203 0.03482260183968462
0 0.5249077490774908 0.16557161629434955 0.03505535055350553 0.05913272010512484
0 0.5509225092250922 0.11596583442838371 0.028782287822878228 0.0519053876478318
0 0.5734317343173432 0.08574244415243101 0.025092250922509225 0.05716162943495401
0 0.4833948339483395 0.09855453350854139 0.033210332103321034 0.056504599211563734
0 0.5127306273062731 0.07917214191852825 0.027675276752767528 0.0519053876478318
0 0.5354243542435424 0.05420499342969776 0.03025830258302583 0.04664914586070959
0 0.021771217712177122 0.28416557161629435 0.020664206642066422 0.049277266754270695
0 0.3051660516605166 0.3416557161629435 0.03985239852398524 0.08015768725361366
0 0.3092250922509225 0.4172141918528252 0.05387453874538745 0.08935611038107753
0 0.37047970479704795 0.4724047306176084 0.03837638376383764 0.05781865965834428
0 0.2826568265682657 0.5873850197109067 0.037638376383763834 0.08672798948751642
0 0.21494464944649447 0.6984231274638634 0.03284132841328413 0.07621550591327202
0 0.2523985239852399 0.6580157687253614 0.03690036900369004 0.07424441524310119
0 0.2488929889298893 0.8153745072273325 0.024723247232472326 0.0683311432325887
0 0.23837638376383763 0.9513797634691196 0.016974169741697416 0.06044678055190539
2 0.12785977859778597 0.8055190538764783 0.011439114391143911 0.02102496714848883
0 0.16808118081180812 0.7871222076215506 0.022509225092250923 0.035479632063074903
0 0.1837638376383764 0.7578843626806833 0.020664206642066422 0.032194480946123524
0 0.16014760147601476 0.735873850197109 0.03394833948339483 0.05519053876478318
0 0.17822878228782288 0.6031537450722734 0.026568265682656828 0.05519053876478318
0 0.10202952029520296 0.6432325886990802 0.03800738007380074 0.08804204993429698
0 0.15867158671586715 0.4983574244415243 0.03616236162361624 0.07555847568988174
0 0.21125461254612546 0.5459921156373193 0.03284132841328413 0.08935611038107753
0 0.1837638376383764 0.9494086727989488 0.03985239852398524 0.09986859395532194
0 0.31088560885608857 0.48127463863337716 0.05055350553505535 0.06110381077529566
0 0.18708487084870848 0.5289093298291722 0.02730627306273063 0.08147174770039421
0 0.20129151291512914 0.7450722733245729 0.027675276752767528 0.06044678055190539
0 0.635239852398524 0.29500657030223393 0.025461254612546124 0.045992115637319315
0 0.8129151291512915 0.3114323258869908 0.035424354243542434 0.06307490144546649
0 0.7269372693726938 0.43823915900131405 0.033210332103321034 0.03679369250985545
0 0.6752767527675276 0.5969119579500657 0.016236162361623615 0.022996057818659658
0 0.7616236162361624 0.5824572930354797 0.03394833948339483 0.03876478318002628
