0 0.26044303797468354 0.09876065065840434 0.07278481012658228 0.10921766072811774
0 0.3924050632911392 0.5782339271882262 0.05949367088607595 0.07978311386522076
0 0.6860759493670886 0.5793958171959721 0.06329113924050633 0.06661502711076685
0 0.7382911392405064 0.45701006971340047 0.06265822784810127 0.05112316034082107
0 0.5316455696202531 0.5503485670023238 0.056962025316455694 0.054996127033307515
0 0.4300632911392405 0.45584817970565455 0.04113924050632911 0.042602633617350893
0 0.44050632911392407 0.5364058869093726 0.030379746835443037 0.037955073586367155
0 0.4854430379746835 0.4694035631293571 0.04050632911392405 0.055770720371804805
0 0.5136075949367088 0.5042602633617351 0.03354430379746835 0.049573973663826494
0 0.6518987341772152 0.8195197521301317 0.09367088607594937 0.09914794732765299
