0 0.05757064529734289 0.626057529610829 0.03500632644453817 0.02707275803722504
0 0.06516237874314636 0.43781725888324874 0.034162800506115566 0.0583756345177665
0 0.07654997891185154 0.10871404399323181 0.030788696752425137 0.05499153976311337
0 0.05609447490510333 0.1362098138747885 0.026992830029523407 0.05583756345177665
0 0.14487557992408268 0.14086294416243655 0.034162800506115566 0.0922165820642978
0 0.10818220160269928 0.21108291032148901 0.018135807676086038 0.04314720812182741
0 0.09489666807254322 0.2736886632825719 0.03795866722901729 0.09052453468697123
0 0.13222269084774357 0.2923011844331641 0.04175453395191902 0.07191201353637902
0 0.13390974272458878 0.48688663282571915 0.03331927456769296 0.08883248730964467
0 0.16406579502319696 0.3895939086294416 0.046393926613243354 0.0583756345177665
0 0.1792492619148039 0.4538917089678511 0.03121045972163644 0.06345177664974619
0 0.25748629270350065 0.5173434856175972 0.036693378321383384 0.0922165820642978
0 0.2271193589202868 0.2745346869712352 0.02488401518346689 0.08375634517766498
0 0.21868409953606074 0.17343485617597293 0.02825811893715732 0.077834179357022
0 0.24968367777309153 0.16243654822335024 0.03121045972163644 0.047377326565143825
0 0.25558835934204976 0.2140439932318105 0.02361872627583298 0.05414551607445008
0 0.289962041332771 0.2491539763113367 0.023196963306621677 0.06852791878172589
0 0.28911851539434835 0.16243654822335024 0.03163222269084774 0.04230118443316413
0 0.25558835934204976 0.27707275803722503 0.02867988190636862 0.0532994923857868
0 0.24124841838886546 0.37859560067681897 0.046393926613243354 0.09560067681895093
0 0.276043863348798 0.3489847715736041 0.04006748207507381 0.07360406091370558
0 0.28237030788696754 0.41878172588832485 0.034162800506115566 0.07952622673434856
0 0.3186419232391396 0.3299492385786802 0.03163222269084774 0.06091370558375635
0 0.3154787009700548 0.2546531302876481 0.021088148460565163 0.05583756345177665
0 0.3420497680303669 0.27918781725888325 0.02867988190636862 0.05922165820642978
0 0.3447912273302404 0.2254653130287648 0.03331927456769296 0.06006768189509306
0 0.3458456347532687 0.45685279187817257 0.03205398566005905 0.0727580372250423
0 0.3551244200759173 0.3849407783417936 0.027836355967946015 0.06598984771573604
0 0.37178405735976383 0.45981387478849406 0.026571067060312106 0.06006768189509306
0 0.36123998312948125 0.4978849407783418 0.024040489245044285 0.03468697123519458
4 0.3724167018135808 0.3489847715736041 0.009278785322648671 0.021150592216582064
0 0.4190215099114298 0.3020304568527919 0.030788696752425137 0.05245346869712352
0 0.4000421762969211 0.36548223350253806 0.02825811893715732 0.05245346869712352
0 0.40046393926613244 0.434010152284264 0.024040489245044285 0.05583756345177665
0 0.43441585828764234 0.4437394247038917 0.025305778152678194 0.08375634517766498
0 0.46183045128637706 0.5 0.02361872627583298 0.07106598984771574
0 0.5029523407844791 0.3811336717428088 0.029945170814002532 0.02961082910321489
0 0.49746942218473217 0.4302030456852792 0.029101644875579924 0.06683587140439932
0 0.48460565162378744 0.467005076142132 0.02361872627583298 0.05752961082910321
0 0.5044285111767187 0.4957698815566836 0.021931674398987768 0.05752961082910321
0 0.5379586672290173 0.5431472081218274 0.026571067060312106 0.05752961082910321
0 0.5870940531421341 0.5016920473773265 0.02867988190636862 0.05922165820642978
0 0.5449177562210038 0.43274111675126903 0.0388021931674399 0.08544839255499154
0 0.6273724167018135 0.5080372250423012 0.022353437368199072 0.06175972927241963
0 0.6315900463939266 0.4335871404399323 0.03838043019822859 0.0532994923857868
0 0.654365246731337 0.504653130287648 0.01982285955293125 0.05499153976311337
0 0.6900042176296921 0.5198815566835872 0.027836355967946015 0.07360406091370558
0 0.7250105440742303 0.5833333333333334 0.03205398566005905 0.07529610829103214
0 0.7642345002108815 0.5351099830795262 0.01940109658371995 0.03976311336717428
0 0.7724588781105018 0.4928087986463621 0.026571067060312106 0.03299492385786802
0 0.7564318852804723 0.4437394247038917 0.04175453395191902 0.05668358714043993
0 0.8298186419232392 0.5473773265651438 0.022353437368199072 0.06429780033840947
0 0.8551244200759174 0.511844331641286 0.017292281737663433 0.038917089678511
0 0.8555461830451286 0.561336717428088 0.018135807676086038 0.05499153976311337
0 0.8011387600168706 0.31852791878172587 0.03163222269084774 0.05499153976311337
0 0.7762547448334036 0.23181049069373943 0.060312104597216365 0.08629441624365482
0 0.6722901729228173 0.08206429780033841 0.030366933783213833 0.05245346869712352
0 0.6199915647406158 0.04145516074450085 0.03795866722901729 0.06260575296108291
0 0.7163644032053985 0.09856175972927242 0.03500632644453817 0.07529610829103214
0 0.9042598059890342 0.5452622673434856 0.06832560101223113 0.06514382402707276
0 0.9647827920708562 0.6049069373942471 0.03163222269084774 0.077834179357022
0 0.9510754955714888 0.7060067681895094 0.03374103753690426 0.03468697123519458
4 0.8469000421762969 0.6252115059221658 0.01433994095318431 0.0338409475465313
4 0.9453816954871362 0.6569373942470389 0.013074652045550401 0.0194585448392555
4 0.9816533108393083 0.6543993231810491 0.013074652045550401 0.021150592216582064
0 0.3102066638549135 0.38071065989847713 0.02825811893715732 0.05583756345177665
0 0.845634753268663 0.28849407783417935 0.030366933783213833 0.049069373942470386
0 0.3059890341628005 0.4251269035532995 0.016448755799240825 0.04314720812182741
0 0.33066216786166175 0.4137055837563452 0.026992830029523407 0.05245346869712352
