0 0.369290573372206 0.24506247480854493 0.03498542274052478 0.05562273276904474
0 0.3654033041788144 0.24627166465135025 0.018140589569160998 0.03385731559854897
0 0.5158730158730159 0.2569528415961306 0.03854875283446712 0.055219669488109635
0 0.5259151279559443 0.29343006852075776 0.05344995140913508 0.05401047964530431
0 0.546485260770975 0.27065699314792424 0.016844833171363784 0.022974607013301087
0 0.7107223841917719 0.6140669085046352 0.05053449951409135 0.06811769447803305
0 0.6713637836086815 0.5755743651753326 0.03984450923226433 0.054816606207174524
0 0.6805960479429867 0.580814187827489 0.013605442176870748 0.015316404675534058
0 0.6741172659540007 0.5648931882305522 0.025267249757045675 0.02781136638452237
0 0.719954648526077 0.6628375654977832 0.019112406867508907 0.022168480451430876
0 0.7819889860706187 0.6795646916565901 0.04859086491739553 0.05804111245465538
0 0.8192419825072886 0.6058041112454655 0.04470359572400389 0.04353083434099154
0 0.8827340459993521 0.6866182990729545 0.03498542274052478 0.06972994760177348
0 0.8399740848720441 0.7108020959290609 0.04016844833171364 0.05280128980249899
0 0.6122448979591837 0.5292220878677952 0.045999352121801104 0.058847239016525596
0 0.5845481049562682 0.5380894800483675 0.02105604146420473 0.024989923417976623
0 0.4872044055717525 0.49556630390971385 0.02591512795594428 0.026199113260781944
0 0.5259151279559443 0.48428053204353083 0.05992873339812115 0.05441354292623942
0 0.5427599611273081 0.45102781136638453 0.05215419501133787 0.05562273276904474
0 0.7729186912860382 0.8210399032648126 0.042759961127308066 0.06771463119709795
0 0.6945254292193068 0.47702539298669894 0.027858762552640103 0.031035872632003223
0 0.673469387755102 0.43893591293833134 0.03304178814382896 0.054816606207174524
0 0.6475542597991577 0.42845626763401856 0.04146420472951085 0.023377670294236194
0 0.6710398445092323 0.3978234582829504 0.022999676060900552 0.03788794840790004
0 0.673955296404276 0.37343812978637647 0.014577259475218658 0.015719467956469165
0 0.6545189504373178 0.3710197501007658 0.017816650469711693 0.019750100765820233
0 0.6392938127632005 0.4068923821039903 0.02559118885649498 0.028617492946392584
