0 0.8845204513399154 0.0549278091650973 0.02362482369534556 0.038292529817953544
0 0.43212270803949226 0.40991839296924043 0.02785613540197461 0.04268675455116133
0 0.4169605077574048 0.4372253609541745 0.02785613540197461 0.04331450094161959
0 0.43846967559943584 0.450721908349027 0.029971791255289138 0.059008160703075956
0 0.39703808180535965 0.47332077840552417 0.02679830747531735 0.04394224733207784
0 0.37323695345557123 0.49403640929064657 0.014456981664315938 0.021343377275580666
0 0.37782087447108603 0.5229127432517263 0.02362482369534556 0.04268675455116133
0 0.3679478138222849 0.5417451349654739 0.02221438645980254 0.026365348399246705
0 0.36812411847672777 0.5586942875078468 0.020451339915373765 0.03389830508474576
0 0.36812411847672777 0.5919648462021343 0.02609308885754584 0.03640929064657878
0 0.514280677009873 0.630571249215317 0.02926657263751763 0.045825486503452605
0 0.4788434414668547 0.6795354676710609 0.03526093088857546 0.05084745762711865
0 0.4501057827926657 0.6359070935342122 0.024330042313117067 0.04519774011299435
0 0.46262341325811 0.620527306967985 0.011283497884344146 0.02448210922787194
0 0.47531734837799716 0.6136220966729441 0.02679830747531735 0.04959196484620213
0 0.48184062059238364 0.5844318895166353 0.015867418899858956 0.026365348399246705
0 0.45433709449929477 0.5809792843691148 0.025740479548660086 0.04833647206528562
0 0.4696755994358251 0.5552416823603264 0.02468265162200282 0.06591337099811675
0 0.49700282087447106 0.5533584431889517 0.03772919605077574 0.05586942875078468
0 0.5169252468265162 0.4981167608286252 0.038787023977433006 0.07344632768361582
0 0.5805712270803949 0.5144381669805399 0.0116361071932299 0.02322661644695543
0 0.5708744710860366 0.5398618957940992 0.02468265162200282 0.03389830508474576
0 0.5929125528913963 0.5401757689893283 0.02150916784203103 0.03452605147520402
0 0.6227080394922426 0.5433145009416196 0.02538787023977433 0.03327055869428751
0 0.6177715091678421 0.4934086629001883 0.0232722143864598 0.03389830508474576
0 0.640691114245416 0.46829880728185813 0.012693935119887164 0.03515379786566227
0 0.6535613540197461 0.4689265536723164 0.014456981664315938 0.03389830508474576
0 0.4236600846262341 0.5856873822975518 0.025740479548660086 0.04394224733207784
0 0.4289492242595205 0.5185185185185185 0.015162200282087448 0.03640929064657878
0 0.43899858956276444 0.5451977401129944 0.03385049365303244 0.044569993722536096
0 0.4486953455571227 0.5021971123666039 0.027150916784203102 0.04143126177024482
0 0.47531734837799716 0.48085373509102325 0.028208744710860368 0.04770872567482737
2 0.548836389280677 0.28311362209667296 0.008815232722143865 0.010043942247332079
2 0.5611777150916785 0.268361581920904 0.010225669957686883 0.015693659761456372
2 0.5729901269393513 0.25486503452605147 0.009873060648801129 0.012554927809165096
3 0.027503526093088856 0.5210295040803515 0.011988716502115656 0.027620841180163214
0 0.5297954866008463 0.6698053986189579 0.025035260930888575 0.0389202762084118
0 0.3929830747531735 0.5831763967357187 0.0116361071932299 0.021343377275580666
4 0.4763751763046544 0.7369742623979912 0.009873060648801129 0.016321406151914627
