0 0.2881756756756757 0.29308452250274425 0.06148648648648649 0.03512623490669594
0 0.2918918918918919 0.38309549945115257 0.052702702702702706 0.03732162458836443
0 0.2885135135135135 0.3345225027442371 0.09594594594594595 0.05653128430296377
0 0.41486486486486485 0.3035126234906696 0.08648648648648649 0.07683863885839737
0 0.34662162162162163 0.524423710208562 0.08243243243243244 0.062019758507135016
0 0.36317567567567566 0.5963227222832053 0.075 0.062019758507135016
0 0.39797297297297296 0.39709110867178926 0.03648648648648649 0.03128430296377607
0 0.42567567567567566 0.4459385290889133 0.07162162162162163 0.05872667398463227
0 0.4834459459459459 0.4635016465422612 0.04932432432432433 0.03567508232711306
0 0.4983108108108108 0.4149286498353458 0.0777027027027027 0.05598243688254665
0 0.5097972972972973 0.36608122941822174 0.06418918918918919 0.03293084522502744
4 0.3489864864864865 0.07903402854006586 0.029054054054054056 0.025246981339187707
4 0.41047297297297297 0.13721185510428102 0.030405405405405407 0.02305159165751921
4 0.2195945945945946 0.16520307354555433 0.031081081081081083 0.021953896816684963
0 0.5530405405405405 0.4154774972557629 0.03445945945945946 0.03293084522502744
