0 0.9392829606784888 0.6900232919254659 0.018889745566692366 0.018245341614906832
3 0.9196222050886661 0.6968167701863354 0.012721665381649962 0.013198757763975156
0 0.9379336931380108 0.7146739130434783 0.04240555127216654 0.036490683229813664
3 0.9622205088666153 0.7276785714285714 0.02467232074016962 0.022127329192546584
0 0.9227062451811874 0.7534937888198758 0.0520431765612953 0.034161490683229816
0 0.8388589051657671 0.6882763975155279 0.04240555127216654 0.031055900621118012
0 0.8614109483423285 0.6983695652173914 0.018889745566692366 0.017080745341614908
2 0.8818427139552815 0.8233695652173914 0.02120277563608327 0.012422360248447204
0 0.7592521202775636 0.7907608695652174 0.0558982266769468 0.05201863354037267
0 0.6684656900539707 0.7102096273291926 0.02081727062451812 0.03377329192546584
0 0.6861989205859677 0.6853649068322981 0.036237471087124135 0.030667701863354036
0 0.7122205088666153 0.6820652173913043 0.03276792598303778 0.04813664596273292
0 0.7207016191210486 0.6145186335403726 0.04124903623747109 0.036490683229813664
0 0.7139552814186585 0.6378105590062112 0.01927525057825752 0.021739130434782608
0 0.8442559753276793 0.6050077639751553 0.040863531225905934 0.027562111801242236
0 0.7837316885119506 0.5401785714285714 0.04240555127216654 0.03687888198757764
3 0.7991518889745567 0.5520186335403726 0.014649190439475714 0.013198757763975156
0 0.7262914417887433 0.5560947204968945 0.05088666152659985 0.05551242236024845
0 0.7457594448727833 0.5805512422360248 0.015034695451040863 0.01203416149068323
0 0.6260601387818041 0.5058229813664596 0.018504240555127217 0.018633540372670808
0 0.596183500385505 0.3656832298136646 0.025057825751734774 0.037267080745341616
0 0.5745952197378565 0.3458850931677019 0.03970701619121048 0.019409937888198756
0 0.3508095605242868 0.34646739130434784 0.026985350809560524 0.024456521739130436
0 0.3752891287586739 0.35733695652173914 0.03970701619121048 0.032220496894409936
0 0.4026599845797995 0.3299689440993789 0.016576715497301466 0.021739130434782608
0 0.3060909791827294 0.23524844720496896 0.040092521202775636 0.039596273291925464
0 0.344834232845027 0.25679347826086957 0.023515805705474173 0.023680124223602484
0 0.32864302235929066 0.24883540372670807 0.02274479568234387 0.02562111801242236
0 0.38396299151888974 0.2796972049689441 0.052428681572860444 0.051630434782608696
0 0.23496530454895914 0.15586180124223603 0.037393986121819586 0.03299689440993789
0 0.2629144178874325 0.20205745341614906 0.016191210485736313 0.01591614906832298
0 0.20470316114109482 0.20593944099378883 0.04317656129529684 0.03920807453416149
0 0.16480339244410178 0.19118788819875776 0.03970701619121048 0.03610248447204969
0 0.13878180416345412 0.1981754658385093 0.02235929067077872 0.03998447204968944
0 0.11276021588280648 0.1638198757763975 0.0528141865844256 0.040372670807453416
0 0.11912104857363146 0.1172360248447205 0.03777949113338473 0.026397515527950312
0 0.1592135697764071 0.09142080745341614 0.03469545104086353 0.03920807453416149
0 0.19468003084040092 0.14130434782608695 0.03777949113338473 0.043478260869565216
0 0.18465690053970701 0.16149068322981366 0.02081727062451812 0.017080745341614908
0 0.02120277563608327 0.057065217391304345 0.03932151117964534 0.03571428571428571
0 0.06303006939090208 0.07181677018633541 0.04433307632999229 0.02872670807453416
0 0.06669236700077101 0.10267857142857142 0.020046260601387818 0.019798136645962732
0 0.139745566692367 0.09045031055900621 0.016576715497301466 0.017080745341614908
2 0.5940632228218967 0.4922360248447205 0.01079414032382421 0.010093167701863354
0 0.3754818812644564 0.1642080745341615 0.040092521202775636 0.040372670807453416
0 0.35061680801850426 0.17080745341614906 0.028912875867386275 0.03260869565217391
0 0.21087124132613724 0.057841614906832296 0.03777949113338473 0.029503105590062112
0 0.1141094834232845 0.013392857142857142 0.03855050115651504 0.026009316770186336
0 0.0846183500385505 0.011063664596273292 0.03276792598303778 0.021350931677018632
0 0.2634926754047803 0.2439829192546584 0.03585196607555898 0.031444099378881984
0 0.23303777949113338 0.2565993788819876 0.017347725520431765 0.016304347826086956
