0 0.33087487283825023 0.5005086469989827 0.049338758901322485 0.04577822990844354
0 0.36266531027466936 0.5050864699898271 0.03967446592065107 0.04170905391658189
0 0.5081383519837233 0.5516276703967447 0.08138351983723296 0.049338758901322485
0 0.4595625635808749 0.5277212614445574 0.06358087487283826 0.04832146490335707
0 0.40132248219735506 0.43362156663275686 0.04374364191251272 0.04425228891149542
0 0.47685656154628686 0.45218718209562564 0.039165818921668365 0.05595116988809766
0 0.5007629704984741 0.448880976602238 0.020854526958290945 0.02695829094608342
0 0.2901831129196338 0.42090539165818924 0.07171922685656154 0.07782299084435401
3 0.2912004069175992 0.46007121057985756 0.025940996948118005 0.020854526958290945
0 0.1780264496439471 0.335707019328586 0.03255340793489318 0.04984740590030519
0 0.21286876907426247 0.3377416073245168 0.04018311291963377 0.04577822990844354
0 0.5485757884028484 0.43947100712105797 0.05035605289928789 0.03662258392675483
0 0.6134282807731435 0.45651068158697866 0.029501525940996948 0.03306205493387589
0 0.41963377416073244 0.5073753814852492 0.018311291963377416 0.03611393692777213
