0 0.4309677419354839 0.7157210401891253 0.03741935483870968 0.03309692671394799
0 0.6258064516129033 0.6456855791962175 0.09032258064516129 0.060874704491725766
0 0.6612903225806451 0.6004728132387707 0.02193548387096774 0.016548463356973995
0 0.4167741935483871 0.40602836879432624 0.11096774193548387 0.06855791962174941
0 0.3758064516129032 0.3141252955082742 0.07677419354838709 0.0466903073286052
2 0.4029032258064516 0.0466903073286052 0.023870967741935485 0.010638297872340425
2 0.48129032258064514 0.03693853427895981 0.016774193548387096 0.0076832151300236405
2 0.5219354838709678 0.0070921985815602835 0.01935483870967742 0.009456264775413711
2 0.4906451612903226 0.007978723404255319 0.014838709677419355 0.013593380614657211
0 0.5496774193548387 0.674645390070922 0.08645161290322581 0.05614657210401891
3 0.5764516129032258 0.6276595744680851 0.035483870967741936 0.024822695035460994
4 0.5158064516129032 0.7700945626477541 0.023870967741935485 0.018912529550827423
