0 0.3701191264063534 0.36200716845878134 0.02018530774321641 0.035842293906810034
0 0.37193911317008604 0.430331541218638 0.021178027796161483 0.03449820788530466
0 0.37227001985440106 0.5533154121863799 0.020516214427531435 0.035842293906810034
0 0.36763732627399076 0.5869175627240143 0.025810721376571807 0.033154121863799284
0 0.3668100595632032 0.6281362007168458 0.02614162806088683 0.036738351254480286
0 0.42256783587028457 0.6798835125448028 0.02382528127068167 0.018369175627240143
0 0.4700529450694904 0.6854838709677419 0.023494374586366645 0.022401433691756272
0 0.45499669093315687 0.6922043010752689 0.01588352084712111 0.017921146953405017
0 0.15453342157511582 0.7939068100358423 0.02316346790205162 0.03494623655913978
0 0.10969556585043018 0.655241935483871 0.02084712111184646 0.036290322580645164
4 0.4270350761085374 0.21863799283154123 0.019523494374586368 0.026881720430107527
4 0.1470880211780278 0.892921146953405 0.016876240900066182 0.036738351254480286
3 0.12276637988087359 0.9404121863799283 0.01455989410986102 0.043010752688172046
3 0.13186631369953672 0.9708781362007168 0.02018530774321641 0.01881720430107527
