3 0.23496801705756928 0.014636449480642116 0.009381663113006396 0.016052880075542966
3 0.2526652452025586 0.06019830028328612 0.013219616204690832 0.024079320113314446
3 0.2635394456289979 0.09702549575070822 0.01535181236673774 0.023135033050047216
3 0.24925373134328357 0.1388101983002833 0.013219616204690832 0.007554296506137866
3 0.06417910447761194 0.2587346553352219 0.014925373134328358 0.0113314447592068
3 0.12899786780383796 0.3276676109537299 0.007249466950959489 0.0169971671388102
3 0.31321961620469085 0.23489140698772426 0.01577825159914712 0.020302171860245515
3 0.4347547974413646 0.18767705382436262 0.008955223880597015 0.009915014164305949
3 0.19850746268656716 0.5309254013220018 0.008955223880597015 0.015580736543909348
3 0.28251599147121537 0.6126062322946175 0.011513859275053304 0.009915014164305949
3 0.3281449893390192 0.6435316336166195 0.012366737739872069 0.012275731822474031
3 0.3545842217484009 0.6813031161473088 0.010660980810234541 0.015108593012275733
3 0.37547974413646057 0.7060906515580736 0.007249466950959489 0.022190745986779982
3 0.41194029850746267 0.7138810198300283 0.01279317697228145 0.0169971671388102
3 0.3490405117270789 0.8635505193578848 0.012366737739872069 0.010387157695939566
3 0.5396588486140725 0.20915958451369215 0.011513859275053304 0.010387157695939566
3 0.6720682302771855 0.1957034938621341 0.011940298507462687 0.013692162417374882
3 0.6878464818763326 0.2103399433427762 0.009381663113006396 0.011803588290840416
3 0.7253731343283583 0.22946175637393768 0.008528784648187633 0.0113314447592068
3 0.74136460554371 0.24575070821529746 0.008955223880597015 0.007082152974504249
3 0.7663113006396588 0.3297922568460812 0.006823027718550106 0.014636449480642116
3 0.8170575692963753 0.45491029272898964 0.008528784648187633 0.009915014164305949
3 0.9759061833688699 0.4780453257790368 0.010660980810234541 0.012747875354107648
3 0.9786780383795309 0.3326251180358829 0.011087420042643924 0.012747875354107648
3 0.8837953091684435 0.5594900849858357 0.008955223880597015 0.007554296506137866
3 0.15714285714285714 0.45396600566572237 0.014925373134328358 0.014636449480642116
1 0.1326226012793177 0.3890462700661001 0.02046908315565032 0.016052880075542966
1 0.38678038379530916 0.7030217186024551 0.005970149253731343 0.0169971671388102
1 0.3950959488272921 0.7065627950897073 0.00810234541577825 0.013692162417374882
1 0.2837953091684435 0.917610953729934 0.010660980810234541 0.016525023607176583
1 0.2756929637526652 0.9327195467422096 0.016631130063965886 0.008026440037771483
1 0.33113006396588485 0.26345609065155806 0.006396588486140725 0.0169971671388102
1 0.35394456289978676 0.26274787535410765 0.013646055437100213 0.014636449480642116
1 0.37547974413646057 0.251180358829084 0.0021321961620469083 0.012275731822474031
1 0.3788912579957356 0.24929178470254956 0.003837953091684435 0.024551463644948063
0 0.3701492537313433 0.41029272898961283 0.01791044776119403 0.023607176581680833
0 0.39339019189765456 0.3954202077431539 0.021748400852878463 0.03163361661945231
0 0.41087420042643924 0.358356940509915 0.022601279317697228 0.023607176581680833
0 0.45927505330490404 0.34301227573182247 0.0255863539445629 0.03163361661945231
0 0.4904051172707889 0.3047686496694995 0.021321961620469083 0.026912181303116147
0 0.4886993603411514 0.2695939565627951 0.032409381663113 0.021718602455146365
0 0.5087420042643923 0.2792728989612842 0.009381663113006396 0.008026440037771483
1 0.5594882729211087 0.17516525023607177 0.00767590618336887 0.016052880075542966
1 0.5601279317697229 0.16288951841359772 0.009808102345415778 0.009442870632672332
0 0.6289978678038379 0.3040604343720491 0.017057569296375266 0.033050047214353166
0 0.6319829424307036 0.3626062322946176 0.024733475479744138 0.03210576015108593
0 0.2515991471215352 0.40557129367327666 0.02046908315565032 0.02644003777148253
0 0.42473347547974416 0.5847497639282342 0.02302771855010661 0.023135033050047216
0 0.4473347547974414 0.601038715769594 0.027292110874200425 0.033050047214353166
0 0.4159914712153518 0.4119452313503305 0.02515991471215352 0.03635505193578848
0 0.42963752665245203 0.42681775259678945 0.017484008528784647 0.02644003777148253
0 0.44690831556503197 0.4192634560906516 0.02046908315565032 0.02644003777148253
0 0.46865671641791046 0.5033050047214354 0.02814498933901919 0.0339943342776204
0 0.49168443496801706 0.5082625118035883 0.018763326226012792 0.023135033050047216
0 0.46460554371002133 0.5391879131255902 0.01577825159914712 0.03493862134088763
0 0.48230277185501064 0.5424929178470255 0.01791044776119403 0.039660056657223795
0 0.4974413646055437 0.5363550519357885 0.014925373134328358 0.0169971671388102
0 0.5257995735607676 0.5283286118980169 0.011940298507462687 0.016052880075542966
0 0.5115138592750533 0.5184135977337111 0.012366737739872069 0.02927289896128423
0 0.5091684434968017 0.5514636449480642 0.021321961620469083 0.033050047214353166
0 0.537953091684435 0.5439093484419264 0.010660980810234541 0.023607176581680833
0 0.5302771855010661 0.5748347497639282 0.011513859275053304 0.021246458923512748
0 0.5253731343283582 0.6005665722379604 0.014498933901918977 0.015108593012275733
0 0.4812366737739872 0.6687913125590179 0.024307036247334754 0.042020774315391876
0 0.5070362473347548 0.6480169971671388 0.032409381663113 0.03446647780925401
0 0.48081023454157784 0.6303116147308782 0.017484008528784647 0.03493862134088763
0 0.5733475479744137 0.6213408876298395 0.030277185501066096 0.039660056657223795
0 0.5377398720682303 0.732766761095373 0.019616204690831557 0.031161473087818695
4 0.5639658848614072 0.6850802644003777 0.008955223880597015 0.013220018885741265
0 0.6046908315565032 0.7162417374881964 0.014498933901918977 0.023607176581680833
0 0.5953091684434968 0.6574598677998111 0.0162046908315565 0.037299338999055714
0 0.5036247334754798 0.8753541076487252 0.01791044776119403 0.025495750708215296
0 0.5383795309168443 0.8699244570349386 0.020042643923240937 0.03446647780925401
0 0.5183368869936034 0.9270538243626062 0.019189765458422176 0.03352219074598678
0 0.561407249466951 0.9178470254957507 0.016631130063965886 0.023607176581680833
0 0.4475479744136461 0.9393295561850803 0.020042643923240937 0.037299338999055714
0 0.47974413646055436 0.9697828139754485 0.03155650319829424 0.0453257790368272
0 0.5424307036247334 0.976628895184136 0.013646055437100213 0.021246458923512748
4 0.506183368869936 0.983947119924457 0.00767590618336887 0.009442870632672332
0 0.5539445628997868 0.7443342776203966 0.013646055437100213 0.024079320113314446
0 0.5400852878464819 0.7566100094428706 0.014072494669509595 0.022190745986779982
0 0.6191897654584222 0.6886213408876298 0.014498933901918977 0.012747875354107648
0 0.6191897654584222 0.7141170915958451 0.01279317697228145 0.012747875354107648
0 0.6784648187633262 0.6867327667610954 0.01279317697228145 0.022190745986779982
0 0.6980810234541578 0.6687913125590179 0.01023454157782516 0.024079320113314446
0 0.6518123667377399 0.7216713881019831 0.021748400852878463 0.024079320113314446
0 0.7460554371002133 0.71671388101983 0.011513859275053304 0.02077431539187913
4 0.7712153518123668 0.7141170915958451 0.005543710021321962 0.008026440037771483
0 0.7245202558635394 0.7393767705382436 0.017057569296375266 0.014164305949008499
0 0.7268656716417911 0.7625118035882908 0.010660980810234541 0.0169971671388102
0 0.7426439232409382 0.7521246458923513 0.013219616204690832 0.021718602455146365
0 0.7428571428571429 0.7747875354107648 0.01279317697228145 0.02077431539187913
0 0.5405117270788913 0.601038715769594 0.014072494669509595 0.012275731822474031
0 0.5518123667377399 0.5875826251180358 0.01535181236673774 0.022190745986779982
0 0.5688699360341152 0.5805004721435316 0.014498933901918977 0.032577903682719546
0 0.5886993603411513 0.5882908404154863 0.01577825159914712 0.030217186024551465
0 0.6066098081023454 0.5859301227573183 0.020895522388059702 0.03777148253068933
0 0.5547974413646055 0.5349386213408877 0.00767590618336887 0.013220018885741265
0 0.5776119402985075 0.5280925401322002 0.023454157782515993 0.04768649669499528
0 0.5914712153518124 0.5547686496694996 0.01279317697228145 0.014164305949008499
0 0.5780383795309169 0.4945703493862134 0.013219616204690832 0.022190745986779982
0 0.5874200426439232 0.4981114258734655 0.00810234541577825 0.013220018885741265
0 0.5633262260127931 0.4922096317280453 0.011940298507462687 0.024079320113314446
1 0.6515991471215352 0.1791784702549575 0.006823027718550106 0.014636449480642116
1 0.6567164179104478 0.17587346553352218 0.00511727078891258 0.015580736543909348
1 0.5550106609808102 0.03446647780925401 0.00810234541577825 0.0056657223796034
0 0.837953091684435 0.9346081208687441 0.023880597014925373 0.024079320113314446
0 0.8639658848614072 0.919971671388102 0.02046908315565032 0.026912181303116147
0 0.8929637526652452 0.9239848914069877 0.01279317697228145 0.01794145420207743
