0 0.05501930501930502 0.9135479041916168 0.07528957528957529 0.06511976047904192
0 0.12805662805662807 0.6167664670658682 0.0489060489060489 0.0688622754491018
0 0.1463963963963964 0.563248502994012 0.04954954954954955 0.06062874251497006
0 0.19755469755469757 0.5516467065868264 0.06692406692406692 0.05538922155688623
0 0.26158301158301156 0.5389221556886228 0.05083655083655084 0.05688622754491018
0 0.3137065637065637 0.5748502994011976 0.04826254826254826 0.06736526946107785
0 0.5601673101673101 0.6429640718562875 0.06241956241956242 0.07634730538922156
0 0.3803088803088803 0.35142215568862273 0.036036036036036036 0.04565868263473054
0 0.4118404118404118 0.3948353293413174 0.06048906048906049 0.07110778443113773
0 0.5225225225225225 0.43862275449101795 0.04118404118404118 0.05089820359281437
0 0.5736808236808236 0.3866017964071856 0.05083655083655084 0.048652694610778445
0 0.5611325611325612 0.42851796407185627 0.03861003861003861 0.033682634730538924
0 0.5212355212355212 0.3499251497005988 0.04247104247104247 0.050149700598802395
4 0.5431145431145431 0.2934131736526946 0.01673101673101673 0.020958083832335328
0 0.5041827541827542 0.27282934131736525 0.04568854568854569 0.06062874251497006
0 0.41344916344916344 0.25823353293413176 0.04182754182754183 0.05538922155688623
0 0.3832046332046332 0.1972305389221557 0.017374517374517374 0.01721556886227545
0 0.35714285714285715 0.10965568862275449 0.04633204633204633 0.06661676646706587
0 0.583011583011583 0.12275449101796407 0.0489060489060489 0.04940119760479042
0 0.611969111969112 0.17290419161676646 0.047619047619047616 0.04640718562874251
0 0.6589446589446589 0.11976047904191617 0.02702702702702703 0.029940119760479042
0 0.6981981981981982 0.11339820359281437 0.043758043758043756 0.04715568862275449
0 0.6624839124839125 0.024326347305389222 0.05855855855855856 0.04715568862275449
0 0.7953667953667953 0.11676646706586827 0.043758043758043756 0.08383233532934131
0 0.7718790218790219 0.23016467065868262 0.04954954954954955 0.0531437125748503
0 0.7236164736164736 0.281437125748503 0.04954954954954955 0.05389221556886228
0 0.7078507078507078 0.3263473053892216 0.02445302445302445 0.029940119760479042
0 0.8243243243243243 0.22642215568862276 0.02445302445302445 0.03218562874251497
0 0.8632561132561133 0.24663173652694612 0.04826254826254826 0.06212574850299401
0 0.8848133848133848 0.1661676646706587 0.05148005148005148 0.08083832335329341
0 0.8963963963963963 0.28630239520958084 0.036036036036036036 0.04715568862275449
0 0.9314671814671814 0.29004491017964074 0.039253539253539256 0.03967065868263473
0 0.9575289575289575 0.31362275449101795 0.0489060489060489 0.04491017964071856
0 0.9282496782496783 0.32522455089820357 0.017374517374517374 0.0187125748502994
0 0.8851351351351351 0.3218562874251497 0.019948519948519948 0.020958083832335328
0 0.916988416988417 0.20172155688622753 0.04247104247104247 0.051646706586826345
0 0.823037323037323 0.15494011976047903 0.04504504504504504 0.05389221556886228
0 0.9234234234234234 0.41691616766467066 0.08494208494208494 0.1062874251497006
0 0.8227155727155727 0.6729041916167665 0.030244530244530245 0.03592814371257485
0 0.16763191763191762 0.6002994011976048 0.04054054054054054 0.04790419161676647
