4 0.1975438596491228 0.5943478260869566 0.035789473684210524 0.03391304347826087
4 0.17298245614035088 0.51 0.020350877192982456 0.030434782608695653
0 0.41789473684210526 0.3760869565217391 0.051228070175438595 0.05304347826086957
4 0.2592982456140351 0.3617391304347826 0.02456140350877193 0.03304347826086956
0 0.5329824561403509 0.23304347826086957 0.06526315789473684 0.0782608695652174
0 0.6066666666666667 0.20608695652173914 0.051228070175438595 0.057391304347826085
0 0.6484210526315789 0.5756521739130435 0.047719298245614036 0.05391304347826087
0 0.6357894736842106 0.6234782608695653 0.06456140350877193 0.09391304347826086
0 0.5859649122807018 0.6543478260869565 0.051929824561403506 0.05304347826086957
3 0.6656140350877193 0.6930434782608695 0.020350877192982456 0.02608695652173913
0 0.3291228070175439 0.66 0.042105263157894736 0.04869565217391304
0 0.34842105263157896 0.6752173913043479 0.06807017543859649 0.06173913043478261
0 0.32 0.7473913043478261 0.07578947368421053 0.09304347826086956
4 0.3192982456140351 0.8056521739130434 0.028070175438596492 0.028695652173913042
0 0.3992982456140351 0.8343478260869566 0.0687719298245614 0.08608695652173913
4 0.4442105263157895 0.8817391304347826 0.02526315789473684 0.02782608695652174
4 0.4284210526315789 0.9156521739130434 0.030175438596491227 0.03304347826086956
0 0.43508771929824563 0.348695652173913 0.06315789473684211 0.057391304347826085
4 0.25087719298245614 0.39608695652173914 0.035789473684210524 0.03391304347826087
0 0.6817543859649123 0.6991304347826087 0.018947368421052633 0.03130434782608696
