3 0.09366515837104072 0.2126736111111111 0.02986425339366516 0.03298611111111111
3 0.1993212669683258 0.22395833333333334 0.0665158371040724 0.046875
3 0.2703619909502262 0.2300347222222222 0.06832579185520361 0.0642361111111111
3 0.3407239819004525 0.2387152777777778 0.06787330316742081 0.06944444444444445
3 0.6361990950226244 0.66015625 0.03619909502262444 0.08072916666666667
3 0.4271493212669683 0.75390625 0.06153846153846154 0.0720486111111111
4 0.8877828054298642 0.4140625 0.025339366515837104 0.04861111111111111
4 0.11425339366515837 0.4487847222222222 0.04932126696832579 0.09895833333333333
3 0.13144796380090498 0.2209201388888889 0.04841628959276018 0.033854166666666664
4 0.8755656108597285 0.45703125 0.014479638009049774 0.0234375
0 0.1339366515837104 0.07118055555555555 0.011764705882352941 0.022569444444444444
0 0.08687782805429864 0.012152777777777778 0.012669683257918552 0.022569444444444444
0 0.01742081447963801 0.07769097222222222 0.013122171945701358 0.021701388888888888
2 0.648868778280543 0.6640625 0.009954751131221719 0.029513888888888888
0 0.11334841628959276 0.4470486111111111 0.04932126696832579 0.09895833333333333
