0 0.7852383393131728 0.6801228609039052 0.04818042029728344 0.04300131636682756
0 0.6852895950794464 0.7871873628784555 0.038954382368016405 0.031592803861342694
0 0.7152742183495643 0.8043001316366828 0.04356740133264992 0.035980693286529176
0 0.6742696053305997 0.5289600702062308 0.03741670937980523 0.03203159280386134
0 0.6168631471040492 0.635366388767003 0.036391594054331115 0.03334795963141729
0 0.49948744233726294 0.6294427380430013 0.03331624807790876 0.03817463799912242
0 0.5638134290107637 0.1500658183413778 0.04715530497180933 0.030715225976305396
0 0.7234751409533573 0.20206230802983766 0.052793439261916965 0.031154014918824045
0 0.725781650435674 0.12790697674418605 0.04715530497180933 0.02676612549363756
0 0.7662737057919016 0.06406318560772269 0.04818042029728344 0.04212373848179026
0 0.7967708867247565 0.06998683633172444 0.047667862634546386 0.03554190434401053
0 0.8247052793439262 0.11737604212373848 0.02972834443874936 0.02676612549363756
0 0.9492567913890313 0.22027204914436158 0.06355715017939519 0.03773584905660377
0 0.9695028190671451 0.26788064940763495 0.03331624807790876 0.04256252742430891
0 0.9725781650435674 0.3038613426941641 0.041517170681701694 0.027643703378674857
3 0.929267042542286 0.2749012724879333 0.01742696053305997 0.010969723562966213
0 0.5950794464377243 0.21039929793769196 0.04202972834443875 0.03378674857393594
