0 0.36008719778042014 0.22321116928446771 0.05192231470471661 0.03176265270506108
3 0.12544589774078477 0.011692844677137871 0.028141101862861673 0.015706806282722512
3 0.1555687673404677 0.013263525305410123 0.04082441537851764 0.017452006980802792
3 0.20887831946095917 0.016753926701570682 0.053111375346809354 0.018150087260034906
0 0.26535869996036465 0.02443280977312391 0.0558858501783591 0.018150087260034906
0 0.3234244946492271 0.029668411867364748 0.05866032500990884 0.017452006980802792
0 0.32540626238604836 0.01780104712041885 0.06579468886246533 0.022338568935427575
0 0.26595323028141105 0.013089005235602094 0.057074910820451845 0.021291448516579405
0 0.1377328577090765 0.1 0.036860879904875146 0.04013961605584642
3 0.49782005548949665 0.18830715532286213 0.02536662703131193 0.03804537521815009
2 0.5130796670630202 0.19127399650959861 0.012286959968291716 0.014659685863874346
0 0.5441934205311137 0.4863874345549738 0.026159334126040427 0.0268760907504363
0 0.5507332540626239 0.6338568935427574 0.026555687673404677 0.013263525305410123
0 0.5543004359889021 0.6535776614310645 0.036068172810146654 0.03176265270506108
0 0.6789536266349584 0.6842931937172775 0.04042806183115339 0.02547993019197208
0 0.670432025366627 0.7781849912739965 0.023384859294490686 0.028970331588132635
0 0.7144272691240586 0.7731239092495636 0.029726516052318668 0.03699825479930192
0 0.6886642885453825 0.831064572425829 0.015457788347205707 0.010471204188481676
2 0.6944114149821641 0.8363001745200698 0.010305192231470472 0.004886561954624782
0 0.6805390408244154 0.8479930191972077 0.02536662703131193 0.023385689354275742
0 0.691042409829568 0.8631762652705061 0.0178359096313912 0.014659685863874346
0 0.6983749504558066 0.8860383944153578 0.0348791121680539 0.03106457242582897
0 0.7530717399920729 0.9085514834205933 0.022988505747126436 0.027923211169284468
0 0.7855727308759414 0.9267015706806283 0.02140309155766944 0.028621291448516578
4 0.7273087594133968 0.09458987783595113 0.02219579865239794 0.020942408376963352
4 0.7179944510503369 0.10977312390924956 0.01466508125247721 0.010820244328097731
0 0.8765358699960365 0.8591623036649214 0.02179944510503369 0.015706806282722512
0 0.8894173602853745 0.8736474694589877 0.022988505747126436 0.02931937172774869
0 0.8713832738803012 0.8841186736474694 0.02179944510503369 0.013961605584642234
0 0.7316686484344035 0.9708551483420593 0.027744748315497423 0.024083769633507852
