0 0.25405405405405407 0.6831797235023042 0.05045045045045045 0.042242703533026116
0 0.27522522522522525 0.6394009216589862 0.06396396396396396 0.05913978494623656
0 0.29324324324324325 0.467357910906298 0.07117117117117117 0.04685099846390169
0 0.30855855855855857 0.5295698924731183 0.062162162162162166 0.04838709677419355
0 0.19504504504504505 0.40168970814132104 0.07477477477477477 0.055299539170506916
0 0.17792792792792791 0.4911674347158218 0.04594594594594595 0.03456221198156682
0 0.1518018018018018 0.4543010752688172 0.08558558558558559 0.060675883256528416
0 0.08198198198198198 0.42972350230414746 0.08468468468468468 0.065284178187404
4 0.2891891891891892 0.6870199692780338 0.01981981981981982 0.017665130568356373
4 0.24324324324324326 0.41589861751152074 0.01981981981981982 0.017665130568356373
