0 0.3185615691972394 0.45597014925373136 0.03196512895023611 0.03233830845771144
0 0.2893207410098075 0.45671641791044776 0.019978205593897565 0.021890547263681594
0 0.18198329095532148 0.43855721393034824 0.027606247729749366 0.044278606965174126
0 0.20595713766799856 0.6997512437810945 0.023247366509262624 0.015422885572139304
0 0.20559389756629132 0.7144278606965174 0.034871049763893935 0.031840796019900496
0 0.21576462041409372 0.7082089552238806 0.012350163458045769 0.017412935323383085
0 0.0904467853250999 0.503731343283582 0.027606247729749366 0.044278606965174126
0 0.3178350889938249 0.9218905472636816 0.04068289139120959 0.05870646766169154
0 0.14293498002179442 0.9733830845771144 0.04177261169633127 0.05323383084577114
4 0.4493280058118416 0.6950248756218905 0.015256084271703597 0.01691542288557214
4 0.5346894297130403 0.8472636815920398 0.011623683254631312 0.01890547263681592
