0 0.6423751686909581 0.0455796353629171 0.033063427800269905 0.038183694530443756
0 0.5944669365721997 0.07344341245270038 0.03643724696356275 0.032679738562091505
0 0.6160593792172739 0.10939112487100103 0.023616734143049933 0.02545579635362917
0 0.5985155195681512 0.11833505331957345 0.02699055330634278 0.02545579635362917
0 0.5512820512820513 0.08565531475748193 0.0465587044534413 0.042655658754729965
0 0.525472334682861 0.10560715514275885 0.028677462887989204 0.026831785345717233
0 0.5020242914979757 0.11902304781561747 0.04251012145748988 0.03577571379428965
3 0.6201079622132254 0.11455108359133127 0.010796221322537112 0.014447884416924664
3 0.5350877192982456 0.08513931888544891 0.010796221322537112 0.010663914688682491
3 0.5838394062078273 0.0739594083247334 0.013832658569500675 0.009631922944616443
0 0.5560053981106613 0.07137942896456828 0.010121457489878543 0.010663914688682491
4 0.5091093117408907 0.33608531131750946 0.014844804318488529 0.016511867905056758
0 0.35813090418353577 0.4635362917096663 0.028677462887989204 0.029239766081871343
0 0.402834008097166 0.47299621603027175 0.018218623481781375 0.02889576883384933
0 0.4180161943319838 0.5168558651530788 0.033063427800269905 0.03543171654626763
0 0.41228070175438597 0.5500515995872033 0.020242914979757085 0.0282077743378053
0 0.3814102564102564 0.5693154454764362 0.03475033738191633 0.05228758169934641
0 0.32456140350877194 0.5822153422772618 0.029689608636977057 0.029927760577915376
0 0.20951417004048584 0.5753353973168215 0.02766531713900135 0.03061575507395941
0 0.2479757085020243 0.5846233230134159 0.02631578947368421 0.03061575507395941
0 0.2607962213225371 0.6038871689026488 0.02766531713900135 0.02717578259373925
0 0.2300944669365722 0.5968352253181974 0.02699055330634278 0.02958376332989336
0 0.23228744939271256 0.5749914000687995 0.02058029689608637 0.01823185414516684
0 0.1946693657219973 0.5558995528035776 0.017543859649122806 0.02958376332989336
0 0.19112685560053982 0.5999312005503956 0.028002699055330635 0.0282077743378053
0 0.3132591093117409 0.7029583763329893 0.02058029689608637 0.02717578259373925
0 0.2854251012145749 0.7199862401100792 0.02699055330634278 0.03027175782593739
0 0.27091767881241563 0.7488820089439284 0.03171390013495277 0.033023735810113516
0 0.20850202429149797 0.6690746474028207 0.018218623481781375 0.022703818369453045
0 0.22553981106612686 0.6683866529067768 0.015856950067476384 0.02063983488132095
0 0.14220647773279352 0.8844169246646026 0.026653171390013497 0.0282077743378053
0 0.19517543859649122 0.8770209838321293 0.03205128205128205 0.034055727554179564
0 0.11724021592442645 0.9284485724114208 0.03272604588394062 0.03164774681802546
0 0.12803643724696356 0.9731682146542827 0.03407557354925776 0.0412796697626419
0 0.10644399460188934 0.9523563811489508 0.024628879892037787 0.02786377708978328
