5 0.6757825937392501 0.14584634603372892 0.010663914688682491 0.019362898188632106
5 0.6670106639146887 0.19237976264834478 0.011007911936704506 0.017489069331667707
0 0.6226350189198486 0.2532792004996877 0.06123151014791882 0.07058088694565896
3 0.5521155830753354 0.4391005621486571 0.39903680770553834 0.3697688944409744
3 0.521843825249398 0.5530918176139913 0.0956312349501204 0.07183010618363522
3 0.6259029927760578 0.5103060587133041 0.04987960096319229 0.05371642723297939
3 0.9640522875816994 0.3154278575890069 0.06776745786033712 0.05246720799500312
0 0.8806329549363605 0.24172392254840724 0.08806329549363605 0.1524047470331043
0 0.8173374613003096 0.23672704559650218 0.03508771929824561 0.04122423485321674
0 0.024079807361541108 0.7323547782635853 0.021327829377364983 0.028107432854465958
0 0.07344341245270038 0.712367270455965 0.020983832129342964 0.028107432854465958
0 0.0956312349501204 0.7036227357901311 0.015135878912968696 0.02061211742660837
0 0.20364637082903336 0.6555277951280449 0.019951840385276916 0.04059962523422861
5 0.54437564499484 0.1976889444097439 0.008599931200550396 0.014366021236727046
5 0.9936360509115927 0.15865084322298564 0.012039903680770554 0.013741411617738912
