0 0.19902461681374825 0.38213399503722084 0.03204830469112866 0.05260545905707196
0 0.20831398049233626 0.48411910669975183 0.030190431955411056 0.04714640198511166
0 0.18671620993961913 0.5818858560794045 0.029725963771481654 0.04913151364764268
0 0.2731072921504877 0.5977667493796526 0.026010218300046448 0.02729528535980149
0 0.25011611704598236 0.6168734491315137 0.02740362285183465 0.028784119106699754
0 0.2333952624245239 0.630272952853598 0.03855085926614027 0.04367245657568238
0 0.21202972596377148 0.6650124069478908 0.04505341384115188 0.05955334987593052
0 0.1667440780306549 0.6982630272952853 0.048304691128657685 0.055583126550868486
0 0.12424523920111473 0.7456575682382134 0.04784022294472828 0.05707196029776675
0 0.07408267533673943 0.8176178660049628 0.04226660473757548 0.03821339950372209
0 0.07176033441709243 0.8550868486352358 0.07199256850905712 0.058560794044665014
0 0.062238736646539713 0.9136476426799007 0.052020436600092895 0.05955334987593052
0 0.24779377612633535 0.7265508684863523 0.041337668369716675 0.06153846153846154
0 0.3313980492336275 0.7009925558312655 0.04598235020901068 0.0630272952853598
0 0.20157919182535997 0.7697270471464019 0.05109150023223409 0.0674937965260546
0 0.26010218300046445 0.8054590570719603 0.03715745471435207 0.05756823821339951
0 0.23014398513701811 0.777667493796526 0.03669298653042267 0.04665012406947891
2 0.3288434742220158 0.5930521091811415 0.013934045517882025 0.01588089330024814
0 0.3820250812819322 0.9538461538461539 0.029261495587552252 0.03970223325062035
0 0.26590803529958196 0.4759305210918114 0.041337668369716675 0.09032258064516129
0 0.2870413376683697 0.6498759305210918 0.06409660938225732 0.07890818858560794
