0 0.4468013468013468 0.9254473161033797 0.08552188552188553 0.060834990059642144
0 0.28888888888888886 0.8021868787276342 0.1468013468013468 0.04970178926441352
0 0.4249158249158249 0.7578528827037774 0.09831649831649832 0.05328031809145129
0 0.2569023569023569 0.7208747514910536 0.15824915824915825 0.052485089463220676
0 0.6175084175084176 0.7950298210735587 0.12525252525252525 0.04731610337972167
0 0.4457912457912458 0.5872763419483101 0.1037037037037037 0.0827037773359841
0 0.5656565656565656 0.48747514910536777 0.10101010101010101 0.05009940357852883
0 0.43097643097643096 0.30874751491053676 0.11313131313131314 0.08151093439363817
0 0.44276094276094274 0.16461232604373757 0.10303030303030303 0.058846918489065606
0 0.4818181818181818 0.10278330019880716 0.05858585858585859 0.048111332007952284
0 0.5397306397306397 0.2646123260437376 0.07744107744107744 0.046520874751491054
0 0.5430976430976431 0.30874751491053676 0.0734006734006734 0.040159045725646124
0 0.6562289562289563 0.31968190854870776 0.06666666666666667 0.04055666003976143
0 0.6134680134680135 0.18886679920477137 0.0861952861952862 0.046123260437375746
0 0.6595959595959596 0.16043737574552683 0.05454545454545454 0.04731610337972167
0 0.6734006734006734 0.2552683896620278 0.07272727272727272 0.04532803180914513
0 0.4632996632996633 0.772962226640159 0.03367003367003367 0.0341948310139165
0 0.31616161616161614 0.8220675944333996 0.05723905723905724 0.03061630218687873
0 0.28215488215488216 0.8441351888667992 0.08080808080808081 0.03499005964214712
0 0.3447811447811448 0.847713717693837 0.06599326599326599 0.0389662027833002
0 0.5198653198653199 0.9371769383697813 0.05387205387205387 0.0341948310139165
0 0.7299663299663299 0.784493041749503 0.0430976430976431 0.03260437375745527
0 0.6383838383838384 0.7445328031809145 0.08484848484848485 0.046520874751491054
0 0.598989898989899 0.6958250497017893 0.07878787878787878 0.046123260437375746
0 0.4212121212121212 0.41570576540755466 0.07474747474747474 0.046520874751491054
0 0.604040404040404 0.3437375745526839 0.08080808080808081 0.048111332007952284
0 0.6262626262626263 0.24314115308151094 0.048484848484848485 0.02743538767395626
0 0.6414141414141414 0.21073558648111332 0.06262626262626263 0.027833001988071572
0 0.5218855218855218 0.07693836978131213 0.05925925925925926 0.03777335984095427
0 0.5387205387205387 0.05944333996023857 0.048484848484848485 0.020278330019880716
0 0.7026936026936027 0.15785288270377734 0.05454545454545454 0.052485089463220676
0 0.6279461279461279 0.13896620278330019 0.05589225589225589 0.024254473161033796
0 0.593939393939394 0.16461232604373757 0.05656565656565657 0.029423459244532803
0 0.662962962962963 0.22703777335984096 0.05185185185185185 0.024652087475149104
0 0.5040404040404041 0.39681908548707756 0.0734006734006734 0.04771371769383698
3 0.41515151515151516 0.6127236580516898 0.01818181818181818 0.016699801192842943
0 0.3781144781144781 0.394831013916501 0.09494949494949495 0.0389662027833002
0 0.5505050505050505 0.2121272365805169 0.10168350168350168 0.04572564612326044
0 0.9548821548821549 0.21769383697813122 0.09023569023569024 0.03300198807157058
0 0.9720538720538721 0.18926441351888668 0.04377104377104377 0.030218687872763418
0 0.9151515151515152 0.18508946322067593 0.0632996632996633 0.033797216699801194
0 0.9730639730639731 0.2540755467196819 0.05387205387205387 0.03499005964214712
0 0.3565656565656566 0.3290258449304175 0.08417508417508418 0.04254473161033797
