8 0.6140390731485689 0.3905608755129959 0.08768741481144934 0.03967168262653899
3 0.09382099045888233 0.4167236662106703 0.02407996365288505 0.009917920656634747
3 0.06656065424806906 0.454343365253078 0.02407996365288505 0.01265389876880985
1 0.21921853702862334 0.4131326949384405 0.01590186278964107 0.01094391244870041
3 0.38845979100408906 0.4943570451436389 0.01635620172648796 0.013337893296853625
3 0.40186278964107225 0.49829001367989056 0.01226715129486597 0.014363885088919288
0 0.5722398909586551 0.6720246238030095 0.02680599727396638 0.017783857729138167
4 0.5406633348477965 0.6843365253077975 0.012721490231712857 0.008891928864569083
0 0.5513402998636984 0.7094733242134063 0.03134938664243526 0.029069767441860465
4 0.5749659245797365 0.6939124487004104 0.01226715129486597 0.008891928864569083
4 0.6551567469332121 0.7279411764705882 0.017264879600181735 0.011285909712722298
0 0.5956383462062699 0.7416210670314638 0.06360745115856428 0.03522571819425445
0 0.7142208087233076 0.7830027359781122 0.030895047705588367 0.025649794801641587
0 0.6917310313493866 0.8113885088919288 0.03589277601090413 0.016757865937072503
0 0.6365288505224898 0.75 0.025442980463425715 0.023255813953488372
0 0.6572012721490231 0.7602599179206566 0.02680599727396638 0.025991792065663474
0 0.752839618355293 0.7725718194254446 0.04179918218991367 0.027359781121751026
0 0.7726033621081326 0.8026675786593708 0.033166742389822805 0.025991792065663474
0 0.7980463425715584 0.8154924760601915 0.029532030895047707 0.02496580027359781
0 0.8089504770558837 0.84422024623803 0.03589277601090413 0.022913816689466484
0 0.8296228986824171 0.8182284541723667 0.03543843707405725 0.029069767441860465
0 0.8550658791458428 0.8313953488372093 0.029986369831894594 0.02667578659370725
0 0.9223080417991822 0.8520861833105335 0.029077691958200817 0.02222982216142271
0 0.8914129940935939 0.8649110807113544 0.0372557928214448 0.0253077975376197
0 0.9193548387096774 0.8777359781121751 0.033166742389822805 0.022913816689466484
3 0.872557928214448 0.8739740082079344 0.0186278964107224 0.011969904240766074
3 0.9868241708314403 0.908515731874145 0.017264879600181735 0.008549931600547196
0 0.9704679691049523 0.8849179206566348 0.03180372557928214 0.030437756497948016
0 0.9377555656519764 0.8650820793433652 0.026351658337119492 0.02222982216142271
0 0.9609268514311676 0.8609781121751026 0.029077691958200817 0.02838577291381669
0 0.9588823262153566 0.9379274965800274 0.03680145388459791 0.024281805745554035
2 0.453430258973194 0.8259233926128591 0.011812812358019082 0.006155950752393981
2 0.605406633348478 0.8467852257181943 0.013175829168559746 0.006839945280437756
0 0.7142208087233076 0.9587893296853626 0.028169014084507043 0.02222982216142271
0 0.7439800090867787 0.9834131326949385 0.03589277601090413 0.02359781121751026
0 0.6365288505224898 0.8472982216142271 0.029077691958200817 0.02222982216142271
0 0.5942753293957292 0.8476402188782489 0.029986369831894594 0.02222982216142271
3 0.10540663334847797 0.0377906976744186 0.020899591094956836 0.015389876880984952
8 0.6742389822807815 0.17390560875512995 0.0708768741481145 0.05232558139534884
8 0.73284870513403 0.2258891928864569 0.09359382099045888 0.08652530779753762
8 0.828032712403453 0.31497948016415867 0.093139482053612 0.08481532147742818
3 0.7800999545661064 0.271374829001368 0.021808268968650613 0.016757865937072503
3 0.8761926397092231 0.3579001367989056 0.014993184915947297 0.016757865937072503
3 0.6460699681962744 0.16603967168262654 0.012721490231712857 0.009233926128590971
3 0.6424352567014994 0.41296169630642954 0.01817355747387551 0.01265389876880985
3 0.6631076783280327 0.405437756497948 0.01226715129486597 0.010601915184678522
8 0.6910495229441163 0.41603967168262657 0.04725124943207633 0.03864569083447333
