0 0.83142736128759 0.03858447488584475 0.045743329097839895 0.03333333333333333
3 0.7693773824650572 0.05821917808219178 0.01736552308343922 0.02968036529680365
0 0.7530707327403643 0.12876712328767123 0.042354934349851756 0.04018264840182648
0 0.8168149089368911 0.08538812785388128 0.029224904701397714 0.031050228310502283
0 0.8358746293943244 0.07922374429223744 0.02583650995340957 0.036986301369863014
4 0.4131723845828039 0.66324200913242 0.02244811520542143 0.01872146118721461
0 0.1895383312155866 0.7515981735159817 0.03600169419737399 0.045662100456621
0 0.17259635747564592 0.7938356164383562 0.058873358746293944 0.04337899543378995
4 0.030919102075391783 0.8426940639269407 0.018636171113934775 0.023287671232876714
0 0.11266412537060568 0.6506849315068494 0.046590427784836935 0.049315068493150684
3 0.07772130453197798 0.6671232876712329 0.01397712833545108 0.01643835616438356
0 0.1541719610334604 0.6205479452054794 0.02626005929690809 0.0319634703196347
