0 0.3558413719185423 0.6849357011635028 0.05466237942122187 0.049601959583588484
0 0.4180064308681672 0.7085119412124924 0.06966773847802786 0.05021432945499082
0 0.4512325830653805 0.7244335578689528 0.028938906752411574 0.02694427434170239
0 0.4994640943193998 0.7489283527250459 0.06002143622722401 0.07225964482547459
0 0.4919614147909968 0.6745254133496632 0.07931404072883172 0.07287201469687692
0 0.47186495176848875 0.522657685241886 0.06270096463022508 0.05327617881200245
3 0.27867095391211144 0.5373545621555419 0.04930332261521972 0.036129822412737295
0 0.785101822079314 0.7832210655235763 0.06752411575562701 0.0747091243110839
0 0.8057341907824223 0.8882424984690753 0.07877813504823152 0.07042253521126761
0 0.8590568060021436 0.919473361910594 0.06109324758842444 0.06429883649724434
0 0.509914255091104 0.8401714635639926 0.08413719185423366 0.07103490508266994
0 0.4265809217577706 0.8083282302510717 0.07609860664523044 0.07960808328230251
0 0.23445873526259378 0.09277403551745254 0.07556270096463022 0.04715248009797918
