3 0.7309743954480796 0.6836379460400348 0.016714082503556188 0.01392515230635335
3 0.7754267425320057 0.6222802436901653 0.018847795163584636 0.014795474325500435
3 0.6459815078236131 0.803307223672759 0.017425320056899004 0.014795474325500435
3 0.48399715504978663 0.8831592689295039 0.01849217638691323 0.015230635335073977
3 0.5026671408250356 0.8872932985204526 0.013157894736842105 0.018276762402088774
2 0.6178876244665719 0.22911227154046998 0.008890469416785207 0.010008703220191472
4 0.3298364153627312 0.1536118363794604 0.019559032716927455 0.020887728459530026
4 0.12428876244665718 0.1753698868581375 0.010312944523470839 0.011314186248912098
0 0.18118776671408252 0.20278503046127067 0.02240398293029872 0.020017406440382943
0 0.2759601706970128 0.16231505657093123 0.031294452347083924 0.03655352480417755
3 0.26049075391180654 0.15992167101827676 0.008890469416785207 0.012619669277632724
3 0.2777382645803698 0.19778067885117492 0.011379800853485065 0.020452567449956483
0 0.2924964438122333 0.19342906875543953 0.025960170697012803 0.023933855526544822
0 0.3020981507823613 0.1716710182767624 0.015291607396870554 0.018711923411662314
0 0.382823613086771 0.13968668407310705 0.020981507823613087 0.02349869451697128
0 0.3637980085348506 0.08485639686684072 0.027738264580369845 0.0278503046127067
0 0.5472972972972973 0.09747606614447346 0.019203413940256046 0.02175805047867711
0 0.5321834992887624 0.1174934725848564 0.025248933143669987 0.024369016536118365
0 0.5078236130867709 0.12293298520452567 0.02702702702702703 0.03524804177545692
0 0.47581792318634425 0.1581810269799826 0.033428165007112376 0.04221061792863359
0 0.44061166429587484 0.1860313315926893 0.029871977240398292 0.034377719756309835
0 0.42532005689900426 0.20844212358572672 0.029160739687055477 0.038294168842471714
0 0.3885135135135135 0.17667536988685814 0.02667140825035562 0.02610966057441253
0 0.36948790896159317 0.19147084421235858 0.025604551920341393 0.028720626631853787
0 0.35046230440967285 0.20365535248041775 0.025960170697012803 0.0278503046127067
0 0.3703769559032717 0.24673629242819844 0.028805120910384067 0.03307223672758921
0 0.38922475106685633 0.2328111401218451 0.027382645803698435 0.0278503046127067
0 0.25568990042674256 0.34986945169712796 0.017069701280227598 0.026979982593559618
0 0.23986486486486486 0.3748912097476066 0.02382645803698435 0.023063533507397736
0 0.14953769559032717 0.3335509138381201 0.02382645803698435 0.018711923411662314
3 0.41038406827880514 0.2410791993037424 0.011379800853485065 0.008703220191470844
3 0.39793741109530584 0.2334638816362054 0.011379800853485065 0.0073977371627502175
3 0.36433143669985774 0.2504351610095735 0.009601706970128023 0.0073977371627502175
0 0.30316500711237554 0.38446475195822455 0.025248933143669987 0.03698868581375109
0 0.3029871977240398 0.4136205395996519 0.020625889046941678 0.0195822454308094
3 0.3133001422475107 0.42275892080069627 0.00995732574679943 0.01174934725848564
0 0.2807610241820768 0.4584421235857267 0.02809388335704125 0.04134029590948651
0 0.26884779516358465 0.4788946910356832 0.024893314366998577 0.034377719756309835
0 0.26049075391180654 0.5043516100957354 0.028805120910384067 0.034812880765883375
0 0.25142247510668564 0.5813751087902524 0.03627311522048364 0.028720626631853787
0 0.27471550497866287 0.6022628372497825 0.02240398293029872 0.033942558746736295
2 0.8986486486486487 0.03677110530896432 0.007823613086770981 0.023063533507397736
2 0.9057610241820768 0.05613577023498695 0.008534850640113799 0.017406440382941687
2 0.9141180654338549 0.04917319408181027 0.008890469416785207 0.01392515230635335
2 0.8911806543385491 0.06244560487380331 0.008534850640113799 0.0195822454308094
2 0.8988264580369844 0.06875543951261967 0.010312944523470839 0.020017406440382943
9 0.8406827880512091 0.23563968668407312 0.29871977240398295 0.45126196692776327
0 0.6264224751066856 0.05265448215839861 0.025248933143669987 0.0278503046127067
0 0.6434921763869133 0.0587467362924282 0.011024182076813657 0.020887728459530026
3 0.6392247510668563 0.06919060052219321 0.008179231863442389 0.008703220191470844
0 0.049431009957325744 0.7972149695387293 0.03058321479374111 0.038294168842471714
0 0.24857752489331436 0.6723237597911227 0.027738264580369845 0.04960835509138381
4 0.2069701280227596 0.7848128807658834 0.013513513513513514 0.01610095735422106
0 0.18118776671408252 0.6044386422976501 0.025248933143669987 0.030461270670147953
0 0.18261024182076813 0.6229329852045257 0.008890469416785207 0.010879025239338555
0 0.2028805120910384 0.6251087902523934 0.025248933143669987 0.05004351610095736
0 0.19896870554765292 0.6579634464751958 0.027382645803698435 0.02610966057441253
0 0.21052631578947367 0.5898607484769365 0.020625889046941678 0.029155787641427327
0 0.19025604551920342 0.5820278503046127 0.025604551920341393 0.03350739773716275
0 0.21052631578947367 0.5036988685813751 0.015647226173541962 0.03176675369886858
0 0.21657183499288762 0.5226283724978242 0.019203413940256046 0.016536118363794605
0 0.15291607396870555 0.47845953002610964 0.022048364153627313 0.02741514360313316
0 0.1591394025604552 0.4904264577893821 0.021692745376955903 0.020887728459530026
0 0.16109530583214793 0.5230635335073978 0.02275960170697013 0.030461270670147953
0 0.18278805120910385 0.5376414273281114 0.02418207681365576 0.022193211488250653
0 0.25889046941678523 0.5426457789382071 0.03982930298719772 0.03655352480417755
0 0.2158605974395448 0.39055700609225413 0.03556187766714083 0.037859007832898174
0 0.2283072546230441 0.45147954743255003 0.02631578947368421 0.029155787641427327
0 0.2238620199146515 0.47976501305483027 0.03520625889046942 0.037859007832898174
0 0.20021337126600283 0.4606179286335944 0.01991465149359886 0.036118363794604
2 0.23933143669985776 0.4262402088772846 0.006401137980085348 0.006527415143603133
