0 0.5161596958174905 0.5307557117750439 0.07667934093789606 0.04569420035149385
2 0.7138783269961977 0.5694200351493849 0.018377693282636248 0.015231400117164616
0 0.7484157160963245 0.5413005272407733 0.057034220532319393 0.025776215582893967
0 0.6638149556400507 0.3995313415348565 0.06527249683143219 0.04686584651435267
0 0.5928390367553865 0.37170474516695956 0.08428390367553866 0.04745166959578207
0 0.5 0.3945518453427065 0.08111533586818757 0.06854130052724078
0 0.5842839036755386 0.28295254833040423 0.08871989860583017 0.06444053895723492
0 0.49397972116603295 0.330697129466901 0.07034220532319392 0.061511423550087874
2 0.38276299112801015 0.36760398359695373 0.024081115335868188 0.02870533099004101
0 0.12737642585551331 0.16520210896309315 0.09378960709759189 0.07850029291154072
0 0.14543726235741444 0.2685998828353837 0.0741444866920152 0.0626830697129467
0 0.05449936628643853 0.1127709431751611 0.036755386565272496 0.020503807850029292
0 0.49081115335868186 0.24077328646748683 0.09315589353612168 0.08084358523725835
0 0.48225602027883396 0.562390158172232 0.03929024081115336 0.032806092560046865
0 0.7759822560202788 0.9434680726420621 0.09188846641318124 0.046280023432923256
