1 0.5058731401722788 0.8889925373134329 0.017227877838684416 0.033582089552238806
1 0.49334377447141736 0.878731343283582 0.03288958496476116 0.03171641791044776
1 0.48825371965544245 0.8656716417910447 0.03210649960845732 0.03544776119402985
1 0.4745497259201253 0.8656716417910447 0.02662490211433046 0.033582089552238806
1 0.4534064212999217 0.8353544776119403 0.02192638997650744 0.036380597014925374
1 0.4389193422083007 0.8325559701492538 0.011746280344557557 0.028917910447761194
1 0.4111198120595145 0.6557835820895522 0.014095536413469069 0.054104477611940295
1 0.4205168363351605 0.6739738805970149 0.025058731401722788 0.06809701492537314
1 0.3351605324980423 0.6208022388059702 0.025058731401722788 0.0457089552238806
1 0.34494909945184027 0.6217350746268657 0.021143304620203602 0.04757462686567164
1 0.29444009397024273 0.5755597014925373 0.03445575567736883 0.020522388059701493
1 0.27290524667188726 0.5541044776119403 0.01644479248238058 0.03731343283582089
1 0.2823022709475333 0.5541044776119403 0.01644479248238058 0.03171641791044776
1 0.2572435395458105 0.5592350746268657 0.01957713390759593 0.010261194029850746
1 0.25646045418950664 0.5485074626865671 0.021143304620203602 0.014925373134328358
1 0.25371965544244324 0.5373134328358209 0.023492560689115115 0.022388059701492536
1 0.240407204385278 0.5363805970149254 0.017227877838684416 0.013059701492537313
1 0.2341425215348473 0.5279850746268657 0.03288958496476116 0.013059701492537313
1 0.2274862960062647 0.511660447761194 0.03837118245888802 0.013992537313432836
1 0.21260767423649177 0.49347014925373134 0.03210649960845732 0.013059701492537313
1 0.2169146436961629 0.4841417910447761 0.031323414252153486 0.014925373134328358
1 0.21808927173061865 0.46921641791044777 0.0274079874706343 0.022388059701492536
1 0.2173061863743148 0.45242537313432835 0.0274079874706343 0.03544776119402985
1 0.22200469851213783 0.43236940298507465 0.03210649960845732 0.021455223880597014
1 0.22278778386844167 0.22154850746268656 0.022709475332811275 0.0457089552238806
1 0.19107282693813626 0.2019589552238806 0.012529365700861394 0.04197761194029851
1 0.15857478465152702 0.18097014925373134 0.033672670321064996 0.016791044776119403
1 0.15270164447924825 0.04664179104477612 0.03288958496476116 0.026119402985074626
1 0.14017227877838684 0.08722014925373134 0.025058731401722788 0.012126865671641791
0 0.4068128425998434 0.9188432835820896 0.018010963194988253 0.03171641791044776
0 0.08339859044635865 0.7915111940298507 0.05090054815974941 0.05503731343283582
0 0.10884886452623337 0.6515858208955224 0.020360219263899765 0.021455223880597014
0 0.1350822239624119 0.8610074626865671 0.06342991386061081 0.08022388059701492
0 0.17697729052466718 0.9645522388059702 0.08144087705559906 0.04291044776119403
0 0.030148786217697728 0.9500932835820896 0.058731401722787784 0.09981343283582089
0 0.02466718872357087 0.8777985074626866 0.047768206734534066 0.041044776119402986
0 0.02153484729835552 0.8418843283582089 0.04150352388410337 0.04197761194029851
0 0.021143304620203602 0.730410447761194 0.04072043852779953 0.08582089552238806
0 0.1480031323414252 0.9188432835820896 0.056382145653876274 0.048507462686567165
