0 0.21514694800301432 0.18393030009680542 0.07159005275056518 0.0755082284607938
0 0.3835719668425019 0.5411423039690223 0.05124340617935192 0.07744433688286544
0 0.3816880180859081 0.6563407550822846 0.0640542577241899 0.0755082284607938
0 0.2543330821401658 0.03436592449177154 0.0746043707611153 0.06679574056147145
0 0.5267520723436323 0.20038722168441434 0.05124340617935192 0.03484995159728945
0 0.5180859080633007 0.2357212003872217 0.04295403165033911 0.04549854791868345
0 0.6024868123587038 0.4109390125847047 0.053504144687264506 0.0803484995159729
0 0.551243406179352 0.3857696030977735 0.059532780708364735 0.08615682478218781
0 0.5617935192162773 0.5077444336882866 0.053504144687264506 0.06679574056147145
0 0.6152976639035418 0.5232333010648597 0.03541823662396383 0.05324298160696999
0 0.646948003014318 0.31994191674733785 0.0293896006028636 0.05324298160696999
0 0.7249434815373021 0.17909002904162633 0.04973624717407687 0.0696999031945789
0 0.8504144687264507 0.05324298160696999 0.039939713639788994 0.044530493707647625
0 0.7705350414468727 0.05856727976766699 0.07611152976639035 0.08615682478218781
0 0.7886209495101734 0.031945788964181994 0.08214016578749057 0.060019361084220714
0 0.8436322532027128 0.45450145208131654 0.06254709871891484 0.07454017424975799
0 0.8673700075357951 0.579380445304937 0.06028636021100226 0.09390125847047434
0 0.7995478522984175 0.49322362052274926 0.0452147701582517 0.05517909002904162
0 0.5768651092690279 0.9080348499515973 0.050489826676714394 0.11423039690222653
0 0.6699321778447627 0.8247821878025169 0.06782215523737754 0.08906098741529525
0 0.7207987942727958 0.8896418199419167 0.06103993971363979 0.07938044530493708
0 0.7856066314996232 0.8378509196515005 0.053504144687264506 0.0590513068731849
0 0.7976639035418237 0.547434656340755 0.050489826676714394 0.06679574056147145
2 0.8368500376789751 0.6636011616650532 0.01281085154483798 0.02420135527589545
2 0.840241145440844 0.6848983543078412 0.00904295403165034 0.01452081316553727
0 0.8010550113036925 0.6873184898354308 0.0693293142426526 0.08518877057115198
0 0.5067822155237377 0.38528557599225555 0.04144687264506405 0.06389157792836399
0 0.45327807083647326 0.3543078412391094 0.015825169555388093 0.027105517909002903
0 0.7712886209495102 0.7879961277831559 0.045968349660889224 0.06776379477250725
0 0.793896006028636 0.6200387221684415 0.059532780708364735 0.06679574056147145
0 0.93293142426526 0.7938044530493708 0.05124340617935192 0.06389157792836399
0 0.5972117558402411 0.31848983543078413 0.059532780708364735 0.07357212003872217
