0 0.7828500925354719 0.714828897338403 0.05922270203578038 0.051964512040557666
0 0.9305983960518198 0.9125475285171103 0.06847624922887106 0.05576679340937896
0 0.9339913633559531 0.8016476552598225 0.055521283158544106 0.060836501901140684
0 0.458975940777298 0.46546261089987323 0.06292412091301666 0.046261089987325726
0 0.4080814312152992 0.3951204055766793 0.048735348550277606 0.052598225602027884
0 0.4626773596545342 0.30893536121673004 0.07896360271437385 0.06653992395437262
0 0.6412708204811844 0.1840937896070976 0.0499691548426897 0.042458808618504436
0 0.6810610734114744 0.1105830164765526 0.05058605798889575 0.041191381495564006
0 0.5965453423812461 0.21102661596958175 0.054287476866132015 0.043092522179974654
0 0.7282541640962369 0.12072243346007605 0.05243676742751388 0.042458808618504436
0 0.5148056755089451 0.2743979721166033 0.05860579888957434 0.046894803548795945
