0 0.022794117647058822 0.6880482456140351 0.035784313725490194 0.10197368421052631
0 0.06299019607843137 0.6902412280701754 0.031862745098039214 0.06907894736842106
0 0.04411764705882353 0.5487938596491229 0.06372549019607843 0.15021929824561403
0 0.028431372549019607 0.3541666666666667 0.03627450980392157 0.06798245614035088
0 0.08186274509803922 0.27247807017543857 0.05196078431372549 0.09758771929824561
0 0.27941176470588236 0.2779605263157895 0.06372549019607843 0.09539473684210527
0 0.12279411764705882 0.6080043859649122 0.053431372549019605 0.09978070175438597
0 0.09240196078431373 0.7949561403508771 0.0642156862745098 0.1118421052631579
0 0.3254901960784314 0.5986842105263158 0.059803921568627454 0.09868421052631579
0 0.4860294117647059 0.48519736842105265 0.07009803921568628 0.13925438596491227
4 0.257843137254902 0.6151315789473685 0.01568627450980392 0.041666666666666664
4 0.2105392156862745 0.7730263157894737 0.02107843137254902 0.043859649122807015
4 0.4536764705882353 0.6096491228070176 0.020098039215686276 0.041666666666666664
4 0.6428921568627451 0.46765350877192985 0.02303921568627451 0.0537280701754386
4 0.5637254901960784 0.44846491228070173 0.022549019607843137 0.046052631578947366
0 0.770343137254902 0.30701754385964913 0.045588235294117645 0.07236842105263158
0 0.8512254901960784 0.2779605263157895 0.10931372549019608 0.1787280701754386
0 0.9193627450980392 0.39035087719298245 0.041666666666666664 0.08771929824561403
0 0.9397058823529412 0.46271929824561403 0.04607843137254902 0.1074561403508772
9 0.7747549019607843 0.09429824561403509 0.07009803921568628 0.17324561403508773
0 0.4428921568627451 0.5098684210526315 0.02107843137254902 0.07456140350877193
