3 0.292719414893617 0.05651958353991076 0.01363031914893617 0.022806147744174516
3 0.2978723404255319 0.10981655924640556 0.012632978723404254 0.024293505205751114
3 0.31981382978723405 0.39762022806147745 0.015292553191489361 0.026772434308378782
3 0.22423537234042554 0.958601883986118 0.022273936170212765 0.039167079821517105
3 0.3361037234042553 0.9365394149727317 0.016622340425531915 0.01983143282102132
3 0.5558510638297872 0.991571641051066 0.011303191489361703 0.01685671789786812
3 0.028756648936170214 0.5017352503718394 0.012965425531914893 0.01983143282102132
8 0.9569481382978723 0.876797223599405 0.059507978723404256 0.07585523054040655
3 0.7082779255319149 0.5282597917699554 0.008311170212765957 0.012394645513138325
8 0.7305518617021277 0.5356965790778384 0.04288563829787234 0.07089737233515121
8 0.7741023936170213 0.5951908775409024 0.06815159574468085 0.1036192364898364
8 0.84375 0.6913733267228557 0.07047872340425532 0.0946950917203768
3 0.808344414893617 0.6440257808626674 0.014960106382978724 0.020823004462072386
3 0.8809840425531915 0.7372335151214675 0.012632978723404254 0.018839861179970253
8 0.7037898936170213 0.8247397124442241 0.05784574468085106 0.0451165096678235
3 0.7215757978723404 0.8520079325731285 0.012965425531914893 0.013386217154189391
3 0.7350398936170213 0.8378780366881508 0.007978723404255319 0.014873574615765989
8 0.7533244680851063 0.8539910758552305 0.0339095744680851 0.04709965294992563
3 0.972406914893617 0.8943976202280615 0.010638297872340425 0.018839861179970253
3 0.957280585106383 0.8787803668815072 0.008976063829787235 0.014377788795240456
