0 0.19095595126522963 0.5151387720773759 0.03608247422680412 0.05803195962994113
0 0.2211808809746954 0.5702270815811606 0.03936269915651359 0.060555088309503784
0 0.28116213683223995 0.6215306980656014 0.04592314901593252 0.05887300252312868
0 0.2556232427366448 0.43103448275862066 0.04358013120899719 0.056349873843566024
0 0.28561387066541705 0.45626576955424725 0.037019681349578254 0.06476030277544155
0 0.3113870665417057 0.5424726661059714 0.02577319587628866 0.05550883095037847
0 0.4240862230552952 0.5895710681244744 0.04967197750702906 0.07569386038687972
0 0.3673851921274602 0.4503784693019344 0.02530459231490159 0.06307821698906645
0 0.3671508903467666 0.39108494533221194 0.04170571696344892 0.050462573591253154
0 0.313730084348641 0.3687973086627418 0.03233364573570759 0.05298570227081581
0 0.31419868791002814 0.25735912531539107 0.035145267104029994 0.045416316232127836
0 0.43908153701968133 0.30656013456686293 0.04029990627928772 0.06307821698906645
0 0.4927366447985005 0.3149705634987384 0.04170571696344892 0.056349873843566024
0 0.4554826616682287 0.3961312026913373 0.046860356138706656 0.04878048780487805
0 0.5117150890346767 0.830950378469302 0.05060918462980318 0.06896551724137931
0 0.6398781630740393 0.4587888982338099 0.07075913776944705 0.09335576114381834
0 0.6565135895032802 0.32548359966358287 0.04592314901593252 0.07401177460050462
0 0.5328022492970946 0.3675357443229605 0.033739456419868794 0.095878889823381
0 0.7249297094657919 0.23338940285954585 0.04029990627928772 0.07148864592094197
0 0.816776007497657 0.4587888982338099 0.06091846298031865 0.0782169890664424
0 0.2387535145267104 0.13961312026913372 0.021087160262417994 0.05214465937762826
0 0.29194001874414244 0.1080740117746005 0.05435801312089972 0.05298570227081581
0 0.2422680412371134 0.5899915895710681 0.01780693533270853 0.04625735912531539
0 0.32029053420806 0.48696383515559294 0.05295220243673852 0.08074011774600505
0 0.35660731021555764 0.5899915895710681 0.022492970946579195 0.04121110176619008
0 0.35449859418931584 0.5079899074852817 0.018275538894095594 0.04709840201850295
0 0.44048734770384257 0.45164003364171573 0.026241799437675725 0.07569386038687972
0 0.3458294283036551 0.3347350714886459 0.05248359887535145 0.05887300252312868
0 0.3388003748828491 0.2855340622371741 0.015932521087160263 0.02943650126156434
0 0.3570759137769447 0.2788057190916737 0.022492970946579195 0.0496215306980656
0 0.49812558575445176 0.904121110176619 0.04967197750702906 0.07737594617325484
0 0.4784442361761949 0.8351555929352397 0.02436738519212746 0.03868797308662742
0 0.443767572633552 0.8145500420521447 0.01874414245548266 0.03952901597981497
0 0.44283036551077787 0.7788057190916736 0.020618556701030927 0.031959629941127
0 0.4268978444236176 0.7371740958788898 0.041237113402061855 0.0496215306980656
0 0.2666354264292409 0.32380151387720774 0.05060918462980318 0.09083263246425567
2 0.228912839737582 0.6396131202691338 0.011715089034676664 0.021026072329688814
