1 0.01703056768558952 0.12679597701149425 0.00960698689956332 0.035201149425287355
1 0.18034934497816593 0.4410919540229885 0.023580786026200874 0.028735632183908046
1 0.27292576419213976 0.5075431034482759 0.01921397379912664 0.01221264367816092
8 0.2318777292576419 0.4608477011494253 0.08820960698689956 0.08405172413793104
3 0.5637554585152839 0.7769396551724138 0.023580786026200874 0.05244252873563218
1 0.5707423580786026 0.8164511494252874 0.021834061135371178 0.022270114942528736
8 0.4794759825327511 0.7223419540229885 0.14497816593886462 0.1817528735632184
8 0.6646288209606986 0.8620689655172413 0.1868995633187773 0.20833333333333334
3 0.629475982532751 0.39403735632183906 0.014410480349344978 0.02514367816091954
3 0.6526200873362445 0.3764367816091954 0.01703056768558952 0.02442528735632184
1 0.6672489082969433 0.3911637931034483 0.013973799126637555 0.016522988505747127
8 0.5921397379912664 0.3854166666666667 0.059388646288209605 0.09985632183908046
8 0.6620087336244541 0.41379310344827586 0.0611353711790393 0.05603448275862069
3 0.8596069868995633 0.12248563218390805 0.02052401746724891 0.029454022988505746
