4 0.03611412062116288 0.07834659287443792 0.010111953773925604 0.012106537530266344
4 0.11592632719393282 0.13939813213420962 0.009389671361502348 0.01176063645797302
4 0.19086312748284578 0.18920788654444828 0.01119537739256049 0.009685230024213076
4 0.2703141928494041 0.2966101694915254 0.01119537739256049 0.010722933241093047
4 0.3938244853737812 0.31667243168453824 0.019140483929216325 0.016257350397786235
4 0.4154929577464789 0.45607056381874783 0.008306247742867461 0.00933932895191975
4 0.4210906464427591 0.5492909028017987 0.015167930660888408 0.014527845036319613
4 0.37522571325388226 0.6262538913870633 0.009389671361502348 0.010722933241093047
4 0.46063560852293245 0.6938775510204082 0.010473094980137234 0.0069180214458664825
4 0.5390032502708559 0.7566585956416465 0.009750812567713976 0.008647526807333102
4 0.5947995666305526 0.775856105153926 0.01444564824846515 0.015219647180906262
4 0.616648609606356 0.8626772742995503 0.010473094980137234 0.008301625735039779
4 0.92018779342723 0.5667589069526116 0.010111953773925604 0.008647526807333102
