0 0.1977401129943503 0.2951835956127802 0.03129074315514994 0.050548402479732954
0 0.1979574098218166 0.3643299952312828 0.03172533681008257 0.043872198378636144
0 0.2001303780964798 0.49475441106342394 0.03346371142981312 0.04339532665712923
0 0.1979574098218166 0.536003814973772 0.03259452411994785 0.04291845493562232
0 0.19708822251195132 0.5817835002384358 0.03259452411994785 0.04005722460658083
0 0.2740112994350282 0.6416309012875536 0.035202086049543675 0.02241297091082499
0 0.3389830508474576 0.6521220791607057 0.030421555845284658 0.024320457796852647
0 0.31855714906562366 0.6599904625655698 0.022598870056497175 0.022889842632331903
4 0.2692307692307692 0.14091559370529327 0.030856149500217298 0.027181688125894134
5 0.24467622772707517 0.3061516452074392 0.013906996957844416 0.007629947544110634
5 0.26488483268144286 0.3032904148783977 0.015210777922642329 0.01335240820219361
5 0.24771838331160365 0.41487839771101576 0.012168622338113864 0.010491177873152123
5 0.2666232073011734 0.4268001907486886 0.015210777922642329 0.011444921316165951
5 0.242503259452412 0.5951359084406295 0.019991308126901346 0.006676204101096805
5 0.2438070404172099 0.6022889842632332 0.019991308126901346 0.008583690987124463
5 0.24532811820947414 0.6156413924654268 0.01694915254237288 0.008583690987124463
5 0.1634072142546719 0.6051502145922747 0.01564537157757497 0.01335240820219361
5 0.19643633202955238 0.6101573676680973 0.01564537157757497 0.014783023366714354
5 0.25488917861799215 0.8471626132570339 0.03259452411994785 0.03195040534096328
5 0.23859191655801826 0.765379113018598 0.0217296827466319 0.016213638531235097
2 0.19274228596262494 0.7863614687649022 0.008257279443720122 0.01335240820219361
