0 0.5459479015918958 0.8770236612702366 0.05861070911722142 0.04919053549190536
0 0.6110709117221418 0.8138231631382317 0.04848046309696093 0.034869240348692404
0 0.6631693198263386 0.7942092154420921 0.07163531114327062 0.03922789539227895
0 0.6805354558610709 0.7556039850560399 0.052821997105643996 0.040473225404732256
0 0.7503617945007236 0.7132627646326276 0.07380607814761216 0.045454545454545456
0 0.7474674384949349 0.8343711083437111 0.03762662807525326 0.026151930261519303
6 0.8057163531114327 0.7693026151930261 0.0426917510853835 0.025529265255292654
0 0.7793053545586107 0.5666251556662516 0.05065123010130246 0.0361145703611457
0 0.8502170767004341 0.46419676214196764 0.07091172214182344 0.04296388542963885
0 0.8806078147612156 0.40348692403486924 0.030390738060781478 0.04234122042341221
0 0.802821997105644 0.1740348692403487 0.029667149059334298 0.031755915317559155
0 0.8332127351664255 0.1382316313823163 0.04413892908827786 0.05105853051058531
0 0.7832850940665702 0.6067870485678705 0.04703328509406657 0.04420921544209216
0 0.7178002894356006 0.17777085927770858 0.02604920405209841 0.03922789539227895
