0 0.204390243902439 0.8706331877729258 0.041951219512195125 0.04475982532751092
0 0.20121951219512196 0.7879366812227074 0.04439024390243902 0.04639737991266375
4 0.14390243902439023 0.8024017467248908 0.015609756097560976 0.018558951965065504
4 0.15073170731707317 0.7216157205240175 0.015609756097560976 0.015283842794759825
0 0.24317073170731707 0.7390829694323144 0.04439024390243902 0.04585152838427948
0 0.3153658536585366 0.7098799126637555 0.03560975609756097 0.04639737991266375
0 0.3204878048780488 0.6681222707423581 0.02829268292682927 0.03820960698689956
0 0.42878048780487804 0.5106441048034934 0.06341463414634146 0.07150655021834061
0 0.4348780487804878 0.474617903930131 0.01707317073170732 0.015829694323144104
0 0.4626829268292683 0.46861353711790393 0.04048780487804878 0.0453056768558952
0 0.48 0.3941048034934498 0.021463414634146343 0.02292576419213974
0 0.5985365853658536 0.34170305676855894 0.054634146341463415 0.04585152838427948
0 0.49146341463414633 0.2939410480349345 0.03853658536585366 0.04967248908296943
0 0.561219512195122 0.22434497816593887 0.04731707317073171 0.034934497816593885
4 0.5326829268292683 0.23526200873362446 0.014634146341463415 0.014192139737991267
4 0.5873170731707317 0.2781113537117904 0.011707317073170732 0.013646288209606987
0 0.6258536585365854 0.28684497816593885 0.04780487804878049 0.0453056768558952
0 0.6604878048780488 0.26555676855895194 0.033170731707317075 0.03875545851528384
0 0.6829268292682927 0.2535480349344978 0.03414634146341464 0.04421397379912664
0 0.7278048780487805 0.23335152838427947 0.0448780487804878 0.04093886462882096
0 0.7882926829268293 0.19978165938864628 0.0448780487804878 0.04694323144104803
0 0.8485365853658536 0.1730349344978166 0.036585365853658534 0.03711790393013101
4 0.8775609756097561 0.16457423580786026 0.04 0.04093886462882096
4 0.8982926829268293 0.04421397379912664 0.014146341463414635 0.017467248908296942
0 0.8765853658536585 0.1634825327510917 0.04 0.04093886462882096
4 0.6370731707317073 0.1984170305676856 0.013658536585365854 0.014737991266375546
4 0.618780487804878 0.125 0.012195121951219513 0.015283842794759825
0 0.6990243902439024 0.17521834061135372 0.04682926829268293 0.05131004366812227
0 0.7821951219512195 0.1471069868995633 0.03560975609756097 0.03875545851528384
0 0.8648780487804878 0.10043668122270742 0.0448780487804878 0.05131004366812227
4 0.9624390243902439 0.0968886462882096 0.027317073170731707 0.02237991266375546
4 0.30317073170731706 0.33024017467248906 0.01902439024390244 0.02074235807860262
0 0.0675609756097561 0.9001091703056768 0.03951219512195122 0.06331877729257641
4 0.18292682926829268 0.8305131004366813 0.011707317073170732 0.01146288209606987
4 0.09341463414634146 0.644650655021834 0.013170731707317073 0.015283842794759825
4 0.2175609756097561 0.6097161572052402 0.015609756097560976 0.017467248908296942
4 0.2551219512195122 0.4904475982532751 0.015609756097560976 0.016921397379912665
4 0.3202439024390244 0.4890829694323144 0.014146341463414635 0.013100436681222707
4 0.37414634146341463 0.5289301310043668 0.015609756097560976 0.016375545851528384
4 0.4692682926829268 0.30813318777292575 0.012682926829268294 0.01146288209606987
0 0.46 0.3558951965065502 0.0351219512195122 0.05131004366812227
0 0.7317073170731707 0.3799126637554585 0.0351219512195122 0.03165938864628821
0 0.7575609756097561 0.3894650655021834 0.0224390243902439 0.03329694323144105
4 0.6690243902439025 0.1263646288209607 0.015121951219512195 0.016921397379912665
0 0.8170731707317073 0.13236899563318777 0.0351219512195122 0.035480349344978165
