0 0.2873873873873874 0.5268959435626103 0.07567567567567568 0.05555555555555555
0 0.345045045045045 0.3853615520282187 0.0990990990990991 0.07407407407407407
0 0.5833333333333334 0.3959435626102293 0.07657657657657657 0.07760141093474426
0 0.5846846846846847 0.48148148148148145 0.07207207207207207 0.06525573192239859
0 0.6684684684684684 0.47707231040564374 0.06846846846846846 0.06349206349206349
0 0.7504504504504504 0.48721340388007056 0.06306306306306306 0.07142857142857142
0 0.6797297297297298 0.3888888888888889 0.06396396396396396 0.0582010582010582
0 0.7887387387387388 0.3377425044091711 0.07477477477477477 0.07054673721340388
0 0.25495495495495496 0.47178130511463845 0.03963963963963964 0.06349206349206349
0 0.727027027027027 0.3955026455026455 0.02882882882882883 0.05026455026455026
0 0.5707207207207208 0.3567019400352734 0.07837837837837838 0.06966490299823633
0 0.3783783783783784 0.13932980599647266 0.15855855855855855 0.12345679012345678
