0 0.11122715404699739 0.21807747489239598 0.04804177545691906 0.06743185078909612
0 0.13759791122715403 0.27439024390243905 0.019321148825065273 0.025107604017216643
0 0.20522193211488252 0.4497847919655667 0.04073107049608355 0.06599713055954089
0 0.2597911227154047 0.609038737446198 0.044386422976501305 0.0703012912482066
0 0.385378590078329 0.7571736011477762 0.04386422976501306 0.08106169296987087
0 0.4248041775456919 0.6434720229555236 0.04856396866840731 0.04878048780487805
0 0.485378590078329 0.6624820659971306 0.04856396866840731 0.06814921090387374
0 0.3843342036553525 0.6388091822094691 0.05117493472584857 0.07245337159253945
0 0.5751958224543081 0.81025824964132 0.037075718015665796 0.05667144906743185
0 0.7477806788511749 0.8371592539454806 0.053263707571801565 0.06743185078909612
0 0.7913838120104438 0.8809182209469153 0.04856396866840731 0.043041606886657105
0 0.5681462140992167 0.3098995695839311 0.06684073107049608 0.058823529411764705
3 0.6579634464751958 0.11047345767575323 0.05221932114882506 0.05738880918220947
3 0.768668407310705 0.24856527977044476 0.03237597911227154 0.04232424677187949
0 0.6383812010443864 0.6908177905308465 0.08929503916449086 0.0746054519368723
0 0.7368146214099217 0.7248923959827833 0.045953002610966055 0.05954088952654232
0 0.1577023498694517 0.304519368723099 0.019843342036553524 0.023672883787661407
0 0.18120104438642298 0.32281205164992827 0.04386422976501306 0.054519368723098996
0 0.18772845953002612 0.27905308464849354 0.01618798955613577 0.024390243902439025
0 0.2010443864229765 0.2614777618364419 0.02193211488250653 0.02654232424677188
0 0.22349869451697127 0.5552367288378766 0.053263707571801565 0.06599713055954089
0 0.3451697127937337 0.7248923959827833 0.04073107049608355 0.05667144906743185
0 0.7720626631853786 0.7352941176470589 0.03498694516971279 0.05308464849354376
2 0.5036553524804177 0.3034433285509326 0.010966057441253264 0.011477761836441894
0 0.4443864229765013 0.48421807747489237 0.04804177545691906 0.06886657101865136
3 0.785378590078329 0.125896700143472 0.05848563968668407 0.05667144906743185
3 0.7268929503916449 0.14741750358680059 0.020887728459530026 0.02654232424677188
3 0.7639686684073107 0.1718077474892396 0.05953002610966057 0.06097560975609756
3 0.7493472584856397 0.1915351506456241 0.09817232375979112 0.09469153515064563
3 0.7274151436031332 0.10832137733142037 0.025065274151436032 0.03012912482065997
3 0.7516971279373368 0.11513629842180775 0.02454308093994778 0.02223816355810617
0 0.6618798955613577 0.667144906743185 0.02454308093994778 0.03156384505021521
0 0.6631853785900783 0.6423959827833573 0.014621409921671017 0.02654232424677188
0 0.6825065274151436 0.6370157819225251 0.014621409921671017 0.02295552367288379
0 0.6960835509138381 0.6725251076040172 0.02193211488250653 0.032281205164992825
0 0.7939947780678851 0.9860114777618364 0.014099216710182768 0.027977044476327116
7 0.5506527415143603 0.7119799139167863 0.06945169712793733 0.05810616929698709
