4 0.58446519524618 0.0868861305990286 0.023769100169779286 0.02914193200215866
4 0.5721561969439728 0.10982191041554236 0.015280135823429542 0.019967620075553156
2 0.46328522920203735 0.734214786832164 0.015704584040747028 0.018888289260658393
0 0.38412563667232597 0.7037236913113869 0.03225806451612903 0.04533189422558014
0 0.4032258064516129 0.7196438208310847 0.014431239388794566 0.018888289260658393
0 0.4100169779286927 0.7066918510523476 0.016129032258064516 0.021046950890447922
3 0.3297962648556876 0.22746896923907178 0.02801358234295416 0.05558553696708041
2 0.34868421052631576 0.23043712898003238 0.013157894736842105 0.02050728548300054
0 0.15725806451612903 0.28710199676200754 0.05730050933786078 0.050728548300053966
0 0.38603565365025466 0.9349703184025904 0.02928692699490662 0.019967620075553156
0 0.3960101867572156 0.9630329195898543 0.0432937181663837 0.045871559633027525
0 0.366723259762309 0.9333513221802483 0.016129032258064516 0.013491635186184566
