0 0.751255230125523 0.8197124479757851 0.043933054393305436 0.032917139614074914
0 0.8056485355648536 0.7270147559591373 0.02803347280334728 0.033673855467272036
0 0.7050209205020921 0.656072644721907 0.055230125523012555 0.04540295119182747
0 0.4918410041841004 0.7192584184638668 0.02803347280334728 0.02194475974271661
0 0.5158995815899582 0.7349602724177071 0.04351464435146443 0.03897086643965191
0 0.5378661087866109 0.7468785471055619 0.015481171548117154 0.012107453651153992
0 0.5179916317991632 0.756337495270526 0.021757322175732216 0.01664774877033674
0 0.5366108786610879 0.6948543321982595 0.057322175732217574 0.03064699205448354
0 0.3920502092050209 0.42527430949678396 0.042677824267782424 0.03556564510026485
0 0.31757322175732217 0.2762012864169504 0.07029288702928871 0.05069996216420734
0 0.3558577405857741 0.3365493757094211 0.046443514644351466 0.04275444570563754
0 0.31401673640167366 0.3569807037457435 0.05230125523012552 0.04880817253121453
0 0.6169456066945607 0.8354143019296254 0.04225941422594142 0.022701475595913734
3 0.6656903765690376 0.884979190314037 0.0200836820083682 0.01362088535754824
0 0.6828451882845188 0.8991676125614831 0.04602510460251046 0.03518728717366629
0 0.7596234309623431 0.8777903897086644 0.029707112970711297 0.04388951948543322
0 0.7288702928870293 0.893681422625804 0.023430962343096235 0.029511918274687854
0 0.744979079497908 0.8887627695800226 0.027196652719665274 0.02724177071509648
3 0.7238493723849372 0.8530079455164585 0.014225941422594143 0.014755959137343927
3 0.8506276150627615 0.9230041619371926 0.02092050209205021 0.021566401816118047
2 0.8845188284518829 0.9343548997351494 0.012552301255230125 0.01021566401816118
0 0.602092050209205 0.744986757472569 0.015899581589958158 0.01513431706394249
0 0.6125523012552301 0.7412031782065834 0.011715481171548118 0.009080590238365494
0 0.6219665271966527 0.7533106318577374 0.04142259414225941 0.03026863412788498
2 0.5857740585774058 0.6163450624290578 0.019246861924686193 0.01362088535754824
0 0.1389121338912134 0.2996594778660613 0.045188284518828455 0.03026863412788498
4 0.1506276150627615 0.28376844494892167 0.015899581589958158 0.00832387438516837
0 0.7880753138075314 0.7512296632614454 0.03891213389121339 0.029133560348089293
0 0.7665271966527196 0.7695800227014756 0.019246861924686193 0.012107453651153992
0 0.757949790794979 0.796065077563375 0.021338912133891212 0.021188043889519486
