0 0.8468248429867411 0.29221789883268484 0.017445917655268667 0.052140077821011675
0 0.8642707606420098 0.322568093385214 0.01674808094905792 0.045914396887159536
0 0.8824145150034892 0.31828793774319064 0.022330774598743892 0.04669260700389105
0 0.8972435450104675 0.3105058365758755 0.01988834612700628 0.04357976653696498
0 0.8927076064200977 0.2801556420233463 0.016399162595952546 0.0357976653696498
0 0.9038729937194696 0.2715953307392996 0.017096999302163293 0.045136186770428015
0 0.7725052337752966 0.23268482490272374 0.020237264480111653 0.049805447470817124
3 0.6079902302861131 0.23852140077821013 0.019190509420795535 0.022568093385214007
0 0.5106420097697139 0.2992217898832685 0.025471039776692253 0.07081712062256809
0 0.607466852756455 0.3754863813229572 0.01674808094905792 0.0443579766536965
0 0.5963014654570831 0.48638132295719844 0.022330774598743892 0.07003891050583658
0 0.5807745987438939 0.5420233463035019 0.012212142358688068 0.030350194552529183
0 0.5678646196789952 0.5704280155642023 0.01779483600837404 0.04669260700389105
0 0.5680390788555478 0.6007782101167315 0.01884159106769016 0.04202334630350195
0 0.5258199581297976 0.4840466926070039 0.013956734124214934 0.0669260700389105
0 0.5090718771807397 0.5249027237354086 0.018143754361479414 0.045914396887159536
0 0.5157013258897418 0.5649805447470817 0.024424284717376135 0.03735408560311284
0 0.49023028611304953 0.5626459143968872 0.01884159106769016 0.0357976653696498
0 0.44713886950453596 0.8929961089494164 0.019190509420795535 0.05058365758754864
0 0.45586182833217026 0.9622568093385214 0.020586182833217028 0.042801556420233464
0 0.3832868108862526 0.7377431906614786 0.020586182833217028 0.0357976653696498
0 0.38572923935799025 0.7019455252918287 0.01779483600837404 0.04202334630350195
0 0.33286810886252616 0.7264591439688716 0.019539427773900907 0.053696498054474705
0 0.31751570132588974 0.7910505836575875 0.017445917655268667 0.042801556420233464
0 0.3171667829727844 0.8653696498054475 0.02512212142358688 0.05603112840466926
0 0.29989532449406836 0.9377431906614786 0.021284019539427775 0.05914396887159533
0 0.34822051639916257 0.7649805447470817 0.02372644801116539 0.0669260700389105
0 0.3180390788555478 0.9603112840466926 0.019190509420795535 0.04357976653696498
0 0.30303558967201677 0.6412451361867705 0.022679692951849267 0.05603112840466926
0 0.2756454989532449 0.603112840466926 0.016050244242847175 0.051361867704280154
0 0.21964410327983253 0.3167315175097276 0.02407536636427076 0.045136186770428015
0 0.1360781577110956 0.2171206225680934 0.04815073272854152 0.05758754863813229
0 0.09630146545708304 0.16536964980544747 0.021632937892533146 0.06147859922178988
4 0.17184228890439637 0.16031128404669262 0.010816468946266573 0.024902723735408562
4 0.10711793440334962 0.12684824902723735 0.007676203768318213 0.020233463035019456
4 0.08356594556873692 0.12295719844357976 0.008722958827634334 0.020233463035019456
0 0.16591067690160502 0.21284046692607003 0.012212142358688068 0.0490272373540856
0 0.18039078855547802 0.22295719844357978 0.01884159106769016 0.05525291828793774
0 0.2264480111653873 0.24552529182879376 0.01884159106769016 0.053696498054474705
0 0.2463363572923936 0.20739299610894943 0.022330774598743892 0.05992217898832685
0 0.3011165387299372 0.3272373540856031 0.023028611304954642 0.05525291828793774
0 0.3073970690858339 0.2723735408560311 0.020237264480111653 0.05758754863813229
0 0.328506629448709 0.2801556420233463 0.01988834612700628 0.04669260700389105
0 0.3757850662944871 0.29416342412451363 0.01465457083042568 0.04357976653696498
0 0.38817166782972784 0.3175097276264591 0.01779483600837404 0.045136186770428015
0 0.4003838101884159 0.29221789883268484 0.017096999302163293 0.047470817120622566
0 0.4145150034891835 0.3408560311284047 0.020237264480111653 0.06536964980544747
0 0.4202721563154222 0.45058365758754865 0.022679692951849267 0.04202334630350195
0 0.5498953244940684 0.35019455252918286 0.01674808094905792 0.04046692607003891
0 0.5558269364968598 0.4003891050583658 0.017445917655268667 0.042801556420233464
0 0.5678646196789952 0.40894941634241244 0.014305652477320307 0.024124513618677044
0 0.572923935799023 0.343579766536965 0.0209351011863224 0.03968871595330739
0 0.5750174459176552 0.3167315175097276 0.01884159106769016 0.03268482490272374
0 0.494417306350314 0.4081712062256809 0.01674808094905792 0.036575875486381325
0 0.4954640614096302 0.3630350194552529 0.013956734124214934 0.04124513618677043
0 0.5130844382414514 0.3743190661478599 0.012909979064898814 0.03268482490272374
0 0.4750523377529658 0.43190661478599224 0.016399162595952546 0.045136186770428015
0 0.46161898115840894 0.47198443579766536 0.0209351011863224 0.0443579766536965
0 0.4590020935101186 0.5140077821011673 0.021284019539427775 0.047470817120622566
0 0.4760990928122819 0.4972762645914397 0.01779483600837404 0.049805447470817124
0 0.4931960921144452 0.5342412451361868 0.01779483600837404 0.028793774319066146
0 0.4555129099790649 0.3906614785992218 0.020586182833217028 0.04046692607003891
0 0.44504535938590367 0.3357976653696498 0.01849267271458479 0.0490272373540856
3 0.43126308443824146 0.38054474708171204 0.006978367062107467 0.017120622568093387
0 0.43143754361479414 0.40700389105058365 0.014305652477320307 0.04669260700389105
0 0.3572923935799023 0.3377431906614786 0.021632937892533146 0.04824902723735409
0 0.3797976273551989 0.3486381322957198 0.02407536636427076 0.051361867704280154
3 0.35118632240055825 0.36070038910505836 0.010816468946266573 0.022568093385214007
0 0.5129099790648988 0.4046692607003891 0.01674808094905792 0.04357976653696498
4 0.775645498953245 0.5050583657587548 0.007676203768318213 0.02178988326848249
0 0.8176901605024425 0.5385214007782101 0.01849267271458479 0.04202334630350195
0 0.7536636427076064 0.6007782101167315 0.01674808094905792 0.04202334630350195
0 0.7206908583391486 0.5038910505836576 0.020586182833217028 0.047470817120622566
0 0.6769016050244243 0.5342412451361868 0.022330774598743892 0.0490272373540856
0 0.7639567341242149 0.636964980544747 0.01779483600837404 0.03813229571984436
0 0.6486392184228891 0.3801556420233463 0.0209351011863224 0.0490272373540856
0 0.7049895324494069 0.5482490272373541 0.017096999302163293 0.04124513618677043
0 0.8171667829727843 0.43190661478599224 0.01884159106769016 0.05758754863813229
4 0.8126308443824145 0.4501945525291829 0.005582693649685973 0.014785992217898832
0 0.7670969993021632 0.42996108949416345 0.014305652477320307 0.042801556420233464
4 0.7562805303558967 0.42412451361867703 0.0052337752965806 0.014007782101167316
0 0.781751570132589 0.3922178988326848 0.017096999302163293 0.04046692607003891
0 0.7894277739009072 0.5202334630350195 0.016399162595952546 0.047470817120622566
0 0.7691905094207956 0.3953307392996109 0.01779483600837404 0.024902723735408562
0 0.8361828332170272 0.6603112840466926 0.014305652477320307 0.04124513618677043
0 0.26901605024424285 0.2587548638132296 0.01884159106769016 0.053696498054474705
0 0.2882065596650384 0.2754863813229572 0.016050244242847175 0.05603112840466926
0 0.4623168178646197 0.3369649805447471 0.016050244242847175 0.060700389105058365
0 0.19574319609211444 0.4140077821011673 0.02512212142358688 0.038910505836575876
0 0.16678297278436846 0.4377431906614786 0.023028611304954642 0.03501945525291829
0 0.7304605722260991 0.6416342412451362 0.019190509420795535 0.04124513618677043
0 0.6861479413817166 0.6062256809338521 0.01988834612700628 0.045136186770428015
