3 0.20151280062063615 0.9379292128895932 0.018231186966640806 0.04807184363444268
3 0.21314972847168348 0.9762282091917591 0.02909231962761831 0.022187004754358162
3 0.23157486423584173 0.8798203909138933 0.022498060512024826 0.0491283676703645
0 0.2373933281613654 0.7585842577918648 0.026377036462373934 0.040147913365029056
0 0.17882079131109388 0.5898045430533545 0.019394879751745538 0.04595879556259905
0 0.6728083785880528 0.6204437400950872 0.025989138867339022 0.03116745905969361
0 0.6113266097750194 0.615689381933439 0.028704422032583398 0.021658742736397254
0 0.5362684251357641 0.5507131537242472 0.031419705197827774 0.04490227152667723
0 0.5376260667183863 0.5 0.032583397982932506 0.03645007923930269
0 0.5356865787432118 0.3124669836238774 0.023273855702094646 0.054410987849973586
0 0.5385958107059736 0.22820919175911253 0.0360744763382467 0.051769677760169046
4 0.6035686578743211 0.05414685684099313 0.018619084561675717 0.025884838880084523
0 0.6530256012412723 0.6286318013734813 0.020558572536850273 0.024300052826201797
0 0.2752133436772692 0.5927099841521395 0.016679596586501165 0.017960908610670893
0 0.5632273079906904 0.18409931325937665 0.010861132660977503 0.017432646592709985
