0 0.06951530612244898 0.19424131627056673 0.13818027210884354 0.09963436928702012
0 0.14370748299319727 0.31444241316270566 0.10714285714285714 0.07861060329067641
3 0.16964285714285715 0.36220292504570384 0.06717687074829932 0.05712979890310786
0 0.5004251700680272 0.2790219378427788 0.02976190476190476 0.03244972577696526
0 0.3956207482993197 0.3190127970749543 0.1092687074829932 0.14716636197440586
0 0.42878401360544216 0.42138939670932357 0.05314625850340136 0.04021937842778794
0 0.461734693877551 0.4812614259597806 0.13010204081632654 0.06672760511882998
0 0.5338010204081632 0.496800731261426 0.031037414965986394 0.043875685557586835
0 0.42793367346938777 0.6743601462522852 0.10586734693877552 0.06718464351005485
0 0.2776360544217687 0.5982632541133455 0.041666666666666664 0.07586837294332724
0 0.12776360544217688 0.5617001828153565 0.0352891156462585 0.031992687385740404
0 0.12988945578231292 0.5591864716636198 0.036989795918367346 0.05530164533820841
0 0.08715986394557823 0.5079981718464351 0.03826530612244898 0.03244972577696526
3 0.04995748299319728 0.4732632541133455 0.01403061224489796 0.015996343692870202
3 0.22002551020408162 0.5763254113345521 0.010629251700680272 0.011882998171846435
0 0.24426020408163265 0.408363802559415 0.1296768707482993 0.0726691042047532
0 0.2383078231292517 0.28793418647166363 0.02423469387755102 0.03290676416819013
0 0.2593537414965986 0.2813071297989031 0.06717687074829932 0.052559414990859234
0 0.6269132653061225 0.6012340036563071 0.08460884353741496 0.06809872029250456
0 0.5727040816326531 0.6526508226691042 0.04421768707482993 0.04661791590493602
0 0.6135204081632653 0.7627970749542962 0.0858843537414966 0.056672760511883
3 0.5505952380952381 0.7794789762340036 0.05357142857142857 0.03610603290676417
0 0.5418792517006803 0.18875685557586838 0.03018707482993197 0.037477148080438755
0 0.5667517006802721 0.06855575868372943 0.1292517006802721 0.08775137111517367
3 0.5153061224489796 0.06261425959780621 0.023809523809523808 0.02010968921389397
3 0.5229591836734694 0.0792961608775137 0.0195578231292517 0.016910420475319928
3 0.43239795918367346 0.771709323583181 0.0858843537414966 0.05073126142595978
3 0.41369047619047616 0.8674588665447898 0.05272108843537415 0.037477148080438755
