0 0.2829636475662354 0.29464285714285715 0.021256931608133085 0.025793650793650792
3 0.2889710412815773 0.32123015873015875 0.04559457794208256 0.054365079365079366
0 0.3065311152187307 0.410515873015873 0.019716574245224893 0.026587301587301587
3 0.325939617991374 0.40595238095238095 0.019716574245224893 0.03650793650793651
3 0.32255083179297594 0.5863095238095238 0.0807147258163894 0.14722222222222223
0 0.3542821934688848 0.5769841269841269 0.031423290203327174 0.044444444444444446
0 0.34457794208256315 0.17976190476190476 0.015711645101663587 0.04047619047619048
0 0.37553912507701787 0.20218253968253969 0.014787430683918669 0.023412698412698413
0 0.30868761552680224 0.7783730158730159 0.030807147258163893 0.024206349206349207
0 0.32640172520024646 0.7402777777777778 0.028034504004929142 0.024206349206349207
