0 0.07003089598352215 0.8685457129322596 0.05046343975283213 0.04405495026054003
0 0.07312049433573635 0.5551871151113217 0.042224510813594233 0.03979156797726196
0 0.14958805355303811 0.7160113690194221 0.052008238928939236 0.04405495026054003
0 0.17816683831101957 0.7626717195641876 0.03192584963954686 0.03600189483657035
0 0.23764160659114314 0.7325911890099479 0.05303810504634397 0.04784462340123164
0 0.19052523171987643 0.6738512553292278 0.053553038105046344 0.058266224538133585
0 0.2924819773429454 0.7027475130270014 0.044284243048403706 0.05731880625296068
0 0.2698249227600412 0.6049265750828992 0.05973223480947477 0.05589767882520132
0 0.3429454170957775 0.5928469919469446 0.05252317198764161 0.037423022264329704
0 0.35118434603501547 0.5284225485551871 0.02368692070030896 0.028896257697773566
0 0.29505664263645726 0.5194220748460445 0.057672502574665295 0.041212695405021316
0 0.2911946446961895 0.4703931785883467 0.04685890834191555 0.037896731406916156
0 0.3486096807415036 0.3538607295120796 0.030895983522142123 0.01231643770724775
0 0.4652420185375901 0.5480814779725248 0.057157569515962924 0.05779251539554713
0 0.4096292481977343 0.4152060634770251 0.04891864057672503 0.028896257697773566
0 0.414778578784758 0.4523922311700616 0.03759011328527292 0.04452865940312648
0 0.40113285272914523 0.3192799621032686 0.044284243048403706 0.04168640454760777
0 0.4080844490216272 0.26693510184746566 0.04891864057672503 0.04026527711984841
0 0.476313079299691 0.3038844149692089 0.05149330587023687 0.039317858834675506
0 0.45623069001029865 0.19374703931785883 0.035015447991761074 0.04168640454760777
0 0.5077239958805355 0.22643297015632402 0.05973223480947477 0.04737091425864519
0 0.4474768280123584 0.11605873993368072 0.0411946446961895 0.03410705826622454
0 0.5381050463439753 0.07768829938417811 0.046343975283213185 0.031264803410705824
0 0.473480947476828 0.15371861676930365 0.022142121524201853 0.02226432970156324
0 0.5579299691040165 0.12742775935575557 0.038619979402677654 0.02179062055897679
0 0.6784243048403708 0.34793936522974894 0.0509783728115345 0.04216011369019422
0 0.8038105046343975 0.38204642349597345 0.04531410916580844 0.050686878256750355
0 0.32003089598352213 0.862624348649929 0.04479917610710608 0.03600189483657035
0 0.3995880535530381 0.8458076740881099 0.04840370751802266 0.052581714827096164
0 0.5175077239958805 0.7032212221695878 0.05458290422245108 0.03458076740881099
0 0.5563851699279093 0.7406442444339175 0.047888774459320285 0.02984367598294647
0 0.554582904222451 0.8022264329701563 0.03604531410916581 0.03268593083846518
0 0.5862512873326468 0.7906205589767883 0.040679711637487126 0.04831833254381809
0 0.7028836251287333 0.29512079583135953 0.044284243048403706 0.03221222169587873
4 0.6470133882595263 0.9121269540502132 0.03244078269824923 0.02794883941260066
0 0.6418640576725025 0.7486972998578872 0.03964984552008239 0.026054002842254856
0 0.678681771369722 0.8128848886783515 0.05870236869207003 0.05116058739933681
0 0.3573635427394439 0.8765987683562293 0.032955715756951595 0.02036949313121743
0 0.20288362512873326 0.7380388441496921 0.021627188465499485 0.01705352913311227
0 0.20133882595262617 0.7742775935575557 0.015447991761071062 0.013737565135007106
0 0.21652935118434605 0.7645665561345334 0.016992790937178166 0.015158692562766462
3 0.06488156539649846 0.5521080056845097 0.009268795056642637 0.01468498342018001
3 0.286302780638517 0.5175272382756987 0.009268795056642637 0.015632401705352912
3 0.35118434603501547 0.5620558976788252 0.03192584963954686 0.019422074846044527
3 0.3635427394438723 0.5075793462813832 0.03398558187435633 0.03268593083846518
3 0.4454170957775489 0.46589294173377543 0.015447991761071062 0.012790146849834202
0 0.35118434603501547 0.3822832780672667 0.03398558187435633 0.014211274277593557
3 0.35118434603501547 0.3972051160587399 0.024716786817713696 0.013737565135007106
3 0.39572605561277036 0.27333017527238274 0.013903192584963954 0.01231643770724775
3 0.47579814624098865 0.2783041212695405 0.008238928939237899 0.01468498342018001
3 0.477600411946447 0.2709616295594505 0.04479917610710608 0.026527711984841308
0 0.5082389289392379 0.15845570819516816 0.018537590113285273 0.023211747986736146
0 0.5790422245108136 0.1459024159166272 0.008753861997940269 0.020843202273803884
0 0.5829042224510813 0.07910942681193747 0.042224510813594233 0.03221222169587873
0 0.4786302780638517 0.10350544765513975 0.040679711637487126 0.035528185693983895
0 0.5499485066941298 0.2444339175746092 0.04531410916580844 0.045476077688299386
2 0.4935633367662204 0.17598294647086687 0.006694129763130793 0.010895310279488394
0 0.5911431513903193 0.18024632875414495 0.055612770339855816 0.060161061108479394
0 0.6279608650875386 0.22477498815727143 0.054067971163748715 0.050686878256750355
0 0.9523686920700309 0.4552344860255803 0.0345005149330587 0.03221222169587873
0 0.38388259526261587 0.35457129322595926 0.0345005149330587 0.02036949313121743
0 0.5787847579814624 0.8311226906679299 0.061791967044284246 0.03837044054950261
4 0.5677136972193615 0.9952629085741355 0.01184346035015448 0.008526764566556135
