0 0.26227858293075684 0.1324370709382151 0.03904991948470209 0.05663615560640732
0 0.28723832528180354 0.18335240274599543 0.03180354267310789 0.05892448512585812
0 0.2783816425120773 0.3612700228832952 0.03180354267310789 0.02574370709382151
0 0.23289049919484703 0.3621281464530893 0.026972624798711754 0.043478260869565216
2 0.25885668276972623 0.3601258581235698 0.005636070853462158 0.014302059496567507
2 0.15982286634460546 0.5978260869565217 0.010466988727858293 0.006864988558352402
2 0.15841384863123995 0.6207093821510298 0.009259259259259259 0.008009153318077803
2 0.19343800322061191 0.6124141876430206 0.010064412238325281 0.008581235697940504
2 0.19404186795491143 0.6195652173913043 0.008051529790660225 0.006864988558352402
0 0.3393719806763285 0.8910183066361556 0.05314009661835749 0.060068649885583525
0 0.18055555555555555 0.9359267734553776 0.022946859903381644 0.032036613272311214
0 0.07004830917874397 0.9364988558352403 0.036231884057971016 0.02288329519450801
0 0.07347020933977455 0.9161899313501144 0.04146537842190016 0.041762013729977114
4 0.0861513687600644 0.43249427917620137 0.020933977455716585 0.032036613272311214
0 0.213768115942029 0.36498855835240274 0.01610305958132045 0.019450800915331808
0 0.10305958132045089 0.6618993135011442 0.03542673107890499 0.02631578947368421
0 0.10527375201288244 0.6367276887871853 0.03985507246376811 0.02631578947368421
0 0.10809178743961352 0.6101258581235698 0.03743961352657005 0.033752860411899316
0 0.11352657004830918 0.575228832951945 0.03542673107890499 0.04290617848970252
0 0.249597423510467 0.4505148741418764 0.04186795491143317 0.06807780320366133
0 0.23007246376811594 0.4868421052631579 0.04066022544283414 0.04805491990846682
2 0.21235909822866345 0.4676773455377574 0.009259259259259259 0.013157894736842105
0 0.22282608695652173 0.3818649885583524 0.02938808373590982 0.02231121281464531
0 0.21598228663446054 0.39816933638443935 0.03743961352657005 0.03775743707093822
0 0.20189210950080516 0.43907322654462244 0.03663446054750403 0.04061784897025172
0 0.13063607085346216 0.5074370709382151 0.03663446054750403 0.05148741418764302
0 0.1676731078904992 0.7379862700228833 0.042270531400966184 0.19908466819221968
0 0.12822061191626408 0.4602402745995423 0.023752012882447666 0.031464530892448515
0 0.15438808373590981 0.47254004576659037 0.05756843800322061 0.06521739130434782
0 0.1859903381642512 0.45194508009153317 0.023349436392914653 0.03546910755148741
0 0.10326086956521739 0.7105263157894737 0.035024154589371984 0.038901601830663615
0 0.10406602254428342 0.7422768878718535 0.02938808373590982 0.03489702517162471
0 0.09057971014492754 0.8106407322654462 0.033011272141706925 0.05377574370709382
0 0.12962962962962962 0.9307780320366132 0.033011272141706925 0.041189931350114416
0 0.07568438003220612 0.9839816933638444 0.0322061191626409 0.02745995423340961
0 0.08152173913043478 0.8747139588100686 0.038244766505636074 0.03775743707093822
0 0.08816425120772947 0.8495423340961098 0.020128824476650563 0.02745995423340961
0 0.4285426731078905 0.46310068649885583 0.01892109500805153 0.03718535469107551
0 0.4915458937198068 0.4430778032036613 0.024154589371980676 0.04290617848970252
0 0.46980676328502413 0.43077803203661325 0.028985507246376812 0.04233409610983982
2 0.643719806763285 0.540903890160183 0.00966183574879227 0.012013729977116704
0 0.6459339774557166 0.45108695652173914 0.0213365539452496 0.04061784897025172
0 0.6282206119162641 0.48884439359267734 0.03260869565217391 0.044050343249427915
0 0.5980273752012882 0.5603546910755148 0.038244766505636074 0.05434782608695652
0 0.6256038647342995 0.6327231121281465 0.03462157809983897 0.05263157894736842
0 0.6040660225442834 0.6799199084668193 0.035829307568438 0.044050343249427915
0 0.5539452495974235 0.7680205949656751 0.030595813204508857 0.03832951945080092
0 0.5795088566827697 0.7294050343249427 0.042270531400966184 0.04919908466819222
0 0.5887681159420289 0.7056636155606407 0.02938808373590982 0.04633867276887872
0 0.5247584541062802 0.6987986270022883 0.022946859903381644 0.03032036613272311
0 0.5006038647342995 0.6581807780320366 0.030998389694041867 0.036041189931350116
0 0.49899355877616747 0.7342677345537757 0.04146537842190016 0.05205949656750572
0 0.49315619967793883 0.7634439359267735 0.03542673107890499 0.044050343249427915
0 0.49597423510466987 0.8020594965675057 0.026570048309178744 0.03775743707093822
0 0.49597423510466987 0.8378146453089245 0.026570048309178744 0.036041189931350116
0 0.4967793880837359 0.8689931350114416 0.013687600644122383 0.032036613272311214
0 0.5400563607085346 0.8269450800915332 0.03260869565217391 0.04519450800915332
0 0.5352254428341385 0.9387871853546911 0.030193236714975844 0.032036613272311214
0 0.5148953301127214 0.982837528604119 0.033816425120772944 0.034324942791762014
0 0.464573268921095 0.9648169336384439 0.04669887278582931 0.06464530892448513
0 0.4857085346215781 0.9193363844393593 0.038244766505636074 0.028604118993135013
0 0.48772141706924316 0.9001716247139588 0.035024154589371984 0.03032036613272311
3 0.7866344605475041 0.43392448512585813 0.01932367149758454 0.02574370709382151
3 0.8196457326892109 0.5280320366132724 0.008051529790660225 0.020594965675057208
3 0.8524557165861514 0.5357551487414187 0.020531400966183576 0.02116704805491991
2 0.8405797101449275 0.5820938215102975 0.010466988727858293 0.008581235697940504
3 0.8655394524959742 0.592391304347826 0.015297906602254429 0.02574370709382151
3 0.837157809983897 0.6372997711670481 0.016505636070853463 0.02631578947368421
1 0.8130032206119162 0.6976544622425629 0.010064412238325281 0.03260869565217391
0 0.5772946859903382 0.35354691075514877 0.018518518518518517 0.04233409610983982
0 0.585950080515298 0.38215102974828374 0.019726247987117553 0.02288329519450801
0 0.3603059581320451 0.6513157894736842 0.02576489533011272 0.12757437070938216
0 0.3476247987117552 0.8069221967963387 0.03341384863123994 0.12643020594965676
0 0.5316022544283414 0.9073226544622426 0.019726247987117553 0.041189931350114416
1 0.7463768115942029 0.9070366132723112 0.030595813204508857 0.010869565217391304
1 0.7411433172302737 0.9284897025171625 0.014492753623188406 0.012585812356979404
0 0.5684380032206119 0.6235697940503433 0.03462157809983897 0.04576659038901602
2 0.5742753623188406 0.6927917620137299 0.011674718196457327 0.014874141876430207
0 0.12640901771336555 0.9785469107551488 0.04589371980676329 0.03489702517162471
0 0.1710950080515298 0.9868421052631579 0.043478260869565216 0.02631578947368421
0 0.2669082125603865 0.41018306636155605 0.03140096618357488 0.04462242562929062
0 0.7753623188405797 0.7871853546910755 0.015297906602254429 0.032036613272311214
0 0.660426731078905 0.545766590389016 0.026167471819645734 0.04576659038901602
0 0.04589371980676329 0.9774027459954233 0.01610305958132045 0.02002288329519451
