0 0.043596730245231606 0.0831659300924066 0.053587647593097185 0.07231820008035356
0 0.058810172570390555 0.1591000401767778 0.03496821071752952 0.02249899558055444
0 0.07742960944595823 0.22599437525110486 0.055858310626702996 0.13941341904379267
0 0.10831062670299728 0.2282040980313379 0.016802906448683014 0.010445962233828847
0 0.08151680290644868 0.308155885897951 0.03860127157129882 0.02249899558055444
0 0.08991825613079019 0.32764162314182405 0.025431425976385105 0.020490156689433506
0 0.11421435059037238 0.340498192044998 0.04223433242506812 0.037364403374849336
0 0.15826521344232516 0.36500602651667335 0.030426884650317895 0.020490156689433506
0 0.1966394187102634 0.3961430293290478 0.03996366939146231 0.03294495781438329
0 0.19822888283378748 0.4206508638007232 0.024069028156221618 0.019284853354760947
0 0.20594913714804722 0.47991161108879066 0.020435967302452316 0.013258336681398152
0 0.1575840145322434 0.4674568099638409 0.027247956403269755 0.03656086781840096
0 0.11058128973660308 0.4554037766171153 0.05676657584014532 0.056649256729610284
0 0.12465940054495912 0.4100040176777822 0.035876475930971846 0.0325431900361591
0 0.1055858310626703 0.3852952993169948 0.04495912806539509 0.027320208919244676
0 0.07856494096276112 0.36741663318601847 0.03905540417801998 0.028525512253917237
0 0.1264759309718438 0.5805544395339494 0.039509536784741145 0.03455202892728003
0 0.10513169845594914 0.6281639212535155 0.04405086285195277 0.02932904781036561
0 0.09355131698455948 0.5012053033346726 0.035422343324250684 0.019686621132985135
0 0.09150772025431426 0.5158698272398554 0.01589464123524069 0.01446364001607071
0 0.06153496821071753 0.5942145439935718 0.08128973660308811 0.14704700683005223
0 0.025885558583106268 0.2364403374849337 0.03360581289736603 0.03816793893129771
0 0.03496821071752952 0.20028123744475693 0.03723887375113533 0.035757332261952594
0 0.01748410535876476 0.1693451185214946 0.0340599455040872 0.030132583366813983
0 0.0065849227974568575 0.13439132181599037 0.011353315168029064 0.019686621132985135
0 0.018165304268846504 0.4347127360385697 0.0326975476839237 0.03133788670148654
0 0.018392370572207085 0.5076335877862596 0.03496821071752952 0.0920048212133387
0 0.022706630336058128 0.5815588589795099 0.015440508628519528 0.02129369224588188
0 0.1721162579473206 0.7320208919244676 0.047229791099000905 0.04098031337886701
0 0.19618528610354224 0.7645640819606268 0.047229791099000905 0.040176777822418644
0 0.23024523160762944 0.7828445158698273 0.053587647593097185 0.046203294495781436
0 0.26248864668483196 0.7957010847730012 0.04087193460490463 0.047810365608678185
0 0.23955495004541327 0.8230212936922459 0.04041780199818347 0.046203294495781436
0 0.27452316076294275 0.8326637203696263 0.031335149863760216 0.03173965447971073
0 0.34536784741144416 0.8177983125753314 0.024977293369663943 0.02129369224588188
0 0.32107175295186197 0.8135797509039775 0.018165304268846504 0.0064282844515869825
0 0.2506811989100817 0.8611892326235436 0.03814713896457766 0.023704298915227
0 0.240236148955495 0.8774608276416231 0.025431425976385105 0.020891924467657693
0 0.25 0.8955403776617116 0.05676657584014532 0.026516673362796304
0 0.24000908265213441 0.9146243471273604 0.05131698455949137 0.019686621132985135
0 0.2320617620345141 0.9447569304941744 0.0326975476839237 0.034150261149055845
0 0.17938237965485923 0.9650462032944958 0.045413260672116255 0.06669345118521494
0 0.12942779291553133 0.954600241060667 0.03814713896457766 0.043390920048212135
0 0.1264759309718438 0.8802732020891925 0.037693006357856496 0.06187223784652471
0 0.18982742960944596 0.8593812776215347 0.025431425976385105 0.024106066693451184
0 0.17620345140781107 0.8121735636801929 0.03996366939146231 0.06227400562474889
0 0.11693914623069937 0.7850542386500603 0.03496821071752952 0.040176777822418644
0 0.14464123524069028 0.8031337886701486 0.013169845594913715 0.012053033346725592
0 0.12170753860127158 0.8079550020088389 0.013623978201634877 0.010445962233828847
0 0.10513169845594914 0.7474889513860988 0.026793823796548592 0.028525512253917237
0 0.03564940962761126 0.8989554037766171 0.0485921889191644 0.04057854560064283
0 0.025204359673024524 0.8654077942948976 0.049500454132606724 0.06187223784652471
0 0.04155313351498638 0.7999196464443552 0.024069028156221618 0.023302531137002813
0 0.01430517711171662 0.7764162314182402 0.026793823796548592 0.09120128565689031
1 0.19822888283378748 0.04760948171956609 0.01589464123524069 0.01245480112494978
1 0.19096276112624885 0.06247488951386099 0.01407811080835604 0.0044194455604660505
1 0.2016348773841962 0.10164724789071916 0.012715712988192553 0.008838891120932101
1 0.22025431425976386 0.11269586179188429 0.006357856494096276 0.01807955002008839
1 0.23751135331516804 0.12032944957814383 0.012715712988192553 0.01888308557653676
1 0.23819255222524977 0.20670952189634392 0.017711171662125342 0.010044194455604661
1 0.23365122615803816 0.21494576134993973 0.013169845594913715 0.01446364001607071
1 0.23455949137148047 0.2217758135797509 0.014986376021798364 0.010445962233828847
1 0.2341053587647593 0.22719967858577741 0.018619436875567667 0.006830052229811169
1 0.23228882833787465 0.23202089192446765 0.01952770208900999 0.005222981116914423
1 0.23637602179836512 0.23543591803937325 0.01407811080835604 0.004017677782241864
1 0.24069028156221617 0.2394535958216151 0.021798365122615803 0.004017677782241864
1 0.242960944595822 0.24568099638409 0.019981834695731154 0.005222981116914423
1 0.2475022706630336 0.24929690638810767 0.009990917347865577 0.0036159100040176776
1 0.25386012715712986 0.24969867416633185 0.014532243415077202 0.009240658899156288
1 0.25658492279745687 0.2549216552832463 0.012715712988192553 0.006830052229811169
1 0.25635785649409626 0.25833668139815186 0.006811989100817439 0.00562474889513861
1 0.2633969118982743 0.25612695861791884 0.009082652134423252 0.017276014463640015
1 0.27020890099909173 0.25672961028525515 0.008174386920980926 0.01446364001607071
1 0.2779291553133515 0.2661711530735235 0.022706630336058128 0.008437123342707915
1 0.2985921889191644 0.2846524708718361 0.01226158038147139 0.02129369224588188
1 0.30744777475022705 0.28565689031739655 0.012715712988192553 0.019284853354760947
1 0.3430971843778383 0.30032141422257935 0.007720254314259764 0.022900763358778626
1 0.3496821071752952 0.308155885897951 0.012715712988192553 0.02812374447569305
1 0.3583106267029973 0.37143431096826035 0.0036330608537693005 0.010847730012053034
1 0.3680744777475023 0.3722378465247087 0.011353315168029064 0.014865407794294898
1 0.37806539509536785 0.3867014865407794 0.01589464123524069 0.016472478907191643
1 0.38419618528610355 0.3877059059863399 0.021798365122615803 0.017677782241864202
1 0.39032697547683926 0.3915226998794697 0.017711171662125342 0.011651265568501407
1 0.39850136239782014 0.3957412615508236 0.01226158038147139 0.012053033346725592
0 0.34037238873751136 0.40920048212133386 0.009536784741144414 0.014865407794294898
1 0.3630790190735695 0.4700683005222981 0.01226158038147139 0.004821213338690237
1 0.36716621253405995 0.47810365608678185 0.00862851952770209 0.008035355564483728
1 0.3689827429609446 0.4817195660907995 0.01044504995458674 0.004017677782241864
1 0.37079927338782925 0.4857372438730414 0.01044504995458674 0.004017677782241864
1 0.37079927338782925 0.48875050220972277 0.01044504995458674 0.002812374447569305
1 0.3823796548592189 0.5196866211329851 0.009082652134423252 0.016472478907191643
1 0.4087193460490463 0.5351546805946163 0.015440508628519528 0.008838891120932101
1 0.4150772025431426 0.5468059461631177 0.022706630336058128 0.007231820008035355
1 0.420299727520436 0.5542386500602652 0.01407811080835604 0.008437123342707915
1 0.42370572207084467 0.5576536761751707 0.02633969118982743 0.01687424668541583
1 0.4284741144414169 0.5769385295299317 0.03678474114441417 0.015267175572519083
1 0.3580835603996367 0.6759742868621936 0.004087193460490463 0.016472478907191643
1 0.5131698455949137 0.6522699879469667 0.04087193460490463 0.016472478907191643
1 0.5149863760217984 0.6619124146243471 0.03451407811080836 0.01245480112494978
1 0.6278383287920073 0.6122940940136601 0.024069028156221618 0.02249899558055444
1 0.6357856494096276 0.6096826034552029 0.027247956403269755 0.030936118923262354
1 0.6416893732970027 0.6024507834471675 0.027247956403269755 0.02450783447167537
1 0.6673478655767484 0.5946163117717959 0.00862851952770209 0.023302531137002813
1 0.6762034514078111 0.5946163117717959 0.009990917347865577 0.02490960224989956
1 0.6852861035422343 0.5950180795500201 0.007266121707538601 0.02249899558055444
1 0.6905086285195277 0.5920048212133386 0.009536784741144414 0.019686621132985135
1 0.6927792915531336 0.5867818400964243 0.017711171662125342 0.028525512253917237
1 0.7034514078110808 0.5893933306548815 0.009082652134423252 0.02249899558055444
1 0.709355131698456 0.5934110084371234 0.014532243415077202 0.026516673362796304
1 0.7170753860127157 0.5895942145439935 0.015440508628519528 0.02450783447167537
1 0.7241144414168937 0.5875853756528726 0.016802906448683014 0.026114905584572117
1 0.7336512261580381 0.5813579750903978 0.017711171662125342 0.02249899558055444
3 0.6276112624886467 0.8220168742466855 0.014532243415077202 0.01446364001607071
3 0.6148955495004541 0.8423061470470068 0.01907356948228883 0.011651265568501407
3 0.5869663941871026 0.8517476898352752 0.018619436875567667 0.009642426677380474
3 0.5463215258855586 0.8619927681799919 0.015440508628519528 0.010044194455604661
