0 0.1252408477842004 0.8640140620006391 0.026424442609413706 0.031000319590923617
4 0.0763831544178365 0.782678171939917 0.014037985136251032 0.011505273250239693
2 0.14574731626754747 0.9817833173537871 0.015139003578309936 0.008309364014062001
0 0.1769887145609689 0.9427932246724193 0.026424442609413706 0.028124001278363696
0 0.19212771813927884 0.9327261105784596 0.019267822736030827 0.022690955576861616
0 0.2075419763281035 0.9568552253116012 0.032480044040737684 0.02940236497283477
0 0.21786402422240572 0.9431128155960371 0.02064409578860446 0.028763183125599234
4 0.23135150013762731 0.9499840204538191 0.010184420589044866 0.009907318632150847
4 0.2958987063033306 0.9193032917865133 0.008808147536471236 0.011824864173857462
4 0.37063033305807874 0.8386065835730265 0.009083402146985962 0.010866091403004154
4 0.7519955959262318 0.3400447427293065 0.00990916597853014 0.008948545861297539
9 0.6103770988164052 0.6470118248641739 0.10377098816405175 0.10386705017577501
9 0.7094687586017066 0.11489293704058805 0.06633636113404899 0.15180568871844038
