0 0.07030978071702054 0.9466304839439168 0.03132613992342499 0.03618272274988693
0 0.09589279498781761 0.9563545906829489 0.029585798816568046 0.02397105382180009
0 0.13418029933867037 0.9577114427860697 0.03237034458753916 0.036635006784260515
0 0.17298990602158024 0.9461781999095432 0.056387051862164986 0.051560379918588875
0 0.19909502262443438 0.8950701040253279 0.023668639053254437 0.04251469923111714
4 0.2516533240515141 0.7605156037991859 0.016011138183083886 0.0203527815468114
0 0.35572572224155935 0.6533242876526458 0.048033414549251655 0.0673903211216644
4 0.33414549251653325 0.5985979194934419 0.013922728854855551 0.017639077340569877
0 0.3771319178558998 0.6164631388511985 0.023320570831883047 0.02804161013116237
0 0.3856595892794988 0.6031207598371777 0.022276366167768884 0.028493894165535955
0 0.42429516185172295 0.5199004975124378 0.03480682213713888 0.050203527815468114
0 0.4343891402714932 0.5468113975576662 0.020884093282283328 0.02532790592492085
4 0.4596240863209189 0.47218453188602444 0.012878524190741385 0.015377657168701944
4 0.4408284023668639 0.3986883763003166 0.013574660633484163 0.017639077340569877
4 0.5278454577097111 0.4158751696065129 0.01148625130525583 0.016734509271822705
0 0.5473372781065089 0.383989145183175 0.030281935259310826 0.04975124378109453
0 0.5088757396449705 0.3405698778833107 0.025060911938739994 0.028946178199909543
0 0.5053950574312566 0.3550429669832655 0.013226592412112773 0.016282225237449117
0 0.5318482422554821 0.3480325644504749 0.01461886529759833 0.02125734961555857
0 0.5156630699617125 0.3123021257349616 0.03306648103028194 0.050203527815468114
0 0.6136442742777585 0.36612392582541836 0.01740341106856944 0.025780189959294438
0 0.6240863209189002 0.36996834011759383 0.015315001740341106 0.028946178199909543
0 0.6153846153846154 0.33649932157394846 0.03619909502262444 0.04794210764360018
0 0.5584754611903933 0.3489371325192221 0.03306648103028194 0.04748982360922659
0 0.5690915419422207 0.32338308457711445 0.01461886529759833 0.020805065581184983
0 0.5596936999651931 0.30551786521935775 0.02297250261051166 0.04296698326549073
0 0.5885833623390184 0.2973767526006332 0.03202227636616777 0.028493894165535955
0 0.6265227984684998 0.2510176390773406 0.03132613992342499 0.04341926729986431
0 0.6500174034110686 0.25237449118046135 0.02262443438914027 0.03980099502487562
4 0.6733379742429516 0.2399366802351877 0.01148625130525583 0.015829941203075532
4 0.49182039679777234 0.1250565355042967 0.012530455969369997 0.016734509271822705
0 0.6320918900104421 0.22704658525554047 0.025060911938739994 0.024423337856173677
0 0.4993038635572572 0.1759384893713252 0.02888966237382527 0.04613297150610583
0 0.5165332405151409 0.1558118498417006 0.032718412808910545 0.024875621890547265
0 0.5337626174730247 0.19493441881501583 0.03237034458753916 0.045228403437358664
4 0.535328924469196 0.08163726820443239 0.012530455969369997 0.016734509271822705
0 0.6467107553080403 0.04477611940298507 0.042464323007309436 0.04794210764360018
0 0.6489731987469544 0.08322026232473993 0.04211625478593804 0.04251469923111714
0 0.6689871214758093 0.07010402532790593 0.020884093282283328 0.03346901854364541
0 0.6681169509223808 0.04975124378109453 0.010790114862513052 0.016282225237449117
4 0.4711103376261747 0.10628674807779286 0.01775147928994083 0.018091361374943465
0 0.7366863905325444 0.33943916779737676 0.036547163243995824 0.05201266395296246
0 0.7258962756700313 0.36069651741293535 0.026801253045596937 0.028493894165535955
0 0.698746954403063 0.38760741745816374 0.021928297946397494 0.027137042062415198
0 0.6877828054298643 0.44640434192673 0.02854159415245388 0.04251469923111714
0 0.6956143404107205 0.48123021257349613 0.024016707274625827 0.027137042062415198
0 0.554124608423251 0.5710085933966531 0.03480682213713888 0.05472636815920398
