0 0.8592934564431955 0.8433026584867076 0.04536330790847049 0.04856850715746421
4 0.851063829787234 0.8131390593047034 0.010437575270975512 0.010736196319018405
3 0.5006021678040947 0.727760736196319 0.049779205138498595 0.05572597137014315
3 0.5018065034122843 0.6776584867075665 0.06262545162585308 0.06595092024539877
3 0.4889602569249297 0.629601226993865 0.06583701324769169 0.0679959100204499
3 0.4397832195905259 0.5861451942740287 0.01565636290646327 0.02607361963190184
3 0.46346848655158573 0.5741308793456033 0.013247691690084303 0.026584867075664622
3 0.45122440786832596 0.5610940695296524 0.03773584905660377 0.03425357873210634
3 0.40927338418305903 0.593558282208589 0.035728623042954634 0.07668711656441718
3 0.46346848655158573 0.5143149284253579 0.08711360899237254 0.06748466257668712
3 0.5094339622641509 0.5071574642126789 0.010437575270975512 0.018404907975460124
3 0.4381774387796066 0.4726482617586912 0.0806904857486953 0.07208588957055215
3 0.4181051786431152 0.4317484662576687 0.07747892412685668 0.0679959100204499
3 0.3916097952629466 0.39800613496932513 0.05820955439582497 0.0598159509202454
4 0.3926134082697712 0.5411554192229039 0.015254917703733441 0.01789366053169734
0 0.3229626655961461 0.3254089979550102 0.02609393817743878 0.04141104294478527
0 0.2834203131272581 0.24821063394683027 0.03211561621838619 0.05674846625766871
0 0.27498996386993174 0.17510224948875255 0.01846647932557206 0.028118609406952964
0 0.30148534725010034 0.1661554192229039 0.020875150541951024 0.04294478527607362
0 0.2681653954235247 0.1221881390593047 0.02007226013649137 0.02044989775051125
0 0.24829385788839822 0.0869120654396728 0.025291047771979124 0.05521472392638037
0 0.28261742272179846 0.019938650306748466 0.03853873946206343 0.03885480572597137
