0 0.4308695652173913 0.6301020408163265 0.11217391304347826 0.08090379008746355
0 0.6043478260869565 0.6763848396501457 0.08695652173913043 0.0641399416909621
0 0.5765217391304348 0.6075072886297376 0.07478260869565218 0.0706997084548105
0 0.5013043478260869 0.5747084548104956 0.08434782608695653 0.06341107871720117
0 0.43217391304347824 0.5287900874635568 0.10086956521739131 0.08673469387755102
0 0.5269565217391304 0.4996355685131195 0.09391304347826086 0.07798833819241982
0 0.5921739130434782 0.5258746355685131 0.08695652173913043 0.06924198250728864
0 0.6504347826086957 0.5470116618075802 0.10086956521739131 0.08381924198250729
0 0.7847826086956522 0.5386297376093294 0.07217391304347825 0.05393586005830904
0 0.6043478260869565 0.46355685131195334 0.11304347826086956 0.07142857142857142
0 0.45217391304347826 0.396865889212828 0.13043478260869565 0.08090379008746355
0 0.6391304347826087 0.3502186588921283 0.09043478260869565 0.05174927113702624
0 0.8734782608695653 0.5969387755102041 0.12434782608695652 0.10058309037900874
0 0.961304347826087 0.5451895043731778 0.07739130434782608 0.06268221574344024
0 0.5769565217391305 0.3680758017492711 0.06 0.052478134110787174
