0 0.6343250444049734 0.893455098934551 0.02797513321492007 0.03272450532724505
0 0.5763765541740675 0.892503805175038 0.037300177619893425 0.03995433789954338
0 0.5603907637655418 0.833904109589041 0.03108348134991119 0.03614916286149163
0 0.4646980461811723 0.9065829528158296 0.03063943161634103 0.014840182648401826
0 0.3718916518650089 0.9324581430745814 0.04396092362344583 0.025494672754946726
0 0.36434280639431615 0.870814307458143 0.038632326820603906 0.03462709284627093
0 0.3567939609236234 0.8529299847792998 0.018206039076376555 0.013318112633181126
0 0.5053285968028419 0.7673135464231354 0.03818827708703375 0.03995433789954338
0 0.5708259325044405 0.7817732115677322 0.02708703374777975 0.029299847792998476
0 0.5659413854351687 0.7553272450532724 0.013765541740674956 0.0258751902587519
0 0.4988898756660746 0.7414383561643836 0.03241563055062167 0.027016742770167426
0 0.4626998223801066 0.6702815829528158 0.04085257548845471 0.03538812785388128
0 0.4937833037300178 0.6773211567732116 0.03463587921847247 0.0365296803652968
0 0.43317051509769094 0.6354642313546424 0.02886323268206039 0.02511415525114155
0 0.5219804618117229 0.6177701674277016 0.044849023090586145 0.03462709284627093
0 0.5068827708703375 0.5538432267884322 0.040408525754884544 0.032343987823439876
0 0.6203374777975134 0.5310121765601218 0.041740674955595025 0.03462709284627093
0 0.6216696269982238 0.4929604261796043 0.023978685612788632 0.019406392694063926
0 0.5943605683836589 0.4971461187214612 0.019094138543516874 0.023972602739726026
0 0.6585257548845471 0.5781963470319634 0.055062166962699825 0.030060882800608826
0 0.6374333925399644 0.1613394216133942 0.03063943161634103 0.03120243531202435
0 0.6281083481349912 0.14535768645357686 0.019982238010657193 0.01445966514459665
0 0.616785079928952 0.189117199391172 0.012433392539964476 0.01141552511415525
0 0.5310834813499112 0.17598934550989345 0.03907637655417407 0.031582952815829526
0 0.5268650088809946 0.22317351598173515 0.038632326820603906 0.027777777777777776
0 0.5017761989342806 0.2304033485540335 0.019538188277087035 0.019406392694063926
0 0.5848134991119005 0.24581430745814306 0.03996447602131439 0.02359208523592085
0 0.4928952042628774 0.280441400304414 0.03641207815275311 0.02815829528158295
0 0.3783303730017762 0.1628614916286149 0.046181172291296625 0.0380517503805175
0 0.44960035523978686 0.05194063926940639 0.03152753108348135 0.030060882800608826
0 0.4176287744227353 0.03976407914764079 0.040408525754884544 0.027777777777777776
0 0.1603019538188277 0.435882800608828 0.04706927175843695 0.033866057838660577
0 0.27575488454706926 0.5039954337899544 0.04262877442273535 0.026255707762557076
0 0.30817051509769094 0.5711567732115678 0.06394316163410302 0.04794520547945205
3 0.31460923623445824 0.5213089802130898 0.019982238010657193 0.015220700152207
0 0.40452930728241565 0.778158295281583 0.03463587921847247 0.030441400304414
0 0.41007992895204265 0.801179604261796 0.02886323268206039 0.026255707762557076
0 0.3647868561278863 0.8007990867579908 0.02708703374777975 0.030060882800608826
0 0.34702486678507993 0.7840563165905632 0.013765541740674956 0.014840182648401826
0 0.45626110124333924 0.8479832572298326 0.019982238010657193 0.010273972602739725
0 0.05150976909413854 0.16685692541856925 0.03996447602131439 0.03614916286149163
0 0.2810834813499112 0.534627092846271 0.027531083481349913 0.03729071537290715
0 0.23001776198934282 0.6953957382039574 0.0452930728241563 0.04223744292237443
0 0.2682060390763766 0.7229832572298326 0.04262877442273535 0.04033485540334855
0 0.22269094138543516 0.738013698630137 0.04396092362344583 0.04147640791476408
0 0.31705150976909413 0.7695966514459666 0.03108348134991119 0.04071537290715373
0 0.4034191829484902 0.7414383561643836 0.02264653641207815 0.020167427701674276
