0 0.6651743638077285 0.6447721179624665 0.039114043355325166 0.0420017873100983
0 0.7422243166823751 0.7401697944593387 0.051837888784165884 0.05138516532618409
0 0.6875589066918002 0.7578194816800715 0.0527803958529689 0.049151027703306524
0 0.7299717247879359 0.8348972296693477 0.07445805843543826 0.06032171581769437
0 0.49104618284637136 0.3022788203753351 0.06786050895381715 0.03261840929401251
0 0.5070688030160226 0.2578194816800715 0.04995287464655985 0.04647006255585344
0 0.5407634307257304 0.28038427167113494 0.0353440150801131 0.03351206434316354
0 0.5127238454288408 0.23100983020554067 0.022620169651272386 0.024128686327077747
0 0.41022620169651275 0.21827524575513851 0.044769085768143264 0.030831099195710455
0 0.4300188501413761 0.23145665773011617 0.01932139491046183 0.017873100983020553
0 0.41470311027332707 0.12153708668453976 0.046182846371347785 0.035746201966041107
0 0.35532516493873706 0.07015192135835567 0.029217719132893498 0.03842716711349419
0 0.35391140433553253 0.03753351206434316 0.04147031102733271 0.040214477211796246
3 0.37229029217719134 0.05540661304736372 0.024505183788878417 0.0160857908847185
3 0.4924599434495759 0.23793565683646112 0.013195098963242224 0.012957998212689902
0 0.3180961357210179 0.32171581769436997 0.05466540999057493 0.04736371760500447
0 0.21701225259189444 0.22028596961572833 0.023091423185673893 0.03842716711349419
0 0.2846371347785108 0.12064343163538874 0.051837888784165884 0.03932082216264522
0 0.3060791705937794 0.08981233243967829 0.039114043355325166 0.040214477211796246
0 0.29241281809613573 0.04937444146559428 0.0589066918001885 0.054959785522788206
0 0.2582469368520264 0.16823056300268097 0.027332704995287466 0.0290437890974084
0 0.9436852026390198 0.8398123324396782 0.04853911404335533 0.04155495978552279
