0 0.973079561042524 0.06520591341077085 0.05384087791495199 0.06810982048574446
0 0.9518175582990398 0.19297782470960928 0.053155006858710566 0.0723336853220697
0 0.6210562414266118 0.4142027455121436 0.0541838134430727 0.08078141499472016
0 0.5829903978052127 0.3717001055966209 0.047325102880658436 0.07074973600844774
0 0.5546982167352538 0.3307814149947202 0.03463648834019204 0.06282998944033791
0 0.6008230452674898 0.5039598732840549 0.03223593964334705 0.06282998944033791
0 0.5440672153635117 0.5377507919746568 0.05109739368998628 0.06071805702217529
0 0.5312071330589849 0.5694297782470961 0.039780521262002745 0.0617740232312566
0 0.5001714677640604 0.5839493136219641 0.042866941015089165 0.06335797254487856
0 0.4758230452674897 0.6272439281942978 0.04355281207133059 0.06863780359028511
0 0.5691015089163237 0.6531151003167899 0.033950617283950615 0.06230200633579725
0 0.568758573388203 0.7085533262935586 0.04080932784636488 0.06546990496304118
0 0.485082304526749 0.7930306230200633 0.025034293552812073 0.04751847940865892
0 0.4670781893004115 0.7727032734952481 0.06584362139917696 0.0955649419218585
0 0.4206104252400549 0.7816789862724393 0.042866941015089165 0.06071805702217529
0 0.4053497942386831 0.8199577613516368 0.043209876543209874 0.0781414994720169
0 0.3737997256515775 0.824973600844773 0.04183813443072702 0.06810982048574446
0 0.2512002743484225 0.9223864836325237 0.042866941015089165 0.07286166842661035
0 0.3004115226337449 0.839493136219641 0.02880658436213992 0.04012671594508976
0 0.28858024691358025 0.8695881731784583 0.040123456790123455 0.07074973600844774
0 0.3201303155006859 0.7827349524815206 0.030521262002743483 0.06282998944033791
0 0.3216735253772291 0.704857444561774 0.038408779149519894 0.05385427666314678
0 0.23919753086419754 0.6098204857444561 0.04218106995884774 0.057022175290390706
0 0.3820301783264746 0.5842133051742344 0.04526748971193416 0.046990496304118265
0 0.032578875171467764 0.5842133051742344 0.053497942386831275 0.06282998944033791
0 0.0747599451303155 0.6238120380147836 0.051440329218107 0.06810982048574446
0 0.426440329218107 0.5570221752903907 0.049039780521262004 0.057022175290390706
0 0.4161522633744856 0.6348996832101372 0.05384087791495199 0.056494192185850056
0 0.4482167352537723 0.704857444561774 0.04458161865569273 0.04963041182682154
0 0.4130658436213992 0.7082893347412883 0.04698216735253772 0.05860612460401267
0 0.0257201646090535 0.07074973600844774 0.05075445816186557 0.07708553326293559
0 0.45164609053497945 0.6552270327349525 0.03155006858710562 0.03801478352692714
5 0.8088134430727023 0.10216473072861669 0.014746227709190672 0.013199577613516367
