3 0.030874499332443257 0.054987212276214836 0.027703604806408544 0.02710997442455243
3 0.011181575433911883 0.09258312020460358 0.0130173564753004 0.023529411764705882
0 0.36315086782376504 0.8046035805626598 0.03471295060080107 0.043989769820971865
0 0.28437917222963954 0.9263427109974425 0.017356475300400534 0.03887468030690537
0 0.2718624833110814 0.9363171355498722 0.02636849132176235 0.04757033248081841
0 0.2960614152202937 0.8411764705882353 0.018024032042723633 0.03631713554987212
0 0.31091455273698265 0.838618925831202 0.017690253671562083 0.03631713554987212
3 0.3477970627503338 0.8800511508951406 0.017356475300400534 0.032225063938618924
0 0.292890520694259 0.8854219948849105 0.02636849132176235 0.03273657289002557
3 0.38234312416555405 0.9132992327365729 0.012349799732977304 0.018925831202046037
4 0.6748998664886515 0.2895140664961637 0.012683578104138851 0.022506393861892585
0 0.8751668891855807 0.19232736572890025 0.044058744993324434 0.04296675191815857
4 0.991822429906542 0.1636828644501279 0.015020026702269693 0.030690537084398978
0 0.9122162883845126 0.3667519181585678 0.036715620827770364 0.04603580562659847
0 0.8731642189586115 0.3869565217391304 0.017356475300400534 0.03938618925831202
3 0.9397530040053405 0.3514066496163683 0.015020026702269693 0.019437340153452685
4 0.3803404539385848 0.9572890025575448 0.0130173564753004 0.018925831202046037
0 0.9008678237650201 0.17877237851662403 0.029372496662216287 0.034271099744245526
0 0.8599799732977303 0.2360613810741688 0.027703604806408544 0.046547314578005115
