8 0.21763019589106547 0.19358407079646017 0.10272336359292882 0.09402654867256637
3 0.4018155757286192 0.34513274336283184 0.019111323459149548 0.024336283185840708
3 0.5415671285236503 0.4444137168141593 0.022455805064500716 0.03152654867256637
8 0.6122790253225036 0.4964048672566372 0.11992355470616341 0.11006637168141593
8 0.6989966555183946 0.5558628318584071 0.07931199235547062 0.08628318584070796
8 0.47324414715719065 0.39021017699115046 0.1323459149546106 0.12444690265486726
3 0.6321070234113713 0.16426991150442477 0.016244624940277116 0.01327433628318584
3 0.6137123745819398 0.18611725663716813 0.01098901098901099 0.017146017699115043
8 0.6693741041567128 0.18722345132743362 0.09842331581462016 0.03152654867256637
8 0.5812231247013856 0.17948008849557523 0.056856187290969896 0.056969026548672565
3 0.1961299569995222 0.17533185840707965 0.019589106545628284 0.01991150442477876
