0 0.029627367135003056 0.5592149035262808 0.011606597434331093 0.012641383898868928
4 0.18356750152718387 0.8755821689953427 0.016493585827733658 0.017298735861610112
0 0.22052535125229078 0.9377910844976713 0.064752596212584 0.09248170326014638
0 0.30054978619425776 0.9011976047904192 0.06719609040928527 0.07651363938789088
3 0.3045204642638974 0.8493013972055888 0.032376298106292 0.024617431803060547
3 0.35888821014050093 0.8735861610113107 0.021380574221136223 0.03592814371257485
3 0.37171655467318265 0.9015302727877578 0.016493585827733658 0.025282767797737856
0 0.8555284056200366 0.4846972721224218 0.038485033598045205 0.0552228875582169
0 0.8845448992058644 0.43812375249500995 0.047648136835675016 0.06054557551563539
0 0.9135613927916921 0.3556220891550233 0.047037263286499695 0.06320691949434465
0 0.8472816127061699 0.27345309381237526 0.03909590714722053 0.05189620758483034
0 0.9016493585827734 0.20825016633399868 0.03420891875381796 0.05189620758483034
0 0.9321930360415394 0.14105123087159016 0.0500916310323763 0.06254158349966733
0 0.9520464263897374 0.10146373918829009 0.031154551007941355 0.03792415169660679
0 0.659132559560171 0.20592149035262808 0.04276114844227245 0.06054557551563539
0 0.6768478924862553 0.14504324683965403 0.05253512522907758 0.059880239520958084
0 0.6991447770311545 0.10545575515635396 0.042150274893097125 0.05389221556886228
0 0.7324373854612095 0.05089820359281437 0.05864386072083079 0.07119095143047238
0 0.7874160048869884 0.1413838988689288 0.05497861942577886 0.05788423153692615
0 0.7284667073915699 0.19427811044577512 0.03726328649969456 0.054557551563539586
0 0.6169822846670739 0.028276779773785763 0.04886988393402566 0.05123087159015303
