0 0.5837491090520314 0.6692680301399354 0.06272273699215966 0.04790096878363832
0 0.5563079116179616 0.6106027987082885 0.05060584461867427 0.039289558665231435
0 0.5310049893086244 0.5005382131324004 0.04989308624376337 0.03767491926803014
0 0.6222380612972203 0.4841227125941873 0.06699928724162509 0.04790096878363832
0 0.6924447612259444 0.7010226049515608 0.06343549536707056 0.04897739504843918
0 0.7530292230933714 0.7295479009687836 0.04632929436920884 0.051130247578040904
0 0.6578759800427655 0.7989773950484392 0.05844618674269423 0.05005382131324004
0 0.7918745545260156 0.864908503767492 0.047042052744119746 0.02691065662002153
0 0.6108339272986457 0.885091496232508 0.05987170349251604 0.042518837459634015
0 0.6414825374198146 0.9413347685683531 0.05844618674269423 0.03444564047362755
0 0.9119743406985032 0.9728202368137783 0.08624376336421953 0.04790096878363832
0 0.7573057733428368 0.9472551130247578 0.029223093371347115 0.03229278794402583
0 0.9803991446899502 0.6270182992465017 0.030648610121168925 0.05059203444564048
0 0.9689950106913756 0.48143164693218515 0.05773342836778332 0.039289558665231435
0 0.925160370634355 0.3277717976318622 0.03706343549536707 0.04090419806243272
0 0.5495367070563079 0.34795479009687835 0.06699928724162509 0.03498385360602799
0 0.3075552387740556 0.3065123789020452 0.07198859586600143 0.052206673842841764
0 0.2908054169636493 0.05247578040904198 0.07555238774055595 0.04682454251883746
0 0.5652173913043478 0.5863832077502691 0.0270848182466144 0.015608180839612486
2 0.5741268709907341 0.5939181916038752 0.012116892373485389 0.006996770721205597
2 0.29223093371347114 0.2782561894510226 0.05131860299358518 0.02045209903121636
0 0.9611546685673557 0.6076426264800862 0.039201710620099785 0.02583423035522067
0 0.9476122594440485 0.6480086114101185 0.043478260869565216 0.022604951560818085
0 0.9654312188168211 0.5277179763186222 0.039201710620099785 0.02099031216361679
0 0.9451176051318603 0.49596340150699675 0.021382751247327157 0.016684607104413347
0 0.3692088382038489 0.9397201291711518 0.06129722024233785 0.04305705059203445
4 0.7462580185317177 0.8156620021528526 0.03706343549536707 0.02744886975242196
2 0.4194583036350677 0.0756189451022605 0.0135424091233072 0.01022604951560818
