0 0.7862700228832952 0.03725332259363673 0.0540045766590389 0.048731373338703185
0 0.7533180778032037 0.0590012082158679 0.059496567505720827 0.04067660088602497
0 0.7306636155606407 0.05014095851792187 0.019679633867276888 0.014901329037454692
0 0.6853546910755148 0.0400724929520741 0.05080091533180778 0.03987112364075715
0 0.6489702517162471 0.06927104309303263 0.06224256292906179 0.04832863471606927
0 0.5988558352402746 0.0779299234796617 0.06636155606407322 0.045509464357631896
3 0.5624713958810069 0.0896093435360451 0.019221967963386728 0.02134514699959726
0 0.5711670480549199 0.1022956101490133 0.032951945080091534 0.030608135320177206
0 0.7091533180778032 0.08658880386629078 0.039816933638443935 0.031413612565445025
0 0.6592677345537757 0.11135722915827628 0.06453089244851258 0.042287555376560614
0 0.7441647597254004 0.11880789367700363 0.055835240274599546 0.045912202980265805
0 0.7679633867276888 0.09786548530004027 0.032951945080091534 0.028191703584373742
4 0.7578947368421053 0.15928312525171165 0.021052631578947368 0.017317760773258157
0 0.7235697940503433 0.1703584373741442 0.02379862700228833 0.019331453886427707
0 0.7082379862700229 0.14659685863874344 0.02334096109839817 0.024164317358034634
0 0.6876430205949656 0.15465163109142166 0.05354691075514874 0.04107933950865888
0 0.5846681922196796 0.21647200966572694 0.040732265446224256 0.04067660088602497
4 0.6130434782608696 0.20660491341119613 0.017848970251716247 0.017720499395892066
0 0.7661327231121281 0.20016109544905356 0.06132723112128147 0.05879983890455095
0 0.8068649885583524 0.2360048328634716 0.06498855835240275 0.04832863471606927
0 0.7993135011441648 0.2706403544099879 0.027917620137299773 0.020942408376963352
0 0.7780320366132724 0.26238421264599276 0.017391304347826087 0.022150624244865084
0 0.7553775743707094 0.2545308095046315 0.04805491990846682 0.04752315747080145
4 0.7251716247139588 0.2625855819573097 0.016018306636155607 0.016109544905356425
4 0.6922196796338673 0.24023358840112766 0.016933638443935927 0.014901329037454692
0 0.6585812356979405 0.47623842126459925 0.0540045766590389 0.04148207813129279
0 0.6897025171624714 0.4812726540475232 0.014645308924485127 0.015304067660088603
0 0.6608695652173913 0.5094643576318969 0.059496567505720827 0.041884816753926704
0 0.6910755148741419 0.5010068465565848 0.033867276887871854 0.03302456705598067
0 0.5267734553775744 0.24164317358034634 0.037528604118993135 0.04752315747080145
0 0.6075514874141876 0.26721707611759965 0.043478260869565216 0.042287555376560614
0 0.5448512585812357 0.2756745871929118 0.05263157894736842 0.03342730567861458
4 0.4077803203661327 0.2976238421264599 0.02379862700228833 0.02174788562223117
4 0.43478260869565216 0.31776077325815544 0.017391304347826087 0.016109544905356425
4 0.4215102974828375 0.3320579943616593 0.015560640732265447 0.014901329037454692
0 0.5977116704805492 0.31735803463552154 0.04576659038901602 0.04107933950865888
0 0.6146453089244851 0.33608538058799836 0.020137299771167048 0.02053966975432944
0 0.6338672768878718 0.3616592831252517 0.04759725400457666 0.045106725734997986
0 0.6867276887871854 0.3898509867096255 0.02608695652173913 0.031413612565445025
0 0.7736842105263158 0.3036649214659686 0.010526315789473684 0.012082158679017317
4 0.4283752860411899 0.5330245670559807 0.021052631578947368 0.017317760773258157
4 0.45652173913043476 0.5499395892066049 0.017848970251716247 0.014095851792186871
4 0.5157894736842106 0.5100684655658477 0.019221967963386728 0.014901329037454692
0 0.48878718535469107 0.5751107531212243 0.043020594965675056 0.02577527184857028
0 0.4652173913043478 0.5956504228755538 0.035240274599542334 0.041884816753926704
0 0.5096109839816934 0.6133709222714459 0.044393592677345536 0.04349577124446234
0 0.6949656750572082 0.6522351993556182 0.016933638443935927 0.014095851792186871
0 0.6359267734553776 0.662505034232783 0.039816933638443935 0.03946838501812324
0 0.6418764302059496 0.6379379782521144 0.032494279176201374 0.019331453886427707
0 0.6183066361556064 0.7376157873540072 0.04668192219679634 0.04470398711236408
0 0.6167048054919908 0.7645992750704793 0.020594965675057208 0.022956101490132903
0 0.631578947368421 0.7696335078534031 0.021967963386727688 0.02738622633910592
0 0.585812356979405 0.7037857430527588 0.041189931350114416 0.025372533225936366
0 0.5437070938215103 0.7130487313733387 0.030205949656750573 0.045509464357631896
0 0.5588100686498856 0.7271445831655255 0.021052631578947368 0.018928715263793798
0 0.5304347826086957 0.7801047120418848 0.039359267734553775 0.04349577124446234
0 0.5441647597254005 0.7490938380990737 0.038443935926773455 0.045912202980265805
4 0.5041189931350114 0.8068868304470399 0.015102974828375287 0.014901329037454692
4 0.488558352402746 0.716472009665727 0.040732265446224256 0.045912202980265805
4 0.4782608695652174 0.7422472815142972 0.029290617848970253 0.02738622633910592
4 0.47368421052631576 0.7541280708819976 0.014645308924485127 0.013290374546919049
4 0.5093821510297483 0.7482883608538059 0.018306636155606407 0.016109544905356425
4 0.3894736842105263 0.7935964559001208 0.018306636155606407 0.014901329037454692
4 0.4139588100686499 0.8580346355215465 0.016018306636155607 0.014901329037454692
0 0.3677345537757437 0.9001208215867902 0.04530892448512586 0.04349577124446234
0 0.38100686498855835 0.9238824003221909 0.02700228832951945 0.020942408376963352
0 0.24988558352402745 0.9724124043495771 0.018306636155606407 0.014901329037454692
0 0.3173913043478261 0.9760370519532823 0.029748283752860413 0.02778896496173983
0 0.30778032036613273 0.9877164720096657 0.028832951945080093 0.02134514699959726
4 0.6187643020594966 0.38703181635118805 0.012814645308924484 0.012082158679017317
4 0.5919908466819221 0.40455094643576317 0.020594965675057208 0.02053966975432944
4 0.9608695652173913 0.13954893274265 0.030663615560640733 0.022956101490132903
4 0.9908466819221968 0.11699556987515103 0.018306636155606407 0.022956101490132903
0 0.7128146453089245 0.8391059202577528 0.039816933638443935 0.04470398711236408
0 0.7258581235697941 0.8674989931534434 0.036613272311212815 0.024969794603302457
0 0.728604118993135 0.7823197744663714 0.02562929061784897 0.02617801047120419
0 0.7645308924485126 0.7605718888441402 0.033409610983981694 0.02698348771647201
0 0.7800915331807781 0.7400322190898108 0.04988558352402746 0.046314941602899715
6 0.08672768878718536 0.04490535642368103 0.06270022883295194 0.06161900926298832
0 0.8926773455377575 0.29581151832460734 0.06086956521739131 0.04470398711236408
0 0.8940503432494279 0.3316552557390254 0.033409610983981694 0.02617801047120419
4 0.8043478260869565 0.6796214256947242 0.015102974828375287 0.013290374546919049
5 0.48672768878718536 0.37535239629480466 0.017848970251716247 0.010471204188481676
2 0.6011441647597254 0.4599275070479259 0.014187643020594966 0.00724929520741039
