0 0.20583756345177665 0.9372791519434629 0.0583756345177665 0.07773851590106007
0 0.20710659898477157 0.8436395759717314 0.047715736040609136 0.09540636042402827
0 0.31395939086294417 0.6378091872791519 0.050253807106598984 0.09540636042402827
0 0.3565989847715736 0.558303886925795 0.0583756345177665 0.0812720848056537
0 0.417005076142132 0.6245583038869258 0.06446700507614213 0.07950530035335689
0 0.4883248730964467 0.4302120141342756 0.04365482233502538 0.09010600706713781
0 0.5540609137055837 0.5198763250883393 0.03705583756345178 0.06625441696113074
0 0.5918781725888325 0.49337455830388693 0.046700507614213196 0.07332155477031801
0 0.5263959390862945 0.4045936395759717 0.0416243654822335 0.07243816254416961
0 0.5685279187817259 0.392226148409894 0.046700507614213196 0.05830388692579505
5 0.18375634517766498 0.3197879858657244 0.018274111675126905 0.04770318021201413
5 0.4261421319796954 0.24425795053003532 0.014720812182741117 0.023851590106007067
0 0.8786802030456853 0.5786219081272085 0.05177664974619289 0.053003533568904596
0 0.8875634517766497 0.6307420494699647 0.04213197969543147 0.05123674911660778
0 0.951015228426396 0.6696113074204947 0.029949238578680204 0.05653710247349823
0 0.49720812182741114 0.5534452296819788 0.04213197969543147 0.07508833922261485
0 0.5182741116751269 0.49823321554770317 0.009137055837563452 0.0176678445229682
