0 0.2680895366996356 0.31262626262626264 0.04685059864653826 0.043434343434343436
0 0.30400832899531494 0.3234848484848485 0.04060385216033316 0.03787878787878788
0 0.26496616345653307 0.421969696969697 0.048932847475273294 0.03686868686868687
0 0.23347214992191567 0.4212121212121212 0.031754294638209266 0.03232323232323232
0 0.3649141072358147 0.46060606060606063 0.05830296720458095 0.049494949494949494
0 0.30999479437792815 0.4348484848484849 0.028630921395106715 0.030303030303030304
0 0.3245705361790734 0.4444444444444444 0.021343050494534097 0.023232323232323233
0 0.4234773555439875 0.4492424242424242 0.05153565851119209 0.0398989898989899
0 0.504424778761062 0.49292929292929294 0.05726184279021343 0.048484848484848485
0 0.5572618427902134 0.5111111111111111 0.05361790733992712 0.044444444444444446
0 0.46173867777199373 0.5595959595959596 0.052056220718375845 0.043434343434343436
0 0.44820406038521604 0.5184343434343435 0.05830296720458095 0.04494949494949495
0 0.5187402394586154 0.5755050505050505 0.0463300364393545 0.05303030303030303
0 0.5684539302446643 0.6356060606060606 0.04789172306090578 0.05303030303030303
0 0.700416449765747 0.6588383838383839 0.05465903175429464 0.03686868686868687
0 0.7652264445601249 0.6590909090909091 0.05309734513274336 0.043434343434343436
0 0.6887038001041125 0.6068181818181818 0.05309734513274336 0.04898989898989899
0 0.6733472149921915 0.6295454545454545 0.028630921395106715 0.021717171717171718
0 0.6327433628318584 0.5333333333333333 0.07444039562727746 0.05555555555555555
0 0.26913066111400313 0.553030303030303 0.052056220718375845 0.046464646464646465
0 0.28396668401874026 0.5391414141414141 0.055700156168662154 0.04191919191919192
0 0.5937011972930766 0.6373737373737374 0.025507548152004164 0.022222222222222223
0 0.6290994273815721 0.7313131313131314 0.05778240499739719 0.03636363636363636
0 0.670223841749089 0.7391414141414141 0.04945340968245705 0.03484848484848485
0 0.7300884955752213 0.8073232323232323 0.05778240499739719 0.03787878787878788
0 0.5744403956272774 0.8830808080808081 0.04112441436751692 0.03080808080808081
0 0.5866736074960958 0.9143939393939394 0.05413846954711088 0.04191919191919192
0 0.8058302967204581 0.8590909090909091 0.05726184279021343 0.03535353535353535
0 0.230609057782405 0.3484848484848485 0.018740239458615304 0.023232323232323233
0 0.6153045288912025 0.597979797979798 0.03331598125976054 0.028282828282828285
0 0.7935970848516398 0.829040404040404 0.06298802706923477 0.0297979797979798
0 0.7347735554398751 0.7792929292929293 0.07652264445601249 0.03535353535353535
