0 0.26717252396166136 0.5885167464114832 0.0439297124600639 0.07464114832535886
0 0.33426517571884984 0.3803827751196172 0.026357827476038338 0.06794258373205742
0 0.5515175718849841 0.15645933014354066 0.06309904153354633 0.05837320574162679
0 0.40175718849840253 0.41483253588516744 0.07507987220447285 0.1215311004784689
0 0.36421725239616615 0.5014354066985646 0.03514376996805112 0.05933014354066986
0 0.35982428115015974 0.5942583732057416 0.04233226837060703 0.0708133971291866
0 0.41773162939297126 0.6014354066985645 0.051118210862619806 0.07559808612440191
4 0.5395367412140575 0.7808612440191387 0.03274760383386582 0.04019138755980861
1 0.4053514376996805 0.6741626794258373 0.04552715654952077 0.07177033492822966
0 0.2679712460063898 0.5200956937799043 0.06150159744408946 0.07559808612440191
0 0.20327476038338657 0.5822966507177033 0.05351437699680511 0.09282296650717703
0 0.3546325878594249 0.6464114832535885 0.02875399361022364 0.03732057416267943
0 0.4033546325878594 0.7258373205741627 0.04472843450479233 0.044976076555023926
