2 0.5507900677200903 0.25116772823779193 0.009781790820165538 0.010615711252653927
2 0.6012039127163281 0.5475583864118896 0.004514672686230248 0.009766454352441613
4 0.43190368698269377 0.6095541401273885 0.013544018058690745 0.014861995753715499
0 0.43792325056433407 0.3089171974522293 0.0398796087283672 0.038641188959660296
0 0.4339729119638826 0.36857749469214435 0.023702031602708805 0.024628450106157114
0 0.4463882618510158 0.3855626326963907 0.02671181339352897 0.028874734607218684
2 0.25395033860045146 0.10955414012738854 0.009781790820165538 0.014437367303609342
2 0.6328066215199398 0.5940552016985138 0.007524454477050414 0.006794055201698514
0 0.6378856282919488 0.6566878980891719 0.0199398043641836 0.02929936305732484
0 0.6000752445447705 0.47664543524416136 0.028592927012791574 0.03524416135881104
0 0.3448081264108352 0.8764331210191083 0.028216704288939052 0.03481953290870488
0 0.35176824680210683 0.8953290870488323 0.021068472535741158 0.018259023354564755
0 0.3214823175319789 0.8439490445859873 0.03799849510910459 0.04543524416135881
0 0.09969902182091799 0.7866242038216561 0.010534236267870579 0.012314225053078557
1 0.8303235515425131 0.11443736730360934 0.019563581640331076 0.015711252653927813
1 0.6817155756207675 0.6768577494692144 0.010534236267870579 0.009341825902335456
