0 0.5912106135986733 0.35500194628260023 0.06384742951907131 0.06383806928766057
0 0.7131011608623549 0.2621642662514597 0.03399668325041459 0.04476449980537174
0 0.712893864013267 0.2360840794083301 0.033582089552238806 0.022187621642662515
0 0.724709784411277 0.29836512261580383 0.022388059701492536 0.020630595562475672
0 0.6963101160862355 0.36356558972362785 0.06592039800995025 0.07707279096924874
0 0.6961028192371476 0.39743090696769173 0.02902155887230514 0.021798365122615803
0 0.7278192371475953 0.4396652393927598 0.039386401326699835 0.04865706500583885
0 0.7131011608623549 0.48053717399766444 0.03648424543946932 0.041650447644998055
0 0.6374378109452736 0.48092643051771117 0.03275290215588723 0.03464383028415726
0 0.1419983416252073 0.7140910860256909 0.06343283582089553 0.055663682366679644
0 0.15008291873963517 0.6811989100817438 0.026533996683250415 0.017905799922148698
0 0.25787728026533996 0.6792526274815103 0.026533996683250415 0.03036200856364344
0 0.2725953565505804 0.7129233164655508 0.053482587064676616 0.05021409108602569
0 0.21724709784411278 0.747567146749708 0.05804311774461028 0.0541066562864928
0 0.49834162520729686 0.5254963020630595 0.04643449419568822 0.03814713896457766
0 0.42454394693200664 0.5303620085636435 0.04311774461028192 0.06267029972752043
0 0.45480928689883915 0.5507979758660958 0.03233830845771144 0.025690930323082912
0 0.46102819237147596 0.5297781237835734 0.02404643449419569 0.021019852082522383
0 0.43097014925373134 0.5831062670299727 0.042703150912106136 0.047489295445698715
0 0.46766169154228854 0.605683145192682 0.024875621890547265 0.01479174776177501
0 0.4342868988391376 0.6257298559750876 0.021144278606965175 0.02140910860256909
0 0.4577114427860697 0.6502530167380304 0.04892205638474295 0.053328143246399375
0 0.4730514096185738 0.6930712339431685 0.04643449419568822 0.04865706500583885
0 0.5130597014925373 0.7096146360451537 0.036898839137645106 0.03425457376411055
0 0.5814676616915423 0.7374464772284935 0.046849087893864015 0.05021409108602569
0 0.6121475953565506 0.7621642662514597 0.043532338308457715 0.03191903464383029
0 0.421849087893864 0.6942390035033087 0.050165837479270316 0.04009342156481121
0 0.35261194029850745 0.5883612300506034 0.046849087893864015 0.047100038925652
0 0.3650497512437811 0.6196963799143635 0.052653399668325045 0.04437524328532503
0 0.40941127694859036 0.6673803036200856 0.043532338308457715 0.035422343324250684
0 0.40070480928689883 0.6481121058777735 0.02943615257048093 0.021019852082522383
0 0.3747927031509121 0.553133514986376 0.03814262023217247 0.028804982483456597
0 0.3490878938640133 0.5198520825223822 0.03565505804311774 0.047878551965745426
0 0.2885572139303483 0.6339042428960685 0.03648424543946932 0.05488516932658622
0 0.2846185737976783 0.7407551576488907 0.02529021558872305 0.017127286882055275
