0 0.7438661710037174 0.83487725798981 0.05278810408921933 0.06067623899953682
3 0.5602230483271375 0.6917554423344141 0.02379182156133829 0.02732746641963872
0 0.6473977695167287 0.6885132005558129 0.056133828996282525 0.06530801296896711
0 0.5035315985130111 0.8198239925891616 0.05390334572490706 0.06299212598425197
0 0.43215613382899626 0.7651690597498843 0.04275092936802974 0.05187586845761927
0 0.6421933085501859 0.6445113478462251 0.03828996282527881 0.041222788327929596
0 0.6628252788104089 0.6496062992125984 0.0275092936802974 0.04029643353404354
0 0.5754646840148699 0.7371468272348309 0.02825278810408922 0.036591014358499305
0 0.5360594795539033 0.7248726262158407 0.04684014869888476 0.05002315886984715
0 0.6239776951672863 0.75382121352478 0.0620817843866171 0.04955998147290412
0 0.4217472118959108 0.18828161185734135 0.05687732342007435 0.04400185270958777
0 0.35111524163568775 0.1301528485409912 0.046468401486988845 0.07040296433534043
3 0.3479553903345725 0.09888837424733674 0.01412639405204461 0.01713756368689208
3 0.32843866171003716 0.12297359888837425 0.015985130111524165 0.01713756368689208
0 0.2899628252788104 0.13663733209819362 0.026765799256505577 0.03427512737378416
0 0.30966542750929366 0.13385826771653545 0.020817843866171002 0.025011579434923575
0 0.2678438661710037 0.1380268642890227 0.03382899628252788 0.03427512737378416
3 0.2483271375464684 0.13594256600277907 0.013382899628252789 0.025474756831866605
0 0.21152416356877324 0.1396479851783233 0.0275092936802974 0.041222788327929596
0 0.1936802973977695 0.1442797591477536 0.013382899628252789 0.019916628068550254
0 0.15520446096654275 0.15840666975451598 0.030855018587360596 0.025011579434923575
0 0.1104089219330855 0.15215377489578508 0.017100371747211896 0.020842982862436313
0 0.1821561338289963 0.05812876331635016 0.05427509293680297 0.05419175544233441
0 0.2903345724907063 0.07364520611394164 0.02973977695167286 0.04075961093098657
0 0.316728624535316 0.0729504400185271 0.03494423791821561 0.041222788327929596
0 0.24888475836431226 0.07874015748031496 0.020446096654275093 0.03427512737378416
0 0.2245353159851301 0.06461324687355258 0.03197026022304833 0.04678091709124595
