0 0.10368870895186684 0.9016736401673641 0.022042285200179937 0.051255230125523014
0 0.3776428250112461 0.34335774058577406 0.009446693657219974 0.018305439330543932
0 0.46356275303643724 0.24293933054393305 0.04183535762483131 0.05073221757322176
0 0.5425101214574899 0.17730125523012552 0.015294646873594242 0.016736401673640166
0 0.40823211875843457 0.24555439330543932 0.022941970310391364 0.0350418410041841
0 0.40260908681961316 0.21338912133891214 0.025191183085919926 0.036610878661087864
0 0.43094916779127307 0.18383891213389122 0.018893387314439947 0.03399581589958159
0 0.3490778227620333 0.24450836820083682 0.028789923526765633 0.03399581589958159
0 0.23931623931623933 0.22646443514644352 0.024291497975708502 0.036610878661087864
0 0.2584345479082321 0.2094665271966527 0.03013945119208277 0.038179916317991634
0 0.2901484480431849 0.18305439330543932 0.03148897885739991 0.029288702928870293
0 0.3202878992352677 0.18906903765690378 0.02699055330634278 0.026673640167364017
0 0.3531264057579847 0.19377615062761505 0.02699055330634278 0.03608786610878661
0 0.35447593342330186 0.16213389121338911 0.06477732793522267 0.0899581589958159
0 0.297795771479982 0.1372907949790795 0.024291497975708502 0.0350418410041841
0 0.24493927125506074 0.14670502092050208 0.03013945119208277 0.05177824267782427
0 0.247638326585695 0.18043933054393305 0.012145748987854251 0.011506276150627616
0 0.14822312190733244 0.15873430962343096 0.024741340530814216 0.03922594142259414
0 0.1560953666216824 0.19063807531380753 0.02249212775528565 0.028765690376569036
0 0.16059379217273953 0.02405857740585774 0.032388663967611336 0.03765690376569038
0 0.18893387314439947 0.04628661087866109 0.02249212775528565 0.04131799163179916
0 0.2249212775528565 0.08682008368200837 0.03148897885739991 0.04079497907949791
0 0.19995501574448943 0.09963389121338913 0.024741340530814216 0.03713389121338912
0 0.2611336032388664 0.08132845188284518 0.027440395861448492 0.040271966527196654
0 0.30409356725146197 0.09492677824267783 0.024291497975708502 0.038179916317991634
0 0.32860998650472334 0.08603556485355648 0.024741340530814216 0.040271966527196654
0 0.35177687809266756 0.10198744769874477 0.027890238416554206 0.03138075313807531
0 0.3661718398560504 0.08158995815899582 0.02249212775528565 0.030334728033472803
0 0.31196581196581197 0.05805439330543933 0.027440395861448492 0.0397489539748954
0 0.2807017543859649 0.04942468619246862 0.030589293747188485 0.038179916317991634
0 0.24066576698155645 0.016997907949790794 0.023391812865497075 0.03190376569037657
3 0.24943769680611785 0.036610878661087864 0.011246063877642825 0.01778242677824268
0 0.2921727395411606 0.03138075313807531 0.019343229869545658 0.02615062761506276
0 0.30364372469635625 0.01882845188284519 0.029689608636977057 0.03138075313807531
0 0.3389563652721547 0.05883891213389121 0.03553756185335133 0.04445606694560669
0 0.1938821412505623 0.02850418410041841 0.012595591542959963 0.010983263598326359
0 0.3857399910031489 0.16422594142259414 0.026540710751237068 0.03556485355648536
0 0.36932073774179036 0.1278765690376569 0.029689608636977057 0.03713389121338912
0 0.3922627080521817 0.11009414225941423 0.02699055330634278 0.038179916317991634
0 0.4064327485380117 0.15690376569037656 0.02834008097165992 0.04811715481171548
0 0.4617633828160144 0.10434100418410042 0.05623031938821413 0.047594142259414225
0 0.4750337381916329 0.07086820083682008 0.029689608636977057 0.03190376569037657
0 0.5299145299145299 0.06563807531380753 0.0449842555105713 0.03713389121338912
0 0.5240665766981556 0.1108786610878661 0.024291497975708502 0.03347280334728033
0 0.4619883040935672 0.15036610878661089 0.014394961763382817 0.022489539748953975
0 0.4307242465137202 0.1579497907949791 0.0103463787674314 0.014644351464435146
0 0.3861898335582546 0.06903765690376569 0.027440395861448492 0.0397489539748954
0 0.37606837606837606 0.026935146443514645 0.030589293747188485 0.045502092050209206
0 0.39991003148897886 0.05099372384937238 0.029689608636977057 0.03922594142259414
0 0.4550157444894287 0.012290794979079499 0.022941970310391364 0.023535564853556484
0 0.5715249662618084 0.09335774058577406 0.024741340530814216 0.03713389121338912
4 0.6536212325686009 0.04497907949790795 0.011695906432748537 0.013598326359832637
0 0.31871345029239767 0.013859832635983263 0.022941970310391364 0.026673640167364017
