4 0.2947864669994454 0.22910135841170323 0.018302828618968387 0.015151515151515152
0 0.3374930671103716 0.2774294670846395 0.064891846921797 0.07732497387669801
0 0.4118136439267887 0.2421630094043887 0.06821963394342762 0.061128526645768025
3 0.4669994453688297 0.2144723092998955 0.022185246810870772 0.029780564263322883
3 0.4123682750970605 0.19932079414838036 0.03161397670549085 0.02246603970741902
3 0.48141985579589575 0.23824451410658307 0.013311148086522463 0.024033437826541274
0 0.4168053244592346 0.4101358411703239 0.06045479755962285 0.06269592476489028
4 0.4633943427620632 0.41327063740856845 0.017193566278424846 0.014629049111807733
4 0.41430948419301167 0.4885057471264368 0.01552967276760954 0.014629049111807733
0 0.4980587909040488 0.388453500522466 0.03882418191902385 0.03918495297805643
0 0.4861342207432058 0.4537617554858934 0.043815862451469775 0.05172413793103448
0 0.4914032168607876 0.5148902821316614 0.04769828064337216 0.054858934169279
3 0.3946200776483638 0.5517241379310345 0.013865779256794232 0.022988505747126436
4 0.3757626178591237 0.5676593521421107 0.017193566278424846 0.01619644723092999
4 0.415973377703827 0.7082027168234065 0.01552967276760954 0.01619644723092999
0 0.435108153078203 0.569226750261233 0.03716028840820854 0.045454545454545456
0 0.43261231281198004 0.6300940438871473 0.03771491957848031 0.05642633228840126
0 0.45036051026067664 0.635841170323929 0.02107598447032723 0.01567398119122257
0 0.5130338325013866 0.6389759665621735 0.041042706600110924 0.06165099268547544
0 0.4669994453688297 0.6836468129571578 0.03882418191902385 0.04963427377220481
0 0.528840820854132 0.70141065830721 0.03716028840820854 0.05276907001044932
0 0.6810870770937326 0.7996342737722049 0.051026067665002776 0.03709508881922675
4 0.6242373821408763 0.8482236154649948 0.013865779256794232 0.013061650992685475
0 0.5574043261231281 0.8772204806687566 0.03105934553521908 0.024033437826541274
0 0.6067665002773156 0.8881922675026124 0.052135330005546314 0.06269592476489028
0 0.6916250693288963 0.9184952978056427 0.03549639489739324 0.05851619644723093
3 0.7384914032168608 0.5342215256008359 0.020521353300055462 0.02037617554858934
0 0.7121464226289518 0.5715778474399164 0.07210205213533001 0.05329153605015674
0 0.8141985579589573 0.61337513061651 0.04215196894065446 0.054336468129571575
0 0.7978369384359401 0.7100313479623824 0.029395452024403773 0.02612330198537095
4 0.8117027176927343 0.6977533960292581 0.017193566278424846 0.015151515151515152
0 0.7426511369938991 0.8001567398119123 0.08319467554076539 0.04963427377220481
0 0.8424847476428176 0.7646290491118077 0.048807542983915694 0.04754440961337513
0 0.8907376594564614 0.7936259143155695 0.06655574043261231 0.047021943573667714
0 0.9534109816971714 0.8181818181818182 0.057681641708264 0.047021943573667714
0 0.9204104270660011 0.882183908045977 0.06600110926234054 0.06530825496342738
0 0.7723239046034387 0.869644723092999 0.12257348863006101 0.10292580982236155
4 0.49057127010537993 0.8518808777429467 0.018302828618968387 0.017241379310344827
