1 0.1396859772604223 0.548926014319809 0.009745533297238766 0.020684168655529037
0 0.31050351922035735 0.9120922832140016 0.062263129399025445 0.061256961018297536
0 0.35246345425013537 0.8412887828162291 0.035733622089875475 0.05489260143198091
0 0.29805089334055224 0.8027048528241846 0.03952355170546833 0.049323786793953855
0 0.25013535462912834 0.8178202068416865 0.04006497022198159 0.060461416070007955
0 0.2374120194910666 0.7657120127287191 0.03519220357336221 0.046937151949085126
0 0.42122360584732 0.3918058870326173 0.02165674066053059 0.03420843277645187
0 0.44964807796426637 0.34844868735083534 0.03194369247428262 0.0477326968973747
0 0.4626421223605847 0.40692124105011934 0.025446670276123445 0.03420843277645187
5 0.6120736329182458 0.8989657915672236 0.1120736329182458 0.10660302307080351
0 0.6751488900920412 0.8090692124105012 0.04114780725500812 0.08591885441527446
0 0.7439090416892258 0.6833731105807478 0.04331348132106118 0.06841686555290374
0 0.6629669734704927 0.741447891805887 0.03302652950730915 0.05568814638027048
0 0.784244721169464 0.60381861575179 0.04710341093665403 0.06682577565632458
0 0.7677314564158094 0.48568019093078757 0.04223064428803465 0.06762132060461416
0 0.9239306984298863 0.4212410501193317 0.05360043313481321 0.09785202863961814
4 0.9236599891716297 0.7856006364359587 0.017325392528424473 0.026252983293556086
4 0.7996751488900921 0.5389817024661894 0.011911207363291824 0.016706443914081145
4 0.8484028153762859 0.5723945902943516 0.012994044396318355 0.01988862370723946
4 0.8559826746074716 0.6881463802704852 0.017325392528424473 0.020684168655529037
4 0.7956145100162425 0.8619729514717581 0.01570113697888468 0.023070803500397773
8 0.36735246345425016 0.3162291169451074 0.02977801840822956 0.050119331742243436
0 0.9574986464537087 0.7211614956245028 0.028695181375203032 0.050119331742243436
4 0.19680563075257174 0.718774860779634 0.01353546291283162 0.021479713603818614
0 0.17569030860855442 0.7354813046937152 0.03519220357336221 0.05171042163882259
