3 0.6815589353612167 0.8363163972286374 0.07110266159695817 0.06293302540415704
3 0.8136882129277566 0.8620092378752887 0.04714828897338403 0.04387990762124711
3 0.6722433460076046 0.9650692840646651 0.06768060836501902 0.04561200923787529
3 0.4543726235741445 0.2956120092378753 0.060836501901140684 0.06812933025404157
0 0.6711026615969582 0.24595842956120093 0.07984790874524715 0.2066974595842956
0 0.5393536121673004 0.6073903002309469 0.035361216730038024 0.09699769053117784
0 0.6783269961977186 0.7003464203233256 0.12623574144486693 0.09122401847575058
0 0.8667300380228137 0.6172055427251733 0.09315589353612168 0.08545034642032333
0 0.7306083650190114 0.46247113163972287 0.14486692015209127 0.11547344110854503
0 0.5176806083650191 0.3588337182448037 0.12813688212927757 0.08833718244803695
6 0.5623574144486692 0.2098729792147806 0.0714828897338403 0.05831408775981524
0 0.37927756653992395 0.07736720554272518 0.12357414448669202 0.13394919168591224
0 0.39866920152091256 0.5418591224018475 0.03155893536121673 0.075635103926097
0 0.11102661596958174 0.15069284064665128 0.049429657794676805 0.13048498845265588
0 0.8182509505703423 0.6908198614318707 0.05779467680608365 0.07678983833718245
3 0.3239543726235741 0.42869515011547343 0.01749049429657795 0.01674364896073903
0 0.36311787072243346 0.4754618937644342 0.0349809885931559 0.04676674364896074
0 0.4403041825095057 0.23556581986143188 0.10342205323193916 0.09468822170900693
0 0.21673003802281368 0.12066974595842957 0.057034220532319393 0.07736720554272518
0 0.8714828897338402 0.8403579676674365 0.08136882129277566 0.06293302540415704
0 0.7665399239543726 0.2061200923787529 0.028897338403041824 0.03810623556581986
0 0.8039923954372623 0.08689376443418013 0.02015209125475285 0.040993071593533485
3 0.4899239543726236 0.5779445727482679 0.011787072243346007 0.017321016166281754
