0 0.1684873949579832 0.2191470054446461 0.09327731092436975 0.1206896551724138
0 0.08361344537815125 0.426043557168784 0.16554621848739495 0.11524500907441017
0 0.38907563025210085 0.26088929219600726 0.1361344537815126 0.13157894736842105
0 0.4588235294117647 0.6987295825771325 0.1226890756302521 0.15245009074410162
0 0.8441176470588235 0.6923774954627949 0.07142857142857142 0.10526315789473684
0 0.3697478991596639 0.35163339382940106 0.1361344537815126 0.09891107078039928
0 0.06722689075630252 0.5231397459165155 0.06386554621848739 0.09709618874773139
0 0.11974789915966387 0.5689655172413793 0.073109243697479 0.047186932849364795
0 0.23907563025210085 0.191016333938294 0.07983193277310924 0.060798548094373864
0 0.5226890756302521 0.7722323049001815 0.0907563025210084 0.0852994555353902
0 0.028991596638655463 0.1601633393829401 0.05630252100840336 0.10980036297640654
