0 0.22098616957306072 0.5411919368974584 0.029464822609741433 0.04294478527607362
0 0.44588093806374024 0.4219982471516214 0.04990980156343957 0.05696757230499562
0 0.3364401683704149 0.7331288343558282 0.04028863499699339 0.07449605609114812
0 0.5607336139506915 0.5354951796669588 0.0619362597714973 0.04382120946538125
0 0.6007215874924835 0.5898334794040315 0.04810583283223091 0.06485539000876424
0 0.5892964521948286 0.4364592462751972 0.06013229104028864 0.0736196319018405
0 0.6449188214070956 0.4005258545135846 0.039085989176187615 0.06310254163014899
0 0.6584485868911606 0.4794040315512708 0.05532170775706555 0.07186678352322524
0 0.7140709561034275 0.4829097283085013 0.04269392663860493 0.04732690622261174
0 0.6542393265183404 0.6060473269062226 0.045700541190619365 0.07099035933391762
0 0.7498496692723993 0.567922874671341 0.04810583283223091 0.04732690622261174
0 0.7970535177390259 0.5508326029798423 0.039085989176187615 0.06748466257668712
0 0.6620565243535779 0.6836108676599474 0.045700541190619365 0.06836108676599474
0 0.7011425135297655 0.8067484662576687 0.05532170775706555 0.06573181419807186
0 0.7411304870715574 0.7239263803680982 0.05832832230907998 0.0876424189307625
0 0.7865303668069753 0.6279579316389132 0.05171377029464823 0.060473269062226116
0 0.7639807576668671 0.8746713409290097 0.04630186410102225 0.06660823838737949
0 0.8048707155742634 0.9202453987730062 0.05111244738424534 0.07537248028045573
0 0.37642814191220686 0.7169149868536372 0.03367408298256164 0.04732690622261174
0 0.34696331930246543 0.2432077125328659 0.052916416115454 0.060473269062226116
0 0.12597714972940469 0.5744960560911481 0.04028863499699339 0.058720420683610865
0 0.44678292242934453 0.6744084136722174 0.054119061936259774 0.09202453987730061
0 0.7817197835237523 0.731375985977213 0.028863499699338546 0.03593339176161262
0 0.7306073361395069 0.661262050832603 0.037282020444978956 0.07099035933391762
0 0.8457606734816596 0.9303242769500438 0.039085989176187615 0.058720420683610865
0 0.4326518340348767 0.4767747589833479 0.022248947684906796 0.03680981595092025
0 0.6831028262176789 0.5626643295354952 0.045700541190619365 0.06836108676599474
0 0.6981358989777511 0.6936897458369851 0.03367408298256164 0.05696757230499562
0 0.7994588093806374 0.9732690622261174 0.03187011425135298 0.03768624014022787
0 0.6948286229705352 0.3067484662576687 0.029464822609741433 0.042068361086765996
0 0.6488274203247144 0.32427695004382123 0.03367408298256164 0.06836108676599474
