0 0.2925140631761142 0.6473429951690821 0.10904370402423194 0.15845410628019324
0 0.515361315447858 0.5896135265700483 0.10644742535698831 0.050724637681159424
0 0.5815664214625703 0.8591787439613526 0.1367373431414972 0.13091787439613525
6 0.4041540458675898 0.7140096618357488 0.07356122890523582 0.051207729468599035
0 0.5437040242319342 0.7205314009661836 0.1224578104716573 0.06811594202898551
3 0.534400692340978 0.6608695652173913 0.06923409779316313 0.050241545893719805
0 0.8920380787537863 0.8642512077294686 0.07053223712678494 0.09855072463768116
3 0.707918649935093 0.5789855072463768 0.016443098225876245 0.016908212560386472
0 0.29749026395499784 0.529951690821256 0.04889658156642146 0.035748792270531404
0 0.2899177845088706 0.4543478260869565 0.14539160536564258 0.10386473429951691
0 0.1566421462570316 0.29879227053140095 0.08567719601903938 0.05748792270531401
3 0.22782345305062743 0.12246376811594203 0.05062743401125054 0.05748792270531401
3 0.3723496321938555 0.16859903381642513 0.08437905668541756 0.07439613526570048
3 0.3920380787537862 0.06497584541062802 0.06057983556901774 0.052657004830917876
0 0.35980095196884465 0.2797101449275362 0.1181306793595846 0.08695652173913043
0 0.4932929467762873 0.3864734299516908 0.057118130679359586 0.08405797101449275
0 0.6443098225876244 0.47004830917874396 0.0398096062310688 0.050241545893719805
0 0.7717438338381652 0.8669082125603865 0.06793595845954133 0.05652173913043478
0 0.19515361315447857 0.6579710144927536 0.04067503245348334 0.025120772946859903
0 0.20921678926871484 0.25821256038647344 0.04889658156642146 0.0536231884057971
0 0.6752488100389442 0.5318840579710145 0.04283859800951969 0.04154589371980676
0 0.063392470791865 0.8782608695652174 0.026395499783643445 0.01932367149758454
0 0.11726525313717005 0.8705314009661835 0.024231934227607096 0.018357487922705314
3 0.14517524881003893 0.8666666666666667 0.014279532669839896 0.015458937198067632
3 0.14820424058848983 0.8859903381642512 0.017741237559498052 0.017391304347826087
3 0.4781479878840329 0.6753623188405797 0.02077022933794894 0.028019323671497585
