0 0.9302549302549302 0.6109748620478235 0.05772005772005772 0.06069895769466585
4 0.9187109187109187 0.5754138565297363 0.013468013468013467 0.01655426118945432
0 0.6303511303511303 0.9659717964438994 0.046657046657046654 0.0668301655426119
3 0.48893698893698895 0.4739423666462293 0.06012506012506012 0.07234825260576333
3 0.48917748917748916 0.4083384426732066 0.07696007696007696 0.07847946045370938
3 0.4764309764309764 0.3513182096873084 0.07744107744107744 0.07970570202329859
3 0.42736892736892734 0.26609442060085836 0.047619047619047616 0.03923973022685469
3 0.41534391534391535 0.2958307786633967 0.021645021645021644 0.030042918454935622
3 0.44516594516594515 0.2814224402207235 0.014911014911014911 0.029429797670141016
3 0.37686387686387685 0.30410790925812387 0.04184704184704185 0.09687308399754752
4 0.3578643578643579 0.23942366646229307 0.01827801827801828 0.023911710606989576
3 0.44612794612794615 0.20876762722256284 0.1063011063011063 0.0815450643776824
3 0.5014430014430015 0.20079705702023298 0.012987012987012988 0.025137952176578784
3 0.4143819143819144 0.15603923973022685 0.0986050986050986 0.09012875536480687
3 0.3903318903318903 0.1088289393010423 0.09571909571909572 0.08767627222562845
3 0.3564213564213564 0.06652360515021459 0.06926406926406926 0.07418761496014716
