0 0.1832129963898917 0.9553072625698324 0.03790613718411552 0.041340782122905026
0 0.23826714801444043 0.8918994413407821 0.052948255114320095 0.0553072625698324
0 0.28730445246690733 0.8449720670391061 0.060770156438026475 0.04078212290502793
0 0.33935018050541516 0.8025139664804469 0.05776173285198556 0.049720670391061456
0 0.22713598074608904 0.7539106145251396 0.04271961492178099 0.03966480446927374
0 0.27617328519855594 0.8011173184357542 0.06016847172081829 0.05810055865921788
3 0.0743080625752106 0.5011173184357542 0.023465703971119134 0.026815642458100558
3 0.2602286401925391 0.38296089385474863 0.029482551143200964 0.024022346368715083
3 0.3871841155234657 0.35502793296089385 0.028279181708784597 0.027374301675977653
3 0.796028880866426 0.43575418994413406 0.030084235860409144 0.017877094972067038
3 0.8249097472924187 0.24581005586592178 0.044524669073405534 0.02011173184357542
0 0.8670276774969916 0.9421787709497207 0.03730445246690734 0.03519553072625698
0 0.20728038507821903 0.825977653631285 0.017448856799037304 0.015083798882681564
0 0.3898916967509025 0.6349162011173184 0.01684717208182912 0.019553072625698324
