0 0.386986301369863 0.7757410296411856 0.026027397260273973 0.046021840873634944
0 0.35570776255707764 0.8209828393135725 0.042922374429223746 0.06474258970358815
0 0.30182648401826484 0.8346333853354134 0.021917808219178082 0.054602184087363496
0 0.3365296803652968 0.8420436817472698 0.02009132420091324 0.041341653666146644
4 0.45365296803652966 0.6891575663026521 0.01872146118721461 0.033541341653666144
0 0.5242009132420091 0.9313572542901716 0.034703196347031964 0.0483619344773791
4 0.6027397260273972 0.8057722308892356 0.011872146118721462 0.0234009360374415
0 0.49246575342465754 0.6181747269890796 0.031506849315068496 0.07098283931357255
0 0.5257990867579909 0.5900936037441498 0.03333333333333333 0.05226209048361934
0 0.5618721461187215 0.6368954758190327 0.026027397260273973 0.038221528861154444
0 0.5721461187214611 0.7262090483619345 0.025570776255707764 0.0499219968798752
0 0.5920091324200913 0.6883775351014041 0.031506849315068496 0.046021840873634944
0 0.8004566210045662 0.5826833073322933 0.026484018264840183 0.0405616224648986
0 0.5997716894977169 0.6548361934477379 0.03333333333333333 0.042901716068642744
0 0.6349315068493151 0.6314352574102964 0.027853881278538814 0.05694227769110764
0 0.5536529680365296 0.5561622464898596 0.019634703196347032 0.0499219968798752
0 0.5289954337899543 0.5386115444617785 0.041552511415525115 0.05850234009360374
0 0.6109589041095891 0.48049921996879874 0.030136986301369864 0.059282371294851796
0 0.6082191780821918 0.2535101404056162 0.021917808219178082 0.0187207488299532
0 0.8091324200913242 0.42745709828393136 0.03561643835616438 0.06396255850234009
4 0.7438356164383562 0.46801872074882994 0.01004566210045662 0.015600624024960999
4 0.7641552511415525 0.3221528861154446 0.007762557077625571 0.015600624024960999
0 0.8867579908675799 0.4828393135725429 0.031050228310502283 0.0436817472698908
3 0.852054794520548 0.3459438377535101 0.0036529680365296802 0.02106084243369735
3 0.8842465753424658 0.39313572542901715 0.012328767123287671 0.0218408736349454
4 0.6155251141552511 0.8085023400936038 0.011872146118721462 0.02574102964118565
4 0.6100456621004566 0.8334633385335414 0.015525114155251141 0.01950078003120125
0 0.6381278538812786 0.4765990639625585 0.030593607305936073 0.0717628705148206
0 0.5458904109589041 0.6072542901716068 0.015068493150684932 0.02418096723868955
0 0.6589041095890411 0.45709828393135726 0.011872146118721462 0.031201248049921998
