6 0.9373922042083477 0.7517102615694164 0.10175922731976543 0.12072434607645875
6 0.13763366678164884 0.9177062374245473 0.08347706105553639 0.0647887323943662
0 0.07330113832355985 0.924748490945674 0.03001034839599862 0.060362173038229376
3 0.7004139358399448 0.7963782696177062 0.03001034839599862 0.02414486921529175
3 0.7286995515695067 0.8595573440643863 0.03690927906174543 0.035412474849094565
0 0.7914798206278026 0.5571428571428572 0.03139013452914798 0.02857142857142857
0 0.8601241807519835 0.6430583501006036 0.027940669196274578 0.06438631790744467
0 0.9084166954122112 0.6623742454728371 0.029320455329423938 0.06599597585513078
9 0.13935839944808553 0.5668008048289739 0.22490513970334597 0.27323943661971833
9 0.6348740945153502 0.8241448692152917 0.06864436012418075 0.08048289738430583
6 0.10952052431873059 0.4913480885311871 0.014142807864780959 0.020925553319919517
9 0.5262159365298379 0.25935613682092556 0.13970334598137288 0.13883299798792756
0 0.10848568471886857 0.9849094567404426 0.016902380131079683 0.014084507042253521
0 0.1367713004484305 0.9740442655935614 0.014142807864780959 0.01488933601609658
5 0.5343221800620904 0.5511066398390342 0.026905829596412557 0.018108651911468814
6 0.5498447740600207 0.19557344064386317 0.03656433252845809 0.045875251509054325
6 0.21973094170403587 0.6529175050301811 0.028285615729561918 0.03501006036217304
6 0.11486719558468438 0.5277665995975855 0.013107968264918937 0.014084507042253521
6 0.16091755777854433 0.6108651911468813 0.04725767506036564 0.03299798792756539
6 0.6942048982407727 0.8822937625754527 0.026560883063125217 0.022937625754527163
