3 0.051290760869565216 0.3858038513210927 0.012228260869565218 0.02283922973578146
3 0.04110054347826087 0.5286609941782355 0.010869565217391304 0.017465293327362293
3 0.04076086956521739 0.6148678907299597 0.012907608695652174 0.029556650246305417
1 0.04585597826086957 0.5931482310792655 0.017663043478260868 0.014778325123152709
3 0.02751358695652174 0.6580832960143305 0.012228260869565218 0.018360949395432154
3 0.9911684782608695 0.07881773399014778 0.01358695652173913 0.021495745633676667
3 0.9870923913043478 0.15897895208240037 0.016304347826086956 0.013434841021047918
3 0.9697690217391305 0.11845051500223915 0.012228260869565218 0.02104791759964174
2 0.9921875 0.1200179131213614 0.009510869565217392 0.007165248544558889
3 0.059103260869565216 0.054187192118226604 0.012228260869565218 0.019704433497536946
3 0.059442934782608696 0.17577250335871025 0.010869565217391304 0.01567398119122257
3 0.05927309782608696 0.2595163457232423 0.00985054347826087 0.017465293327362293
