0 0.24383116883116884 0.4668486739469579 0.06818181818181818 0.06630265210608424
0 0.41233766233766234 0.4964898595943838 0.07922077922077922 0.08658346333853355
0 0.5107142857142857 0.484009360374415 0.06428571428571428 0.13026521060842433
4 0.2876623376623377 0.6470358814352574 0.025974025974025976 0.030421216848673948
4 0.31103896103896106 0.5436817472698908 0.02987012987012987 0.029641185647425898
4 0.5623376623376624 0.6271450858034321 0.025974025974025976 0.031201248049921998
4 0.525 0.36037441497659906 0.024025974025974027 0.031201248049921998
4 0.1737012987012987 0.35179407176287053 0.026623376623376622 0.0327613104524181
0 0.2775974025974026 0.5101404056162246 0.03571428571428571 0.0249609984399376
0 0.40584415584415584 0.6758970358814352 0.02857142857142857 0.042901716068642744
0 0.3525974025974026 0.8077223088923557 0.032467532467532464 0.06162246489859594
4 0.5334415584415585 0.5971138845553822 0.03831168831168831 0.030421216848673948
