0 0.11714181286549707 0.95656836461126 0.028143274853801168 0.05040214477211796
0 0.10635964912280702 0.9841823056300268 0.02266081871345029 0.026273458445040216
0 0.1248172514619883 0.8353887399463807 0.03252923976608187 0.05040214477211796
0 0.13139619883040934 0.8747989276139411 0.0222953216374269 0.03806970509383378
0 0.09265350877192982 0.814745308310992 0.017909356725146198 0.03163538873994638
0 0.08351608187134503 0.7900804289544235 0.034722222222222224 0.05522788203753351
0 0.03508771929824561 0.7959785522788204 0.03070175438596491 0.043431635388739946
0 0.06158625730994152 0.8160857908847186 0.03837719298245614 0.04289544235924933
0 0.07182017543859649 0.8410187667560322 0.023026315789473683 0.03485254691689008
4 0.10489766081871345 0.7967828418230563 0.010964912280701754 0.010723860589812333
4 0.12152777777777778 0.989544235924933 0.009137426900584795 0.011260053619302948
0 0.9612573099415205 0.17882037533512066 0.031432748538011694 0.026273458445040216
0 0.964546783625731 0.20455764075067023 0.03070175438596491 0.03163538873994638
0 0.9908625730994152 0.22091152815013404 0.017543859649122806 0.028954423592493297
0 0.7046783625730995 0.1769436997319035 0.03216374269005848 0.03967828418230563
0 0.7222222222222222 0.1485254691689008 0.021198830409356724 0.0193029490616622
0 0.7203947368421053 0.13404825737265416 0.01608187134502924 0.017158176943699734
0 0.7092470760233918 0.0836461126005362 0.01425438596491228 0.03324396782841823
0 0.6862207602339181 0.09115281501340483 0.039108187134502925 0.03431635388739947
0 0.6816520467836257 0.07158176943699732 0.04093567251461988 0.02091152815013405
0 0.5182748538011696 0.04075067024128686 0.029239766081871343 0.0353887399463807
0 0.5 0.04423592493297587 0.012426900584795321 0.02091152815013405
0 0.5367324561403509 0.025737265415549597 0.013523391812865496 0.0193029490616622
6 0.23702485380116958 0.2193029490616622 0.027412280701754384 0.054691689008042894
0 0.478983918128655 0.06246648793565684 0.011330409356725146 0.023056300268096516
