0 0.1965497737556561 0.3236196319018405 0.035633484162895926 0.046012269938650305
0 0.25 0.3684049079754601 0.020361990950226245 0.030061349693251534
0 0.24434389140271492 0.4003067484662577 0.04524886877828054 0.03987730061349693
0 0.3020361990950226 0.37300613496932516 0.027149321266968326 0.023312883435582823
0 0.30854072398190047 0.39969325153374236 0.05260180995475113 0.03987730061349693
0 0.2664027149321267 0.4392638036809816 0.05542986425339366 0.03803680981595092
0 0.2123868778280543 0.4941717791411043 0.051470588235294115 0.05950920245398773
0 0.1589366515837104 0.5570552147239264 0.04638009049773756 0.03680981595092025
0 0.1996606334841629 0.6395705521472392 0.016968325791855202 0.02883435582822086
0 0.10180995475113122 0.600920245398773 0.03167420814479638 0.025153374233128835
0 0.10633484162895927 0.6294478527607362 0.04072398190045249 0.044171779141104296
0 0.10916289592760181 0.6950920245398773 0.04072398190045249 0.04171779141104295
3 0.17307692307692307 0.40337423312883436 0.01583710407239819 0.012883435582822086
0 0.22313348416289594 0.33159509202453985 0.03223981900452489 0.020245398773006136
0 0.8308823529411765 0.5803680981595092 0.03959276018099547 0.03558282208588957
0 0.919683257918552 0.943558282208589 0.03959276018099547 0.03558282208588957
0 0.8600113122171946 0.939877300613497 0.04355203619909502 0.029447852760736196
0 0.8840497737556561 0.9144171779141105 0.021493212669683258 0.01901840490797546
0 0.8832013574660633 0.9429447852760736 0.031108597285067874 0.02822085889570552
0 0.3501131221719457 0.19417177914110428 0.014705882352941176 0.015337423312883436
