0 0.27094594594594595 0.4415529010238908 0.1 0.0810580204778157
0 0.32837837837837835 0.35580204778157 0.05 0.06996587030716724
0 0.4185810810810811 0.4044368600682594 0.046621621621621624 0.04436860068259386
0 0.591554054054054 0.5541808873720137 0.06689189189189189 0.06569965870307168
0 0.6858108108108109 0.4991467576791809 0.09594594594594595 0.09044368600682594
0 0.5209459459459459 0.2060580204778157 0.05405405405405406 0.0674061433447099
0 0.5736486486486486 0.27687713310580203 0.07297297297297298 0.08959044368600683
0 0.5148648648648648 0.35921501706484643 0.062162162162162166 0.09726962457337884
0 0.5638513513513513 0.3677474402730375 0.06824324324324324 0.06996587030716724
0 0.5682432432432433 0.4513651877133106 0.07837837837837838 0.09897610921501707
0 0.6189189189189189 0.40571672354948807 0.06756756756756757 0.11006825938566553
0 0.6162162162162163 0.3024744027303754 0.05810810810810811 0.07593856655290103
0 0.6601351351351351 0.22909556313993173 0.0891891891891892 0.08959044368600683
0 0.6827702702702703 0.3412969283276451 0.0804054054054054 0.11774744027303755
0 0.5601351351351351 0.5767918088737202 0.07297297297297298 0.09726962457337884
0 0.3716216216216216 0.36860068259385664 0.043243243243243246 0.052901023890784986
0 0.5722972972972973 0.18984641638225255 0.03648648648648649 0.043515358361774746
0 0.6847972972972973 0.16296928327645052 0.012837837837837839 0.017064846416382253
