0 0.9234499480429511 0.03873063468265867 0.03948735711811569 0.06946526736631684
0 0.9438863872532041 0.15667166416791603 0.04364392102528576 0.06046976511744128
0 0.974021475580187 0.17916041979010494 0.03325251125736058 0.03948025987006497
0 0.9703844821614133 0.29110444777611194 0.048839625909248355 0.06846576711644178
0 0.9470038101835816 0.3008495752123938 0.026324904745410462 0.04897551224387806
0 0.873051610668514 0.2566216891554223 0.04329754069968826 0.06146926536731634
3 0.8441288534811223 0.2971014492753623 0.030481468652580532 0.03948025987006497
0 0.8051610668514029 0.45652173913043476 0.04121925874610322 0.08245877061469266
0 0.714582611707655 0.436031984007996 0.04780048493245584 0.08245877061469266
0 0.732074818150329 0.30934532733633185 0.04052649809490821 0.04297851074462768
0 0.6511950121233114 0.4302848575712144 0.04225839972289574 0.041979010494752625
0 0.6882577069622445 0.3373313343328336 0.051264288188430894 0.06096951524237881
0 0.657776238309664 0.3390804597701149 0.019397298233460338 0.04247876061969016
0 0.6655697956356079 0.46601699150424786 0.02805680637339799 0.02348825587206397
0 0.6892968479390371 0.4662668665667166 0.027017665396605474 0.03298350824587706
0 0.6203671631451334 0.48825587206396803 0.046414963630065816 0.0559720139930035
0 0.5952545895393142 0.3428285857071464 0.05022514721163838 0.051974012993503245
0 0.7076550051957049 0.670664667666167 0.0457222029788708 0.05297351324337831
0 0.7684447523380672 0.7956021989005497 0.04329754069968826 0.06996501749125437
0 0.5166262556286803 0.679160419790105 0.027364045722202978 0.03298350824587706
0 0.5405264980949082 0.6906546726636682 0.02805680637339799 0.026986506746626688
0 0.5181849670938691 0.7328835582208896 0.040872878420505715 0.05747126436781609
0 0.5270176653966054 0.7648675662168916 0.014201593349497749 0.022488755622188907
0 0.5486664357464496 0.7688655672163918 0.036716314513335645 0.04847576211894053
0 0.5169726359542778 0.8235882058970515 0.048839625909248355 0.063968015992004
0 0.49428472462764117 0.8645677161419291 0.027017665396605474 0.03398300849575212
0 0.5464149636300658 0.8895552223888056 0.0398337374437132 0.07096451774112944
0 0.5143747835122965 0.9022988505747126 0.04433668167648078 0.05547226386806597
0 0.5019050917907862 0.9485257371314343 0.02216834083824039 0.04097951024487756
0 0.530135088326983 0.9407796101949025 0.020436439210252857 0.04047976011994003
0 0.5659854520263249 0.9272863568215892 0.034638032559750606 0.046476761619190406
0 0.5626948389331486 0.9662668665667167 0.03221337028056807 0.037481259370314844
0 0.548320055420852 0.9782608695652174 0.03255975060616557 0.043478260869565216
0 0.5536889504676135 0.5737131434282858 0.04329754069968826 0.044977511244377814
0 0.5891929338413578 0.5712143928035982 0.036716314513335645 0.04397801099450275
0 0.6330100450294424 0.567216391804098 0.060616556979563564 0.04597701149425287
0 0.6366470384482161 0.5304847576211894 0.01593349497748528 0.033483258370814596
0 0.5611361274679598 0.5249875062468765 0.03186698995497056 0.03648175912043978
0 0.5443366816764807 0.5332333833083458 0.019050917907862834 0.02498750624687656
0 0.5339452719085556 0.5087456271864068 0.022514721163837893 0.03398300849575212
0 0.5218219605126428 0.5294852573713144 0.034984412885348114 0.050474762618690654
0 0.48614478697609975 0.5367316341829086 0.04121925874610322 0.04897551224387806
0 0.24956702459300312 0.544727636181909 0.04745410460685833 0.06096951524237881
0 0.3200554208520956 0.5029985007496252 0.05819189470038102 0.07246376811594203
0 0.3508832698302736 0.595952023988006 0.04849324558365085 0.06046976511744128
0 0.3735711811569103 0.5722138930534733 0.019050917907862834 0.04297851074462768
0 0.4040526498094908 0.5692153923038481 0.044683062002078285 0.057971014492753624
0 0.43124350536889505 0.5559720139930034 0.026324904745410462 0.037481259370314844
0 0.300138552130239 0.6219390304847576 0.05645999307239349 0.08045977011494253
0 0.6771735365431244 0.5627186406796602 0.026324904745410462 0.054972513743128434
0 0.696397644613786 0.5602198900549725 0.02390024246622792 0.04997501249375312
0 0.7228957395219952 0.5542228885557221 0.040872878420505715 0.04097951024487756
0 0.5071007966747488 0.3708145927036482 0.040872878420505715 0.06296851574212893
3 0.5100450294423277 0.4065467266366817 0.014201593349497749 0.019490254872563718
0 0.6291998614478698 0.18115942028985507 0.03567717353654312 0.0384807596201899
0 0.7277450640803602 0.2303848075962019 0.04780048493245584 0.06496751624187906
0 0.07048839625909248 0.4465267366316842 0.04329754069968826 0.06346826586706647
0 0.2798753030827849 0.777111444277861 0.01662625562868029 0.03798100949525238
0 0.2913058538275026 0.8228385807096452 0.03810183581572567 0.05247376311844078
0 0.3013508832698303 0.8590704647676162 0.023553862140630412 0.03398300849575212
0 0.22220297887080015 0.8370814592703648 0.044683062002078285 0.07196401799100449
0 0.21492899203325252 0.9165417291354323 0.05230342916522342 0.063968015992004
0 0.185140284031867 0.8660669665167416 0.03013508832698303 0.04597701149425287
0 0.06581226186352615 0.7508745627186407 0.06996882577069623 0.09145427286356822
0 0.11378593695878074 0.7373813093453273 0.03082784897817804 0.043478260869565216
0 0.11084170419120194 0.8098450774612693 0.03740907516453065 0.050474762618690654
0 0.16470384482161413 0.8448275862068966 0.025285763768617943 0.04447776111944028
0 0.06356078974714237 0.8138430784607696 0.015587114651887772 0.02348825587206397
0 0.05438171111880845 0.7986006996501749 0.018704537582265326 0.022988505747126436
0 0.8915829580879806 0.2028985507246377 0.04364392102528576 0.04897551224387806
