1 0.4373920552677029 0.27675118177911473 0.030224525043177894 0.008594757198109154
1 0.4356649395509499 0.28556080790717664 0.02936096718480138 0.006446067898581865
1 0.4378238341968912 0.2928663515255694 0.02849740932642487 0.006446067898581865
1 0.4376079447322971 0.29952728835410397 0.029792746113989636 0.008594757198109154
1 0.43609671848013815 0.3068328319724968 0.02849740932642487 0.007735281478298238
1 0.4332901554404145 0.31349376880103136 0.028929188255613126 0.008165019338203695
1 0.43436960276338515 0.32144391920928234 0.02849740932642487 0.006875805758487323
1 0.4278929188255613 0.32874946282767514 0.02849740932642487 0.007735281478298238
1 0.4177461139896373 0.3360550064460679 0.028929188255613126 0.006016330038676407
1 0.4099740932642487 0.3427159432746025 0.028929188255613126 0.008165019338203695
1 0.7193436960276338 0.7980232058444349 0.007772020725388601 0.009454232917920068
1 0.7677029360967185 0.7655779974215728 0.0051813471502590676 0.012462397937258273
1 0.716321243523316 0.7593467984529437 0.008635578583765112 0.018048990116029222
1 0.7001295336787565 0.7877094972067039 0.011658031088082901 0.021486892995272882
1 0.7033678756476683 0.7988826815642458 0.011226252158894647 0.006016330038676407
1 0.7044473229706391 0.8023205844434895 0.007340241796200345 0.006875805758487323
1 0.6860967184801382 0.7971637301246239 0.008635578583765112 0.024065320154705628
1 0.6291018998272885 0.8773098409969918 0.0069084628670120895 0.008165019338203695
1 0.6314766839378239 0.8809626128061883 0.008203799654576857 0.007735281478298238
1 0.6319084628670121 0.8863343360550064 0.008203799654576857 0.006446067898581865
1 0.6312607944732297 0.8897722389342501 0.009499136442141624 0.006446067898581865
1 0.6386010362694301 0.9198538891276321 0.016407599309153715 0.00730554361839278
1 0.6662348877374784 0.9146970348087666 0.009499136442141624 0.004727116458960034
1 0.6545768566493955 0.9020197679415557 0.009499136442141624 0.005156854318865492
1 0.6703367875647669 0.9473571121615815 0.009067357512953367 0.004727116458960034
1 0.6504749568221071 0.9574559518693597 0.008203799654576857 0.006875805758487323
1 0.6493955094991365 0.9623979372582725 0.004317789291882556 0.00730554361839278
1 0.7066062176165803 0.9789428448646326 0.0038860103626943004 0.009454232917920068
1 0.7107081174438687 0.982595616673829 0.0025906735751295338 0.010743446497636441
1 0.7132987910189983 0.984099699183498 0.0025906735751295338 0.010313708637730984
1 0.718048359240069 0.9847443059733563 0.004317789291882556 0.009024495058014611
1 0.7202072538860104 0.9877524709926945 0.004317789291882556 0.008165019338203695
1 0.7221502590673575 0.9899011602922217 0.008203799654576857 0.004727116458960034
3 0.700993091537133 0.9924795874516545 0.022020725388601035 0.015040825096691019
3 0.6612694300518135 0.9480017189514396 0.009067357512953367 0.018908465835840136
3 0.6552245250431779 0.9200687580575849 0.014248704663212436 0.024065320154705628
3 0.6517702936096719 0.8158573270305114 0.015975820379965457 0.014181349376880103
3 0.7225820379965457 0.7767511817791147 0.03842832469775475 0.027932960893854747
3 0.7605785837651122 0.7561237645036528 0.03756476683937824 0.034808766652342074
3 0.18998272884283246 0.8268156424581006 0.009499136442141624 0.0111731843575419
1 0.21869602763385146 0.8096261280618823 0.004749568221070812 0.0111731843575419
1 0.22387737478411054 0.8102707348517404 0.0038860103626943004 0.009883970777825527
1 0.22689982728842834 0.8111302105715513 0.0030224525043177895 0.010743446497636441
1 0.23186528497409326 0.8115599484314568 0.0025906735751295338 0.009883970777825527
1 0.23488773747841105 0.8111302105715513 0.0034542314335060447 0.011602922217447357
1 0.23898963730569947 0.8109153416415986 0.0030224525043177895 0.010313708637730984
1 0.2422279792746114 0.8102707348517404 0.0034542314335060447 0.011602922217447357
1 0.24568221070811744 0.8104856037816932 0.0034542314335060447 0.010313708637730984
1 0.25 0.8109153416415986 0.0069084628670120895 0.009454232917920068
0 0.7474093264248705 0.6321443919209282 0.04317789291882556 0.020627417275461968
0 0.6308290155440415 0.768586162440911 0.05267702936096719 0.03910614525139665
0 0.5872193436960277 0.8076923076923077 0.04317789291882556 0.060593038246669534
0 0.5567789291882557 0.8536742587021917 0.041018998272884286 0.05027932960893855
0 0.5617443868739206 0.8917060593038246 0.024179620034542316 0.035238504512247526
3 0.5800949913644214 0.9144821658788139 0.008203799654576857 0.006875805758487323
0 0.6217616580310881 0.9480017189514396 0.015544041450777202 0.028362698753760206
0 0.5919689119170984 0.9565964761495488 0.02849740932642487 0.03094112591319295
0 0.5168393782383419 0.9181349376880104 0.054404145077720206 0.04426299957026214
0 0.5103626943005182 0.8783841856467555 0.05181347150259067 0.030081650193382038
0 0.5276338514680483 0.9709926944563816 0.02849740932642487 0.04426299957026214
0 0.4734455958549223 0.9578856897292651 0.02461139896373057 0.03266007735281478
0 0.48208117443868737 0.987322733132789 0.03670120898100173 0.025354533734422
0 0.45142487046632124 0.9052428018908466 0.06260794473229707 0.04941985388912763
0 0.36658031088082904 0.9222174473571122 0.047495682210708115 0.03695745595186936
0 0.2664075993091537 0.9237215298667812 0.03281519861830743 0.028792436613665665
0 0.23898963730569947 0.9400515685431886 0.03842832469775475 0.03738719381177482
0 0.3696027633851468 0.8036097980232059 0.037996545768566495 0.0730554361839278
0 0.33031088082901555 0.8046841426729695 0.03454231433506045 0.059733562526858616
0 0.4006908462867012 0.7505371723248818 0.045768566493955096 0.0365277180919639
0 0.4365284974093264 0.7030511388053288 0.02677029360967185 0.048130640309411256
0 0.3946459412780656 0.6837129351095832 0.05008635578583765 0.05328749462827675
0 0.531951640759931 0.7047700902449506 0.027633851468048358 0.019767941555651054
2 0.6383851468048359 0.9817361409540181 0.007340241796200345 0.010743446497636441
2 0.6383851468048359 0.9488611946712505 0.007340241796200345 0.009454232917920068
2 0.6098877374784111 0.9729265148259562 0.005613126079447323 0.012032660077352814
2 0.6394645941278065 0.9716373012462398 0.006044905008635579 0.012032660077352814
2 0.3061312607944732 0.9022346368715084 0.007772020725388601 0.008165019338203695
2 0.3216753022452504 0.9329608938547486 0.008635578583765112 0.008594757198109154
2 0.36377374784110533 0.904168457241083 0.01079447322970639 0.006875805758487323
2 0.36312607944732295 0.8865492049849591 0.0051813471502590676 0.004297378599054577
2 0.26878238341968913 0.8852599914052428 0.006476683937823834 0.007735281478298238
0 0.591321243523316 0.987322733132789 0.029792746113989636 0.025354533734422
