0 0.11159695817490495 0.09393712574850299 0.01634980988593156 0.011976047904191617
0 0.11444866920152091 0.1122754491017964 0.016730038022813688 0.0187125748502994
0 0.13669201520912547 0.11152694610778444 0.023954372623574145 0.02694610778443114
0 0.15228136882129278 0.10123502994011976 0.014068441064638783 0.01309880239520958
0 0.22053231939163498 0.7155688622754491 0.029657794676806085 0.02694610778443114
0 0.20513307984790874 0.688622754491018 0.027756653992395436 0.03143712574850299
0 0.5366920152091255 0.6901197604790419 0.018631178707224333 0.017964071856287425
0 0.5469581749049429 0.6691616766467066 0.01634980988593156 0.0187125748502994
0 0.523574144486692 0.5911302395209581 0.025095057034220533 0.03181137724550898
0 0.6047528517110267 0.47735778443113774 0.029277566539923954 0.029565868263473054
