0 0.7844299923488905 0.6922628304821151 0.03787299158377965 0.041601866251944015
0 0.7716143840856924 0.7218118195956454 0.03442999234889059 0.04004665629860031
0 0.7534429992348891 0.7317262830482115 0.02410099464422341 0.027993779160186624
0 0.7570772762050497 0.8044323483670296 0.03136954858454476 0.03188180404354588
0 0.7350803366488141 0.8104587869362364 0.023335883703136953 0.020606531881804044
0 0.8223029839326702 0.85400466562986 0.03787299158377965 0.028382581648522552
0 0.749043611323642 0.8551710730948678 0.05432287681713849 0.05093312597200622
3 0.6034812547819434 0.13141524105754276 0.06618209640397858 0.026438569206842923
3 0.5990818668706962 0.15066096423017108 0.06732976281560826 0.01671850699844479
0 0.9477811782708493 0.13627527216174184 0.03557765876052028 0.026827371695178848
0 0.9824024483550114 0.11761275272161742 0.022953328232593728 0.015163297045101089
3 0.9617444529456771 0.20820373250388802 0.04361132364192808 0.05948678071539658
0 0.8905891354246366 0.15902021772939348 0.03825554705432287 0.01866251944012442
3 0.9366870696250956 0.22161741835147744 0.05011476664116297 0.06220839813374806
5 0.7389058913542463 0.3656687402799378 0.0386381025248661 0.034603421461897356
5 0.1331293037490436 0.34097978227060655 0.022953328232593728 0.025660964230171075
5 0.2620504973221117 0.10031104199066875 0.0252486610558531 0.020995334370139968
5 0.1702371843917368 0.4072706065318818 0.023718439173680182 0.01594090202177294
