0 0.30344827586206896 0.7100470035252644 0.03333333333333333 0.038190364277320796
0 0.35804597701149427 0.7314923619271445 0.05747126436781609 0.05170387779083431
0 0.47126436781609193 0.72737955346651 0.06206896551724138 0.057579318448883664
4 0.707183908045977 0.7364864864864865 0.020114942528735632 0.022914218566392478
0 0.6948275862068966 0.5901880141010576 0.04942528735632184 0.05346650998824912
0 0.6839080459770115 0.5008813160987075 0.05172413793103448 0.05464159811985899
0 0.44310344827586207 0.4864864864864865 0.07816091954022988 0.0681551116333725
0 0.4646551724137931 0.4195064629847238 0.03505747126436782 0.02937720329024677
0 0.5020114942528736 0.4935370152761457 0.039655172413793106 0.041128084606345476
0 0.6522988505747126 0.6183901292596945 0.04597701149425287 0.05464159811985899
4 0.5681034482758621 0.8187426556991775 0.021264367816091954 0.021739130434782608
4 0.5887931034482758 0.8061104582843713 0.02471264367816092 0.023501762632197415
4 0.6948275862068966 0.7870152761457109 0.020689655172413793 0.019388954171562868
4 0.6755747126436782 0.4500587544065805 0.017816091954022988 0.01880141010575793
4 0.6979885057471265 0.44447708578143363 0.01896551724137931 0.019388954171562868
4 0.7163793103448276 0.5593419506462984 0.020114942528735632 0.01762632197414806
