4 0.3806995627732667 0.9618809126321647 0.03560274828232355 0.027267668336115748
0 0.47095565271705186 0.48914858096828046 0.0462211118051218 0.044518642181413465
0 0.5259212991880075 0.4332220367278798 0.05121798875702686 0.036171396772398445
0 0.6480324797001874 0.3533667223149694 0.038101186758276076 0.03450194769059544
0 0.6424109931292942 0.46243739565943237 0.03310430980637102 0.027824151363383415
0 0.6705184259837601 0.2125765164162493 0.04559650218613367 0.0333889816360601
0 0.730793254216115 0.12687813021702837 0.061211742660836975 0.04006677796327212
0 0.7489069331667708 0.0709515859766277 0.03247970018738289 0.035058430717863104
0 0.5687070580886946 0.41541457985531444 0.05059337913803873 0.045075125208681135
0 0.5815115552779513 0.3834168057874235 0.03997501561524047 0.03672787979966611
0 0.6739537788881949 0.2484696716750139 0.03997501561524047 0.035058430717863104
