0 0.4130184331797235 0.19554455445544555 0.04608294930875576 0.09075907590759076
0 0.4694700460829493 0.25866336633663367 0.03456221198156682 0.05528052805280528
0 0.472926267281106 0.30033003300330036 0.020737327188940093 0.036303630363036306
0 0.6273041474654378 0.5705445544554455 0.04608294930875576 0.06188118811881188
0 0.6578341013824884 0.6472772277227723 0.04838709677419355 0.07343234323432343
0 0.48502304147465436 0.6056105610561056 0.041474654377880185 0.056105610561056105
0 0.3199884792626728 0.4360561056105611 0.04089861751152074 0.06353135313531354
0 0.23559907834101382 0.43399339933993397 0.055299539170506916 0.07260726072607261
0 0.20650921658986174 0.4777227722772277 0.06278801843317973 0.0924092409240924
0 0.2730414746543779 0.25825082508250824 0.044930875576036866 0.06435643564356436
0 0.2966589861751152 0.3556105610561056 0.04262672811059908 0.0594059405940594
0 0.5455069124423964 0.44183168316831684 0.04608294930875576 0.06023102310231023
0 0.6275921658986175 0.4352310231023102 0.05241935483870968 0.07013201320132013
0 0.6071428571428571 0.47896039603960394 0.06797235023041474 0.09158415841584158
0 0.6454493087557603 0.4682343234323432 0.04665898617511521 0.05693069306930693
3 0.6563940092165899 0.4405940594059406 0.01555299539170507 0.02145214521452145
0 0.5529953917050692 0.5408415841584159 0.06221198156682028 0.07508250825082509
0 0.5077764976958525 0.5181518151815182 0.04550691244239631 0.07260726072607261
0 0.4202188940092166 0.54496699669967 0.043202764976958526 0.05363036303630363
0 0.4539170506912442 0.48803630363036304 0.05414746543778802 0.08828382838283828
0 0.41993087557603687 0.45544554455445546 0.04723502304147465 0.06765676567656766
0 0.2759216589861751 0.5160891089108911 0.038018433179723504 0.05693069306930693
0 0.29147465437788017 0.5408415841584159 0.03917050691244239 0.04702970297029703
0 0.34475806451612906 0.4372937293729373 0.04550691244239631 0.07755775577557755
0 0.21457373271889402 0.5701320132013201 0.057027649769585256 0.06105610561056106
0 0.28744239631336405 0.6307755775577558 0.03571428571428571 0.06188118811881188
0 0.38018433179723504 0.6468646864686468 0.03110599078341014 0.0429042904290429
0 0.46486175115207373 0.4344059405940594 0.04377880184331797 0.05363036303630363
0 0.508352534562212 0.41542904290429045 0.04550691244239631 0.05858085808580858
0 0.49164746543778803 0.8056930693069307 0.06624423963133641 0.07673267326732673
0 0.42713133640552997 0.6864686468646864 0.043202764976958526 0.07920792079207921
