4 0.22908653846153845 0.9475671140939598 0.008173076923076924 0.01761744966442953
0 0.2831730769230769 0.6606543624161074 0.047115384615384615 0.07130872483221476
0 0.3372596153846154 0.6052852348993288 0.03894230769230769 0.05453020134228188
0 0.32764423076923077 0.7126677852348994 0.03798076923076923 0.07634228187919463
0 0.37283653846153847 0.6501677852348994 0.04278846153846154 0.053691275167785234
4 0.37091346153846155 0.6895973154362416 0.011057692307692308 0.016778523489932886
0 0.39158653846153846 0.5499161073825504 0.04567307692307692 0.07802013422818792
0 0.4014423076923077 0.6208053691275168 0.03173076923076923 0.05704697986577181
4 0.5701923076923077 0.38800335570469796 0.010576923076923078 0.01761744966442953
4 0.6290865384615385 0.4148489932885906 0.01201923076923077 0.022651006711409395
0 0.44326923076923075 0.48699664429530204 0.047115384615384615 0.061241610738255035
0 0.415625 0.3158557046979866 0.03413461538461538 0.05620805369127517
0 0.5021634615384616 0.42197986577181207 0.03221153846153846 0.06040268456375839
0 0.5338942307692308 0.3838087248322148 0.03894230769230769 0.047818791946308725
0 0.47451923076923075 0.5583053691275168 0.051923076923076926 0.07130872483221476
0 0.6040865384615385 0.43708053691275167 0.04567307692307692 0.05536912751677853
0 0.6846153846153846 0.2256711409395973 0.035576923076923075 0.08389261744966443
0 0.6615384615384615 0.3221476510067114 0.04038461538461539 0.06879194630872483
0 0.6591346153846154 0.1098993288590604 0.057692307692307696 0.12751677852348994
0 0.7033653846153847 0.13338926174496643 0.026923076923076925 0.07718120805369127
0 0.4637019230769231 0.4660234899328859 0.023557692307692307 0.04614093959731544
0 0.8634615384615385 0.24370805369127516 0.041346153846153845 0.04614093959731544
4 0.8442307692307692 0.1707214765100671 0.022115384615384617 0.037751677852348994
4 0.234375 0.7592281879194631 0.016826923076923076 0.026845637583892617
4 0.2358173076923077 0.9328859060402684 0.011057692307692308 0.018456375838926176
4 0.23846153846153847 0.950503355704698 0.0125 0.018456375838926176
4 0.29735576923076923 0.9010067114093959 0.011057692307692308 0.016778523489932886
4 0.30528846153846156 0.7927852348993288 0.0125 0.020134228187919462
4 0.5134615384615384 0.6111577181208053 0.0125 0.022651006711409395
4 0.5197115384615385 0.47567114093959734 0.010576923076923078 0.018456375838926176
4 0.5348557692307693 0.50251677852349 0.012980769230769231 0.020134228187919462
4 0.5603365384615384 0.5868288590604027 0.011057692307692308 0.01929530201342282
0 0.3105769230769231 0.6270973154362416 0.03365384615384615 0.05285234899328859
3 0.21634615384615385 0.7730704697986577 0.04326923076923077 0.11325503355704698
0 0.20793269230769232 0.8393456375838926 0.03894230769230769 0.05453020134228188
0 0.41923076923076924 0.602768456375839 0.021153846153846155 0.03942953020134228
0 0.41225961538461536 0.5138422818791947 0.036057692307692304 0.05956375838926174
0 0.4846153846153846 0.44169463087248323 0.032692307692307694 0.057885906040268456
0 0.39014423076923077 0.31333892617449666 0.020673076923076922 0.041107382550335574
4 0.6805288461538461 0.29823825503355705 0.010096153846153847 0.01761744966442953
4 0.6951923076923077 0.2651006711409396 0.007692307692307693 0.016778523489932886
0 0.6175480769230769 0.28313758389261745 0.07163461538461538 0.1417785234899329
0 0.5526442307692307 0.3141778523489933 0.04471153846153846 0.06795302013422819
