0 0.3531645569620253 0.8691186216037111 0.05949367088607595 0.05765407554671968
0 0.24620253164556963 0.8131212723658051 0.060759493670886074 0.0583167660702452
0 0.31550632911392407 0.8045062955599734 0.0930379746835443 0.0781974817760106
0 0.38006329113924053 0.7584493041749503 0.04746835443037975 0.05500331345261763
0 0.4680379746835443 0.7630881378396289 0.06139240506329114 0.04042412193505633
0 0.42468354430379746 0.6964877402253148 0.06582278481012659 0.0583167660702452
0 0.37531645569620253 0.617296222664016 0.039240506329113925 0.051027170311464545
0 0.37816455696202533 0.49304174950298213 0.03860759493670886 0.04506295559973492
0 0.460126582278481 0.5019880715705766 0.04430379746835443 0.04705102717031146
0 0.44367088607594934 0.6053677932405567 0.03670886075949367 0.05500331345261763
0 0.5199367088607595 0.5712392312789927 0.05506329113924051 0.08349900596421471
0 0.6212025316455696 0.610337972166998 0.0310126582278481 0.026507620941020542
0 0.49145569620253166 0.36713055003313455 0.052531645569620256 0.05036447978793903
0 0.544620253164557 0.3359840954274354 0.05126582278481013 0.055666003976143144
0 0.5591772151898734 0.28793903247183567 0.029746835443037974 0.04837640821736249
0 0.5984177215189873 0.390987408880053 0.06392405063291139 0.04108681245858184
0 0.694620253164557 0.17163684559310802 0.04493670886075949 0.0583167660702452
0 0.3930379746835443 0.5284956925115971 0.04050632911392405 0.033797216699801194
0 0.429746835443038 0.5576540755467196 0.039240506329113925 0.04837640821736249
0 0.4768987341772152 0.5818422796554009 0.05126582278481013 0.06759443339960239
0 0.5753164556962025 0.6189529489728297 0.060759493670886074 0.07157057654075547
0 0.5617088607594937 0.6636845593108018 0.043670886075949364 0.043074884029158385
0 0.28227848101265823 0.7667329357190192 0.03670886075949367 0.025182239893969515
3 0.8 0.16699801192842942 0.020253164556962026 0.04506295559973492
3 0.35253164556962024 0.8817097415506958 0.013924050632911392 0.01656726308813784
0 0.6797468354430379 0.32836315440689195 0.049367088607594936 0.04572564612326044
