0 0.09827586206896552 0.32867883995703545 0.08793103448275862 0.050483351235230935
0 0.5146551724137931 0.2403329752953813 0.0706896551724138 0.028464017185821696
0 0.30603448275862066 0.42857142857142855 0.05862068965517241 0.03544575725026853
0 0.390948275862069 0.4223952738990333 0.026724137931034484 0.018796992481203006
0 0.28793103448275864 0.36305048335123524 0.02413793103448276 0.02040816326530612
0 0.1728448275862069 0.41192266380236303 0.10948275862068965 0.06552094522019335
0 0.5711206896551724 0.3257250268528464 0.03879310344827586 0.025241675617615467
0 0.6137931034482759 0.5781417830290011 0.07586206896551724 0.057465091299677765
3 0.6362068965517241 0.8469387755102041 0.03103448275862069 0.017185821697099892
0 0.7655172413793103 0.8163265306122449 0.03103448275862069 0.0322234156820623
0 0.7456896551724138 0.8442534908700322 0.039655172413793106 0.034371643394199784
1 0.6862068965517242 0.9487110633727175 0.02413793103448276 0.01342642320085929
3 0.6422413793103449 0.8370032223415682 0.03620689655172414 0.01987110633727175
1 0.6987068965517241 0.9723415682062299 0.04396551724137931 0.03383458646616541
1 0.7168103448275862 0.9766380236305048 0.045689655172413794 0.03276047261009667
