4 0.7608133086876155 0.3895098882201204 0.018484288354898338 0.02235597592433362
4 0.5164510166358596 0.7295786758383491 0.01922365988909427 0.019776440240756664
0 0.5349353049907578 0.8594153052450559 0.04066543438077634 0.03611349957007739
0 0.5162661737523105 0.8751074806534824 0.015157116451016635 0.01934651762682717
0 0.609981515711645 0.8174978503869303 0.025878003696857672 0.033963886500429925
0 0.6277264325323475 0.7407566638005159 0.019963031423290204 0.034393809114359415
0 0.6245841035120148 0.7037833190025795 0.01811460258780037 0.02063628546861565
3 0.5676524953789279 0.7820292347377472 0.017375231053604435 0.027515047291487533
3 0.52181146025878 0.7609630266552021 0.0166358595194085 0.01633705932932072
0 0.6149722735674676 0.7738607050730868 0.03512014787430684 0.027515047291487533
3 0.8645101663585952 0.49097162510748066 0.02476894639556377 0.025795356835769563
4 0.017375231053604435 0.29793637145313845 0.0177449168207024 0.018056749785038694
4 0.5232902033271719 0.9404557179707652 0.018853974121996304 0.02106620808254514
4 0.7648798521256932 0.4967755803955288 0.014048059149722736 0.015047291487532245
