0 0.09156378600823045 0.7910828025477707 0.021719250114311844 0.031210191082802548
0 0.08664837677183357 0.7520700636942675 0.02194787379972565 0.03280254777070064
0 0.08070416095107454 0.7375796178343949 0.008687700045724738 0.008917197452229299
0 0.09807956104252401 0.76671974522293 0.013260173754000914 0.016878980891719745
0 0.10608139003200731 0.7708598726114649 0.007773205304069501 0.011146496815286623
0 0.12082761774119799 0.6996815286624204 0.020804755372656608 0.02929936305732484
0 0.13866026520347507 0.7113057324840765 0.013031550068587106 0.020063694267515923
0 0.12494284407864654 0.7178343949044586 0.0075445816186556925 0.009554140127388535
0 0.14643347050754457 0.6805732484076433 0.02400548696844993 0.029936305732484077
0 0.14883401920438957 0.6538216560509554 0.020118884316415182 0.02038216560509554
0 0.11019661636945588 0.6079617834394905 0.017375400091449476 0.019745222929936305
0 0.1157978966620942 0.6246815286624203 0.02034750800182899 0.0321656050955414
0 0.06504343850022862 0.6214968152866241 0.01623228166438043 0.02197452229299363
0 0.06607224508459077 0.6477707006369426 0.021033379058070414 0.03375796178343949
0 0.07304526748971193 0.6694267515923567 0.01440329218106996 0.02038216560509554
0 0.10996799268404207 0.675796178343949 0.010059442158207591 0.017834394904458598
4 0.08173296753543667 0.5017515923566879 0.011202560585276635 0.01178343949044586
4 0.1083676268861454 0.5285031847133758 0.010516689529035207 0.011146496815286623
4 0.04046639231824417 0.5517515923566879 0.010973936899862825 0.013057324840764332
4 0.34922267946959307 0.3964968152866242 0.01211705532693187 0.015286624203821656
0 0.38260173754000915 0.4148089171974522 0.008916323731138546 0.014968152866242038
0 0.3709419295839049 0.43168789808917196 0.01623228166438043 0.03089171974522293
0 0.3713991769547325 0.45143312101910826 0.014860539551897577 0.015605095541401274
0 0.3901463191586648 0.41926751592356687 0.008916323731138546 0.014331210191082803
0 0.8628257887517147 0.25429936305732487 0.012345679012345678 0.012420382165605096
0 0.8503657978966621 0.2640127388535032 0.021262002743484224 0.03184713375796178
0 0.8333333333333334 0.27611464968152866 0.02194787379972565 0.0267515923566879
0 0.8187014174668495 0.2764331210191083 0.010059442158207591 0.016560509554140127
0 0.8233882030178327 0.29044585987261146 0.0102880658436214 0.015286624203821656
4 0.8168724279835391 0.33614649681528663 0.00823045267489712 0.009872611464968152
3 0.8697988111568359 0.2374203821656051 0.00800182898948331 0.009872611464968152
3 0.8405349794238683 0.25605095541401274 0.00800182898948331 0.010828025477707006
0 0.7728623685413809 0.08901273885350318 0.02263374485596708 0.028980891719745223
4 0.8005258344764518 0.10222929936305733 0.007087334247828075 0.011464968152866241
0 0.7831504343850023 0.1356687898089172 0.021719250114311844 0.02929936305732484
0 0.7932098765432098 0.12754777070063694 0.011202560585276635 0.014331210191082803
0 0.7700045724737082 0.14745222929936305 0.019661636945587563 0.0267515923566879
0 0.8068129858253315 0.14410828025477707 0.009602194787379973 0.013057324840764332
4 0.8005258344764518 0.15 0.007087334247828075 0.009554140127388535
