1 0.482174688057041 0.25271966527196654 0.062388591800356503 0.048535564853556486
1 0.4964349376114082 0.26276150627615064 0.049910873440285206 0.048535564853556486
1 0.5120320855614974 0.4702928870292887 0.022281639928698752 0.04351464435146443
0 0.410427807486631 0.44602510460251044 0.04723707664884135 0.045188284518828455
0 0.3810160427807487 0.4845188284518828 0.03832442067736185 0.05188284518828452
0 0.4590017825311943 0.35313807531380753 0.023172905525846704 0.018410041841004185
0 0.44385026737967914 0.3267782426778243 0.0374331550802139 0.03430962343096234
0 0.07040998217468805 0.9079497907949791 0.05169340463458111 0.045188284518828455
0 0.09670231729055258 0.9359832635983264 0.057932263814616754 0.04769874476987448
0 0.46167557932263814 0.8899581589958159 0.049910873440285206 0.08117154811715481
1 0.49866310160427807 0.47782426778242676 0.029411764705882353 0.038493723849372385
