0 0.06785195936139332 0.7691689008042896 0.02830188679245283 0.04128686327077748
0 0.20518867924528303 0.6981233243967828 0.030841799709724237 0.051474530831099194
0 0.17561683599419448 0.6471849865951743 0.02539912917271408 0.09115281501340483
0 0.22931785195936139 0.6380697050938338 0.019593613933236574 0.027882037533512063
0 0.15965166908563136 0.5600536193029491 0.01741654571843251 0.01769436997319035
0 0.18359941944847605 0.5345844504021448 0.012336719883889695 0.031099195710455763
0 0.21716255442670537 0.5445040214477211 0.018505079825834544 0.03163538873994638
0 0.25489840348330917 0.43324396782841823 0.028664731494920173 0.04504021447721179
0 0.24854862119013063 0.2525469168900804 0.023222060957910014 0.03431635388739947
0 0.24310595065312046 0.21420911528150133 0.03773584905660377 0.03806970509383378
4 0.2741291727140784 0.21528150134048257 0.015602322206095792 0.028418230563002682
0 0.27866473149492016 0.2780160857908847 0.01088534107402032 0.02520107238605898
0 0.376088534107402 0.25067024128686327 0.022859216255442672 0.040214477211796246
0 0.41672714078374457 0.2257372654155496 0.019230769230769232 0.02680965147453083
0 0.5306603773584906 0.1294906166219839 0.038098693759071114 0.039142091152815014
0 0.48911465892597966 0.1734584450402145 0.018142235123367198 0.029490616621983913
2 0.4477503628447025 0.16085790884718498 0.00725689404934688 0.0096514745308311
3 0.3991291727140784 0.9600536193029491 0.013062409288824383 0.01876675603217158
3 0.5212264150943396 0.9206434316353888 0.017779390420899856 0.011796246648793566
3 0.5947024673439768 0.8230563002680965 0.013062409288824383 0.0160857908847185
3 0.6313497822931785 0.7710455764075067 0.010159651669085631 0.021447721179624665
9 0.7024673439767779 0.3841823056300268 0.3011611030478955 0.5313672922252011
0 0.1683599419448476 0.239142091152815 0.01741654571843251 0.021447721179624665
4 0.12336719883889695 0.20214477211796247 0.007982583454281567 0.013941018766756031
0 0.09524673439767779 0.7584450402144772 0.011973875181422351 0.014477211796246649
0 0.16600145137880987 0.6045576407506702 0.017053701015965168 0.033780160857908845
0 0.15820029027576196 0.6235924932975871 0.019593613933236574 0.031099195710455763
0 0.2155297532656023 0.6142091152815013 0.030478955007256895 0.036997319034852545
0 0.21643686502177067 0.5817694369973191 0.0330188679245283 0.031099195710455763
0 0.17978955007256894 0.48471849865951744 0.013425253991291727 0.032171581769437
0 0.19357764876632802 0.5096514745308312 0.022133526850507984 0.032707774798927614
0 0.14332365747460088 0.5402144772117963 0.015239477503628448 0.028418230563002682
0 0.14277939042089985 0.5 0.01995645863570392 0.030563002680965148
0 0.23076923076923078 0.5077747989276139 0.03483309143686502 0.060053619302949064
0 0.21716255442670537 0.3941018766756032 0.014876632801161103 0.031099195710455763
0 0.18287373004354138 0.428686327077748 0.020319303338171262 0.033780160857908845
0 0.2870101596516691 0.2715817694369973 0.015965166908563134 0.032707774798927614
0 0.30170537010159654 0.2616621983914209 0.01632801161103048 0.02359249329758713
0 0.3151306240928882 0.2525469168900804 0.02358490566037736 0.024664879356568366
0 0.3044267053701016 0.31501340482573725 0.03773584905660377 0.04450402144772118
3 0.29372278664731494 0.3209115281501341 0.007619738751814224 0.00804289544235925
3 0.3178519593613933 0.31233243967828417 0.01088534107402032 0.010187667560321715
3 0.329644412191582 0.31983914209115283 0.007619738751814224 0.013404825737265416
3 0.4009433962264151 0.21849865951742628 0.009433962264150943 0.009115281501340482
0 0.3978592162554427 0.22734584450402145 0.017779390420899856 0.03431635388739947
0 0.3098693759071118 0.2158176943699732 0.012336719883889695 0.023056300268096516
0 0.42797532656023224 0.2067024128686327 0.010522496371552975 0.026273458445040216
0 0.5007256894049347 0.18525469168900804 0.00725689404934688 0.01876675603217158
3 0.5023584905660378 0.19651474530831098 0.0047169811320754715 0.005898123324396783
3 0.4120101596516691 0.9659517426273458 0.009071117561683599 0.01876675603217158
3 0.42126269956458634 0.9734584450402145 0.009433962264150943 0.01876675603217158
