0 0.1880184331797235 0.4405381944444444 0.023963133640552997 0.049479166666666664
0 0.2502304147465438 0.4474826388888889 0.035944700460829496 0.06163194444444445
0 0.2622119815668203 0.4995659722222222 0.041474654377880185 0.042534722222222224
0 0.523963133640553 0.4583333333333333 0.0423963133640553 0.04861111111111111
0 0.5523041474654378 0.4127604166666667 0.03271889400921659 0.058159722222222224
0 0.6216589861751152 0.4709201388888889 0.04608294930875576 0.07378472222222222
0 0.7228110599078341 0.2999131944444444 0.041013824884792625 0.08246527777777778
0 0.6631336405529954 0.24609375 0.053456221198156684 0.06336805555555555
0 0.597926267281106 0.3606770833333333 0.03824884792626728 0.07378472222222222
0 0.7504608294930876 0.21223958333333334 0.033640552995391704 0.08246527777777778
0 0.5523041474654378 0.53515625 0.05115207373271889 0.0720486111111111
0 0.5887096774193549 0.5160590277777778 0.03917050691244239 0.059895833333333336
