0 0.31735691019078643 0.29171704957678357 0.051186598417868774 0.07315598548972188
0 0.31154025127966495 0.3437122128174123 0.049790600279199626 0.051390568319226115
0 0.35388552815262914 0.3694074969770254 0.04792926942764077 0.056831922611850064
0 0.3357375523499302 0.4247279322853688 0.04141461144718474 0.07073760580411124
0 0.4150767798976268 0.37394195888754533 0.051186598417868774 0.0562273276904474
0 0.41205211726384366 0.4407496977025393 0.056305258259655655 0.0592503022974607
0 0.47580269892973476 0.3346432889963724 0.04699860400186133 0.046553808948004836
0 0.48092135877152165 0.25241837968561065 0.05444392740809679 0.042926239419588876
0 0.5 0.37061668681983073 0.028385295486272687 0.04836759371221282
0 0.47091670544439274 0.3854292623941959 0.026989297347603535 0.024788391777509067
0 0.3773848301535598 0.3222490931076179 0.04746393671475105 0.02902055622732769
