0 0.41721854304635764 0.4654768870684611 0.08774834437086093 0.04154476301930954
0 0.42094370860927155 0.48683440608543005 0.0869205298013245 0.03627852545348157
0 0.4275662251655629 0.5073142188414277 0.08195364238410596 0.046811000585137506
0 0.4341887417218543 0.5295494441193681 0.07864238410596026 0.046811000585137506
0 0.44950331125827814 0.5488589818607372 0.0695364238410596 0.03627852545348157
0 0.47433774834437087 0.5924517261556466 0.09602649006622517 0.0497366881217086
0 0.5144867549668874 0.6357519016968988 0.0802980132450331 0.05441778818022235
0 0.5177980132450332 0.6644236395552955 0.09188741721854304 0.047396138092451724
0 0.48137417218543044 0.3926272674078408 0.07864238410596026 0.037448800468110006
0 0.4958609271523179 0.4093036863662961 0.08278145695364239 0.03686366296079579
0 0.5041390728476821 0.43095377413692215 0.09105960264900662 0.04505558806319485
0 0.49337748344370863 0.4549444119368051 0.06622516556291391 0.0310122878876536
0 0.5136589403973509 0.4681100058513751 0.10347682119205298 0.037448800468110006
0 0.5128311258278145 0.48888238736102985 0.0869205298013245 0.04154476301930954
0 0.5293874172185431 0.5266237565827969 0.0902317880794702 0.04330017554125219
0 0.5413907284768212 0.545640725570509 0.07450331125827815 0.04505558806319485
0 0.5562913907284768 0.5699239321240491 0.08112582781456953 0.04798127559976594
0 0.5666390728476821 0.5883557636044471 0.060430463576158944 0.03452311293153891
0 0.5769867549668874 0.6064950263311878 0.07119205298013245 0.03686366296079579
0 0.6038907284768212 0.6597425394967817 0.08857615894039735 0.04505558806319485
0 0.5459437086092715 0.6904622586307783 0.07367549668874172 0.03510825043885313
0 0.5231788079470199 0.7519016968987712 0.028145695364238412 0.017554125219426564
0 0.8187086092715232 0.8355763604447045 0.04470198675496689 0.03393797542422469
0 0.8460264900662252 0.8543007606787595 0.052980132450331126 0.03393797542422469
0 0.5612582781456954 0.41135166764189585 0.052980132450331126 0.029256875365710942
3 0.5736754966887417 0.5157987126974839 0.033112582781456956 0.016968987712112346
0 0.5492549668874173 0.7314218841427735 0.10347682119205298 0.05968402574605032
0 0.6903973509933775 0.7530719719133997 0.07947019867549669 0.04095962551199532
0 0.7007450331125827 0.7723815096547688 0.0836092715231788 0.056173200702165006
0 0.29635761589403975 0.2454651843183148 0.0728476821192053 0.04388531304856641
0 0.18004966887417218 0.1553540081919251 0.058774834437086095 0.052077238150965474
0 0.13658940397350994 0.1181977764774722 0.057947019867549666 0.053832650672908135
0 0.6287251655629139 0.6875365710942072 0.07698675496688742 0.026916325336454067
0 0.6448675496688742 0.772674078408426 0.04470198675496689 0.02516091281451141
0 0.5844370860927153 0.6196606202457577 0.059602649006622516 0.03510825043885313
0 0.5951986754966887 0.6421884142773552 0.057947019867549666 0.03920421299005266
0 0.46274834437086093 0.569631363370392 0.06788079470198675 0.03218256290228204
