0 0.30163398692810456 0.5939201451905626 0.041176470588235294 0.06805807622504537
0 0.35522875816993466 0.5970961887477314 0.05163398692810457 0.06533575317604355
0 0.3258169934640523 0.5186025408348457 0.06601307189542484 0.05716878402903811
0 0.3931372549019608 0.5045372050816697 0.052941176470588235 0.0780399274047187
0 0.3454248366013072 0.4205989110707804 0.03071895424836601 0.03539019963702359
0 0.38562091503267976 0.4378402903811252 0.07973856209150326 0.08439201451905626
0 0.43856209150326797 0.3647912885662432 0.0457516339869281 0.07441016333938294
0 0.38823529411764707 0.2835753176043557 0.054901960784313725 0.05898366606170599
0 0.35294117647058826 0.22867513611615245 0.06143790849673202 0.06170598911070781
0 0.3656862745098039 0.18058076225045372 0.045098039215686274 0.045372050816696916
0 0.30718954248366015 0.1928312159709619 0.048366013071895426 0.05172413793103448
0 0.44836601307189544 0.7844827586206896 0.06013071895424837 0.08439201451905626
0 0.5183006535947713 0.7527223230490018 0.07320261437908497 0.08620689655172414
0 0.527124183006536 0.6088929219600726 0.060784313725490195 0.06170598911070781
0 0.442156862745098 0.7046279491833031 0.05555555555555555 0.05898366606170599
0 0.42745098039215684 0.617513611615245 0.058823529411764705 0.06805807622504537
0 0.7826797385620915 0.574410163339383 0.041176470588235294 0.050816696914700546
0 0.8232026143790849 0.5254083484573503 0.020261437908496733 0.032667876588021776
0 0.46862745098039216 0.5 0.050980392156862744 0.05807622504537205
0 0.8143790849673203 0.26497277676951 0.07712418300653595 0.08892921960072596
0 0.4669934640522876 0.5803085299455535 0.052941176470588235 0.05898366606170599
0 0.6790849673202615 0.8166969147005445 0.06013071895424837 0.047186932849364795
0 0.9084967320261438 0.8076225045372051 0.05359477124183006 0.050816696914700546
0 0.938562091503268 0.7740471869328494 0.03529411764705882 0.050816696914700546
0 0.5784313725490197 0.5825771324863884 0.027450980392156862 0.056261343012704176
0 0.8248366013071895 0.5784936479128857 0.058823529411764705 0.07713248638838476
