0 0.5694444444444444 0.9180080482897385 0.0640096618357488 0.04527162977867203
0 0.6083937198067633 0.68158953722334 0.04770531400966183 0.04124748490945674
0 0.43327294685990336 0.6099094567404426 0.057367149758454104 0.032696177062374245
0 0.41002415458937197 0.47459758551307846 0.050724637681159424 0.04275653923541248
0 0.48490338164251207 0.4751006036217304 0.03864734299516908 0.039738430583501
0 0.4906400966183575 0.3732394366197183 0.0464975845410628 0.03118712273641851
0 0.4885265700483092 0.31841046277665996 0.036231884057971016 0.043259557344064385
0 0.40942028985507245 0.2713782696177062 0.043478260869565216 0.04074446680080483
0 0.366243961352657 0.23641851106639838 0.042874396135265704 0.04627766599597585
0 0.1518719806763285 0.2834507042253521 0.035628019323671496 0.039738430583501
0 0.12590579710144928 0.41272635814889336 0.030797101449275364 0.028672032193158954
0 0.4592391304347826 0.18938631790744467 0.06219806763285024 0.04778672032193159
0 0.517512077294686 0.11820925553319919 0.050724637681159424 0.039235412474849095
0 0.5024154589371981 0.05734406438631791 0.042270531400966184 0.030181086519114688
0 0.3632246376811594 0.11016096579476861 0.050120772946859904 0.028169014084507043
0 0.4142512077294686 0.03345070422535211 0.026570048309178744 0.03169014084507042
0 0.7204106280193237 0.10362173038229376 0.050724637681159424 0.039235412474849095
0 0.14130434782608695 0.3734909456740443 0.030193236714975844 0.02062374245472837
0 0.18508454106280192 0.2713782696177062 0.02717391304347826 0.018611670020120725
0 0.1663647342995169 0.30608651911468815 0.0320048309178744 0.017605633802816902
0 0.5193236714975845 0.3241951710261569 0.027777777777777776 0.023641851106639838
0 0.48007246376811596 0.3963782696177062 0.021739130434782608 0.011066398390342052
4 0.39402173913043476 0.16222334004024144 0.030797101449275364 0.02766599597585513
4 0.6171497584541062 0.7117706237424547 0.035024154589371984 0.015090543259557344
2 0.5760869565217391 0.739185110663984 0.010869565217391304 0.014587525150905433
0 0.07789855072463768 0.4834004024144869 0.027777777777777776 0.02414486921529175
