0 0.46011178861788615 0.5 0.033028455284552845 0.022141888838680523
0 0.7223069105691057 0.4247627654767284 0.051321138211382115 0.022593764121102575
0 0.5820630081300813 0.5691369182105739 0.06351626016260163 0.043831902394939
0 0.5292174796747967 0.6125169453230909 0.05030487804878049 0.06823316764572977
0 0.4916158536585366 0.6610935381834614 0.05436991869918699 0.05241753276095797
0 0.49822154471544716 0.701762313601446 0.027947154471544715 0.04066877541798464
0 0.5726626016260162 0.7681879801174876 0.016260162601626018 0.033438770899231814
0 0.5309959349593496 0.7740623587889742 0.034552845528455285 0.0298237686398554
0 0.6041666666666666 0.8321283325802079 0.029471544715447155 0.036601897876186174
0 0.5505589430894309 0.8976502485314053 0.030995934959349592 0.039313149570718485
0 0.4888211382113821 0.9193402620876638 0.041666666666666664 0.031179394487121554
0 0.43089430894308944 0.9328965205603253 0.0701219512195122 0.039313149570718485
0 0.4507113821138211 0.8709896068685042 0.04065040650406504 0.027564392227745142
0 0.41590447154471544 0.8809308630817895 0.04014227642276423 0.02937189335743335
0 0.4169207317073171 0.8411658382286489 0.07063008130081301 0.04292815183009489
0 0.4740853658536585 0.8269317668323543 0.029471544715447155 0.024401265250790782
0 0.5035569105691057 0.868278355173972 0.04369918699186992 0.02394938996836873
0 0.48297764227642276 0.8567555354722096 0.025914634146341462 0.018978761861726163
0 0.40015243902439024 0.8084048802530501 0.046239837398373985 0.03524627202892002
0 0.4557926829268293 0.7842295526434704 0.032520325203252036 0.05377315860822413
0 0.3633130081300813 0.8389064618165386 0.037601626016260166 0.03750564844103028
0 0.39151422764227645 0.7733845458653411 0.025914634146341462 0.034794396746497966
0 0.3803353658536585 0.9410302756439223 0.030995934959349592 0.028468142792589246
0 0.35823170731707316 0.9272480795300497 0.03048780487804878 0.031631269769543606
0 0.32952235772357724 0.9256665160415726 0.03201219512195122 0.027564392227745142
0 0.27972560975609756 0.9164030727519205 0.05945121951219512 0.037957523723452326
0 0.3076727642276423 0.8628558517849073 0.04014227642276423 0.02937189335743335
0 0.2784552845528455 0.833483958427474 0.03048780487804878 0.016719385449615907
0 0.29827235772357724 0.8343877089923181 0.011178861788617886 0.011296882060551287
4 0.3089430894308943 0.8314505196565748 0.006097560975609756 0.005422503389064619
0 0.27210365853658536 0.8648892905558065 0.03709349593495935 0.02711251694532309
0 0.20147357723577236 0.9308630817894261 0.04522357723577236 0.04066877541798464
0 0.24110772357723578 0.9023949389968369 0.02693089430894309 0.02078626299141437
0 0.23526422764227642 0.8522367826479892 0.032520325203252036 0.02078626299141437
0 0.20579268292682926 0.8517849073655671 0.03048780487804878 0.0298237686398554
0 0.17809959349593496 0.8492995933122458 0.025914634146341462 0.025756891098056935
0 0.11585365853658537 0.8445549028468142 0.04065040650406504 0.021690013556258474
0 0.1483739837398374 0.8461364663352915 0.021341463414634148 0.021238138273836422
0 0.13389227642276422 0.8235427022141889 0.0625 0.03027564392227745
0 0.1016260162601626 0.8978761861726163 0.04878048780487805 0.0605512878445549
0 0.15370934959349594 0.895390872119295 0.05945121951219512 0.03750564844103028
0 0.03861788617886179 0.8854496159060099 0.016260162601626018 0.02666064166290104
0 0.05970528455284553 0.8791233619521012 0.024898373983739838 0.01762313601446001
0 0.01016260162601626 0.8940352462720289 0.019308943089430895 0.03750564844103028
0 0.10721544715447154 0.7553095345684591 0.04878048780487805 0.03840939900587438
0 0.14253048780487804 0.7413014008133755 0.03709349593495935 0.036601897876186174
0 0.2619410569105691 0.7331676457297785 0.056402439024390245 0.03840939900587438
0 0.20960365853658536 0.5933122458201536 0.020833333333333332 0.03705377315860822
0 0.21976626016260162 0.6215544509715318 0.04014227642276423 0.036601897876186174
0 0.2657520325203252 0.6070944419340262 0.04878048780487805 0.07907817442385902
0 0.36509146341463417 0.7173520108450068 0.07571138211382114 0.05286940804338003
0 0.4372459349593496 0.6875282422051514 0.061483739837398375 0.03389064618165386
0 0.4423272357723577 0.7295526434704022 0.0665650406504065 0.04835065521915951
0 0.30284552845528456 0.5492544057840036 0.054878048780487805 0.04021690013556258
0 0.34552845528455284 0.4966109353818346 0.03353658536585366 0.05151378219611387
0 0.2964939024390244 0.47514685946678714 0.05741869918699187 0.061003163126976956
3 0.5200711382113821 0.7291007681879801 0.009654471544715448 0.006778129236330773
3 0.6095020325203252 0.7349751468594667 0.015752032520325202 0.03027564392227745
3 0.618140243902439 0.7672842295526434 0.011686991869918699 0.019882512426570267
3 0.6666666666666666 0.8210573881608676 0.032520325203252036 0.0298237686398554
3 0.6557418699186992 0.8727971079981925 0.0350609756097561 0.015815634884771803
3 0.6079776422764228 0.6244916403072752 0.02184959349593496 0.01717126073203796
3 0.6902947154471545 0.5813375508359693 0.048272357723577235 0.03027564392227745
3 0.7339939024390244 0.5580659737912336 0.043191056910569105 0.037957523723452326
3 0.049034552845528455 0.6362403976502485 0.015752032520325202 0.013556258472661545
3 0.05233739837398374 0.8470402169001355 0.011178861788617886 0.0076818798011748755
3 0.002540650406504065 0.851107094441934 0.0040650406504065045 0.010393131495707185
1 0.7454268292682927 0.570718481699051 0.00508130081300813 0.010845006778129237
1 0.6844512195121951 0.5580659737912336 0.006097560975609756 0.00903750564844103
1 0.6476117886178862 0.6028016267510167 0.012703252032520325 0.025305015815634886
1 0.6641260162601627 0.5933122458201536 0.01524390243902439 0.021690013556258474
1 0.6676829268292683 0.6057388160867601 0.014227642276422764 0.00587437867148667
1 0.6686991869918699 0.6102575689109806 0.01016260162601626 0.0076818798011748755
1 0.6854674796747967 0.6059647537279711 0.011178861788617886 0.010845006778129237
1 0.5802845528455285 0.6918210573881609 0.009146341463414634 0.009941256213285133
1 0.5823170731707317 0.6949841843651152 0.011178861788617886 0.00903750564844103
1 0.583079268292683 0.6988251242657026 0.008638211382113821 0.006778129236330773
1 0.5813008130081301 0.7049254405784003 0.013211382113821139 0.008133755083596927
1 0.588160569105691 0.736330772706733 0.023882113821138213 0.006778129236330773
1 0.6239837398373984 0.7318120198825124 0.011178861788617886 0.004970628106642567
1 0.6097560975609756 0.7180298237686399 0.012195121951219513 0.004518752824220515
1 0.6288109756097561 0.7661545413465883 0.010670731707317074 0.00587437867148667
1 0.604420731707317 0.7767736104835066 0.008638211382113821 0.010845006778129237
1 0.6034044715447154 0.780614550384094 0.007621951219512195 0.011296882060551287
1 0.6361788617886179 0.8725711703569815 0.00508130081300813 0.018978761861726163
1 0.6219512195121951 0.8739267962042476 0.0040650406504065045 0.009941256213285133
1 0.626270325203252 0.8723452327157705 0.005589430894308943 0.011296882060551287
1 0.6559959349593496 0.8834161771351107 0.00508130081300813 0.00903750564844103
1 0.672510162601626 0.8018526886579304 0.003556910569105691 0.009489380930863081
1 0.676829268292683 0.8036601897876187 0.003048780487804878 0.00858563036601898
1 0.6798780487804879 0.8063714414821509 0.00508130081300813 0.010393131495707185
1 0.6852134146341463 0.807953004970628 0.004573170731707317 0.01174875734297334
1 0.6880081300813008 0.8099864437415273 0.007113821138211382 0.0076818798011748755
1 0.6897865853658537 0.8129236330772707 0.008638211382113821 0.0063262539539087215
1 0.41996951219512196 0.9832806145503841 0.014735772357723578 0.03253502033438771
1 0.4067581300813008 0.9812471757794848 0.011686991869918699 0.02394938996836873
1 0.35365853658536583 0.9728874830546769 0.023373983739837397 0.0072300045187528245
1 0.08536585365853659 0.6174875734297334 0.0040650406504065045 0.010393131495707185
1 0.09095528455284553 0.6186172616357886 0.003048780487804878 0.01174875734297334
1 0.09502032520325203 0.6195210122006326 0.003048780487804878 0.010845006778129237
1 0.09933943089430894 0.6190691369182105 0.004573170731707317 0.01174875734297334
1 0.10416666666666667 0.6186172616357886 0.0040650406504065045 0.01174875734297334
1 0.10823170731707317 0.6195210122006326 0.0040650406504065045 0.01174875734297334
1 0.11280487804878049 0.6183913239945775 0.0040650406504065045 0.012200632625395391
1 0.11610772357723577 0.6181653863533665 0.003556910569105691 0.012652507907817443
1 0.12195121951219512 0.6179394487121554 0.008130081300813009 0.011296882060551287
1 0.3473069105691057 0.037957523723452326 0.0350609756097561 0.0063262539539087215
1 0.3480691056910569 0.04631721644826028 0.03556910569105691 0.0076818798011748755
1 0.35035569105691056 0.055128784455490284 0.033028455284552845 0.00903750564844103
1 0.34933943089430897 0.0605512878445549 0.0350609756097561 0.009941256213285133
1 0.3485772357723577 0.06891098056936286 0.037601626016260166 0.011296882060551287
1 0.34375 0.07749661093538183 0.036077235772357726 0.009489380930863081
1 0.3445121951219512 0.08540442837776774 0.03556910569105691 0.009941256213285133
1 0.3389227642276423 0.09286037053773159 0.036585365853658534 0.009489380930863081
1 0.3249491869918699 0.10234975146859467 0.038109756097560975 0.009489380930863081
1 0.31427845528455284 0.10980569362855852 0.0391260162601626 0.009941256213285133
2 0.5525914634146342 0.8382286488929056 0.0066056910569105695 0.016267510167193855
2 0.5650406504065041 0.8357433348395843 0.00508130081300813 0.011296882060551287
2 0.5614837398373984 0.8520108450067782 0.00508130081300813 0.0076818798011748755
2 0.5678353658536586 0.8549480343425214 0.0066056910569105695 0.00903750564844103
2 0.5858739837398373 0.8328061455038409 0.003048780487804878 0.009941256213285133
2 0.6216971544715447 0.8316764572977858 0.004573170731707317 0.006778129236330773
2 0.5820630081300813 0.8192498870311794 0.004573170731707317 0.00903750564844103
2 0.5904471544715447 0.8032083145051966 0.0040650406504065045 0.00858563036601898
2 0.592479674796748 0.7923633077270673 0.007113821138211382 0.011296882060551287
2 0.5561483739837398 0.7948486217803886 0.0066056910569105695 0.009941256213285133
2 0.5914634146341463 0.7686398553999096 0.006097560975609756 0.008133755083596927
2 0.03353658536585366 0.8319023949389969 0.006097560975609756 0.00903750564844103
2 0.015497967479674796 0.8452327157704473 0.010670731707317074 0.011296882060551287
2 0.2604166666666667 0.7178038861274288 0.008638211382113821 0.00858563036601898
2 0.20985772357723578 0.7485314053321284 0.009146341463414634 0.0076818798011748755
2 0.1910569105691057 0.7401717126073204 0.01016260162601626 0.009941256213285133
2 0.1872459349593496 0.7144148215092635 0.010670731707317074 0.013556258472661545
2 0.14354674796747968 0.6983732489832806 0.0066056910569105695 0.009489380930863081
1 0.25101626016260165 0.964979665612291 0.00508130081300813 0.01762313601446001
1 0.2576219512195122 0.9713059195661997 0.008130081300813009 0.01762313601446001
0 0.3404471544715447 0.868052417532761 0.036585365853658534 0.02711251694532309
0 0.5807926829268293 0.8974243108901943 0.04065040650406504 0.03615002259376412
0 0.6074695121951219 0.8836421147763217 0.0350609756097561 0.027564392227745142
0 0.5353150406504065 0.807275192046995 0.03709349593495935 0.027564392227745142
0 0.5340447154471545 0.842069588793493 0.029471544715447155 0.039313149570718485
