0 0.5554903112155021 0.6728434504792332 0.046975924838520255 0.04984025559105431
0 0.6147974163241339 0.7124600638977636 0.04932472108044627 0.04856230031948882
0 0.6544333529066354 0.6648562300319489 0.04286553141514973 0.05559105431309904
0 0.6579565472695243 0.5383386581469649 0.04286553141514973 0.049201277955271565
0 0.7307692307692307 0.5230031948881789 0.04169113329418673 0.049201277955271565
0 0.5208455666470934 0.44792332268370605 0.04462712859659425 0.06517571884984026
0 0.6450381679389313 0.4319488817891374 0.04169113329418673 0.04472843450479233
0 0.7078684674104522 0.3987220447284345 0.03464474456840869 0.043450479233226834
0 0.6491485613623018 0.3428115015974441 0.04756312389900176 0.06964856230031949
0 0.5845566647093364 0.29456869009584663 0.0722254844392249 0.043450479233226834
0 0.684380504991192 0.27252396166134185 0.04169113329418673 0.053035143769968054
0 0.67968291250734 0.1584664536741214 0.05578391074574281 0.05878594249201278
0 0.758954785672343 0.2402555910543131 0.0369935408103347 0.028115015974440896
0 0.7886083382266589 0.18434504792332268 0.051673517322372284 0.03769968051118211
0 0.5173223722842043 0.9057507987220448 0.041103934233705224 0.04792332268370607
0 0.6118614210217264 0.746964856230032 0.028185554903112156 0.0268370607028754
0 0.6156782149148561 0.773482428115016 0.02759835584263065 0.022364217252396165
0 0.532002348796242 0.40926517571884985 0.04932472108044627 0.02619808306709265
0 0.48766881972988846 0.4744408945686901 0.022900763358778626 0.031309904153354634
0 0.725778038755138 0.21022364217252396 0.07985907222548444 0.08434504792332269
0 0.7213740458015268 0.43738019169329073 0.026423957721667644 0.03386581469648562
0 0.6720493247210805 0.4741214057507987 0.0369935408103347 0.047284345047923323
0 0.6244862008220787 0.46325878594249204 0.0546095126247798 0.060063897763578275
0 0.5860246623605402 0.4821086261980831 0.0551967116852613 0.08115015974440895
3 0.6741045214327657 0.1501597444089457 0.014092777451556078 0.014057507987220448
3 0.7771579565472695 0.23162939297124602 0.013505578391074574 0.01853035143769968
