3 0.43593106032221807 0.32611506140917906 0.013113525665043087 0.03425985778926956
0 0.10884226301985762 0.6593406593406593 0.028849756463094792 0.04395604395604396
0 0.10734357437242413 0.7191338073691015 0.03634319970026227 0.049773755656108594
0 0.11895841139003371 0.8335488041370395 0.028849756463094792 0.05623787976729153
0 0.1464968152866242 0.883322559793148 0.032971150243536904 0.057530704589528116
3 0.08430123641813413 0.38623141564318036 0.013488197826901461 0.01874595992243051
1 0.3853503184713376 0.5255332902391726 0.013862869988759834 0.031027795733678087
0 0.5723117272386662 0.6877828054298643 0.0258523791682278 0.05042016806722689
0 0.5927313600599475 0.6981254040077569 0.021730985387785687 0.023270846800258566
0 0.6110902959910078 0.7385261797026503 0.011989509179467965 0.03296703296703297
0 0.6073435743724241 0.7734324499030382 0.029224428624953166 0.04072398190045249
0 0.6457474709629074 0.7462831286360698 0.015361558636193332 0.025210084033613446
0 0.649306856500562 0.7724628312863607 0.036717871862120645 0.04395604395604396
0 0.6204571000374672 0.8122171945701357 0.036717871862120645 0.04201680672268908
0 0.58523791682278 0.8710407239819005 0.0359685275384039 0.06528765352294764
0 0.5485200449606594 0.9385908209437621 0.02847508430123642 0.04783451842275371
3 0.93780442113151 0.06884292178409826 0.017234919445485202 0.03296703296703297
3 0.9153240914200075 0.2954104718810601 0.01798426376920195 0.028442146089204912
3 0.563132259273136 0.19877181641887523 0.015736230798051705 0.029088558500323207
3 0.6461221431247658 0.17679379444085327 0.020606968902210566 0.02262443438914027
0 0.5028100412139378 0.9848093083387202 0.02397901835893593 0.030381383322559793
0 0.39190708130385915 0.577246283128636 0.017234919445485202 0.028442146089204912
0 0.5550768077931809 0.7737556561085973 0.009366804046459348 0.014221073044602456
0 0.6736605470213564 0.5484809308338721 0.011240164855751217 0.013574660633484163
