6 0.9535245335176227 0.38393543428132204 0.08949550794747754 0.1083781706379708
0 0.9276088458880443 0.29592621060722524 0.03144436765722184 0.05764796310530361
0 0.8792328956461645 0.27690238278247503 0.032135452660677265 0.060338201383551116
0 0.8078783690393918 0.1911990776325903 0.027643400138217002 0.02421214450422752
9 0.6549758120248791 0.4544581091468101 0.07014512785072564 0.07417371252882399
3 0.7204561161022806 0.4277478862413528 0.025570145127850726 0.024596464258262875
3 0.7531098825155494 0.4882782475019216 0.032135452660677265 0.02959262106072252
6 0.7152729785763648 0.5082628747117602 0.0221147201105736 0.02421214450422752
5 0.437456807187284 0.6681398923904689 0.020041465100207326 0.017294388931591083
6 0.1603317208016586 0.558608762490392 0.06979958534899793 0.060338201383551116
0 0.09657912923289565 0.5703305149884704 0.027988942639944715 0.05534204458109147
6 0.12180373185901866 0.702728670253651 0.08120248790601244 0.09800153727901614
6 0.06530753282653766 0.9173712528823982 0.11126468555632343 0.13758647194465795
9 0.16793365583966827 0.2248270561106841 0.23635107118175536 0.26594926979246736
0 0.1323427781617139 0.6247117601844735 0.009675190048375951 0.009607993850883935
0 0.1587767795438839 0.6122213681783244 0.013476157567380787 0.010760953112990008
5 0.5511402902557014 0.18677940046118371 0.022805805114029024 0.017678708685626442
