5 0.9634502923976608 0.22484501669051024 0.04051796157059315 0.05484024797329518
5 0.4440267335004177 0.34000953743443013 0.05430242272347535 0.05340963280877444
5 0.015037593984962405 0.5486409155937053 0.02422723475355054 0.01859799713876967
5 0.21679197994987467 0.4742489270386266 0.031746031746031744 0.0195517405817835
5 0.3868003341687552 0.5071530758226037 0.023391812865497075 0.01859799713876967
0 0.04824561403508772 0.4690033381020505 0.057226399331662486 0.05484024797329518
0 0.17878028404344193 0.5605627086313781 0.053467000835421885 0.04625655698617072
0 0.24561403508771928 0.6092036242250835 0.053467000835421885 0.04625655698617072
0 0.1764828738512949 0.6435383881735813 0.04803675856307435 0.04053409632808774
0 0.16123642439431912 0.5958512160228898 0.03258145363408521 0.03671912255603243
0 0.14243943191311612 0.7265140677157844 0.04845446950710108 0.03671912255603243
0 0.15873015873015872 0.8278493085360038 0.04928989139515455 0.03338102050548403
5 0.5509607351712615 0.539103481163567 0.022556390977443608 0.0195517405817835
5 0.8088972431077694 0.5958512160228898 0.014619883040935672 0.013829279923700524
5 0.781328320802005 0.6344778254649499 0.011278195488721804 0.010968049594659036
5 0.9801587301587301 0.7162613257033857 0.016290726817042606 0.009537434430138292
5 0.9571846282372598 0.630901287553648 0.00960735171261487 0.01335240820219361
