0 0.7212628170534269 0.9082054309327037 0.07933081489476525 0.10330578512396695
0 0.9074473826227739 0.7095631641086186 0.07393416082029142 0.09917355371900827
0 0.835671883432272 0.7452774498229043 0.06637884511602807 0.09622195985832349
0 0.7390717754991905 0.7027744982290437 0.07825148407987048 0.10448642266824085
0 0.8073394495412844 0.588547815820543 0.08094981111710739 0.06257378984651712
0 0.5666486778197517 0.5427981109799291 0.06799784133837021 0.07024793388429752
0 0.46087425796006476 0.48435655253837073 0.09498111171073934 0.0808736717827627
0 0.32164058283864005 0.4138134592680047 0.12951969778737182 0.0602125147579693
0 0.5669185105234754 0.34710743801652894 0.05666486778197517 0.07319952774498228
0 0.3181327576902321 0.13488783943329397 0.09983810037776579 0.09031877213695395
0 0.06556934700485699 0.07201889020070838 0.08904479222881813 0.08264462809917356
0 0.6246627091203454 0.5997638724911453 0.0901241230437129 0.09563164108618655
0 0.5536967080410146 0.2842384887839433 0.050728548300053966 0.050177095631641085
0 0.5259039395574744 0.24468713105076742 0.033998920669185105 0.026564344746162927
0 0.3456556934700486 0.365702479338843 0.08904479222881813 0.07969303423848878
0 0.63815434430653 0.6773907910271547 0.03184025903939557 0.03837072018890201
