0 0.362748457847841 0.5465116279069767 0.027758738862234407 0.04129093497864262
0 0.44002741603838247 0.40579022306597057 0.030843043180260453 0.036070242050308496
0 0.38074023303632626 0.6483151400094922 0.01439342015078821 0.022781205505457997
0 0.37097326936257713 0.6751305173232084 0.01610692254969157 0.026103464641670623
0 0.06922549691569568 0.6839107736117703 0.027416038382453736 0.04081632653061224
0 0.04883481836874572 0.6400094921689606 0.02638793694311172 0.03844328429046037
0 0.039924605894448253 0.6103464641670622 0.014736120630568882 0.019933554817275746
0 0.3207676490747087 0.9112482202183199 0.02193283070596299 0.027527289985761746
4 0.35760795065113093 0.9176554342667299 0.009938313913639479 0.011865211200759373
3 0.3733721727210418 0.9677266255339345 0.013365318711446196 0.018035121025154248
0 0.9659013022618231 0.029425723777883245 0.019533927347498287 0.021831988609397248
0 0.950993831391364 0.04817275747508306 0.02193283070596299 0.036544850498338874
0 0.9504797806716929 0.13526340768865686 0.027073337902673064 0.037019458946369245
0 0.9563056888279644 0.09302325581395349 0.02638793694311172 0.045562411010915994
2 0.20253598355037697 0.6407214048410061 0.01439342015078821 0.014238253440911248
2 0.24982864976010966 0.6699098243948742 0.017135023989033583 0.012814428096820124
