0 0.6592394533571004 0.9551219512195122 0.0421865715983363 0.045853658536585365
0 0.6913250148544267 0.7217073170731707 0.044563279857397504 0.03951219512195122
0 0.6990493166963755 0.7451219512195122 0.0421865715983363 0.022926829268292682
0 0.5026737967914439 0.6526829268292683 0.049910873440285206 0.03024390243902439
2 0.5377302436125966 0.6197560975609756 0.015448603683897801 0.01707317073170732
0 0.19607843137254902 0.48878048780487804 0.024955436720142603 0.03219512195121951
0 0.21093285799168152 0.35609756097560974 0.0392156862745098 0.04878048780487805
0 0.24539512774806893 0.33634146341463417 0.0344622697563874 0.01707317073170732
0 0.22905525846702318 0.3753658536585366 0.036244800950683304 0.022926829268292682
0 0.21806298276886513 0.4746341463414634 0.024955436720142603 0.01951219512195122
0 0.470291146761735 0.5221951219512195 0.0457516339869281 0.041463414634146344
0 0.5412953060011884 0.5170731707317073 0.0392156862745098 0.03609756097560975
0 0.5273321449792038 0.4380487804878049 0.027926322043969103 0.016585365853658537
2 0.5225787284610814 0.4275609756097561 0.016042780748663103 0.012195121951219513
0 0.5362448009506833 0.3897560975609756 0.0255496137849079 0.02048780487804878
0 0.5472370766488414 0.4175609756097561 0.038027332144979206 0.03219512195121951
0 0.5282234105763518 0.3595121951219512 0.049910873440285206 0.04
0 0.4477124183006536 0.3170731707317073 0.032679738562091505 0.04390243902439024
0 0.40106951871657753 0.2846341463414634 0.0225787284610814 0.037560975609756096
0 0.5011883541295306 0.23609756097560974 0.052881758764111705 0.050731707317073174
0 0.5552584670231729 0.16073170731707317 0.05169340463458111 0.03170731707317073
2 0.5721925133689839 0.20073170731707318 0.015448603683897801 0.012195121951219513
0 0.5442661913250149 0.1075609756097561 0.059417706476530004 0.027804878048780488
0 0.4613784907902555 0.0873170731707317 0.032679738562091505 0.027317073170731707
0 0.36660724896019015 0.05365853658536585 0.033273915626856804 0.0351219512195122
0 0.7655971479500892 0.13829268292682928 0.0421865715983363 0.036585365853658534
0 0.398989898989899 0.16073170731707317 0.06001188354129531 0.027804878048780488
0 0.34076054664289956 0.033414634146341465 0.04931669637551991 0.02878048780487805
