9 0.8202995008319468 0.13013333333333332 0.08402662229617304 0.1184
3 0.9007903494176372 0.08453333333333334 0.03119800332778702 0.03573333333333333
3 0.9428036605657238 0.17253333333333334 0.03618968386023295 0.047466666666666664
6 0.8951747088186356 0.20133333333333334 0.029950083194675542 0.026133333333333335
5 0.5636439267886856 0.42533333333333334 0.024958402662229616 0.028266666666666666
6 0.12853577371048253 0.8029333333333334 0.1264559068219634 0.17333333333333334
6 0.18074043261231282 0.4882666666666667 0.1110648918469218 0.136
0 0.15391014975041598 0.2946666666666667 0.036605657237936774 0.07626666666666666
6 0.22358569051580698 0.2786666666666667 0.08527454242928452 0.07733333333333334
0 0.19696339434276205 0.3736 0.011231281198003328 0.013333333333333334
0 0.22670549084858568 0.3552 0.015806988352745424 0.016
0 0.2622712146422629 0.31466666666666665 0.011231281198003328 0.010666666666666666
