0 0.3405152224824356 0.10136286201022146 0.054332552693208434 0.06303236797274275
0 0.3519906323185012 0.1631175468483816 0.04543325526932084 0.06303236797274275
0 0.572599531615925 0.47189097103918226 0.06978922716627635 0.06388415672913117
0 0.7721311475409836 0.6298977853492334 0.054800936768149885 0.05281090289608177
0 0.8072599531615925 0.6784497444633731 0.04355971896955504 0.044293015332197615
0 0.8290398126463701 0.57793867120954 0.05901639344262295 0.04770017035775128
0 0.8688524590163934 0.6963373083475298 0.05807962529274005 0.07410562180579217
0 0.8927400468384075 0.7646933560477002 0.04871194379391101 0.04812606473594549
0 0.9185011709601874 0.7800255536626917 0.047775175644028105 0.038756388415672915
0 0.9360655737704918 0.805366269165247 0.07634660421545668 0.03833049403747871
0 0.9721311475409836 0.8317717206132879 0.04918032786885246 0.04599659284497445
0 0.9473067915690867 0.8718057921635435 0.060421545667447306 0.05706984667802385
0 0.84192037470726 0.8158006814310051 0.060421545667447306 0.04812606473594549
0 0.834192037470726 0.7710817717206133 0.053395784543325525 0.038756388415672915
0 0.8608899297423888 0.791098807495741 0.035597189695550355 0.02938671209540034
