4 0.08674077014688368 0.7439548629768942 0.014688368400158794 0.015583019881783988
4 0.07483128225486305 0.7681354110693176 0.02421595871377531 0.028479312197743148
0 0.4878920206431123 0.6515314347125202 0.05319571258435887 0.05212251477700161
3 0.3318777292576419 0.677055346587856 0.034140531957125846 0.05373455131649651
2 0.31341802302500993 0.668189145620634 0.007542675664946407 0.019881783987103708
2 0.33406113537117904 0.19747447608812466 0.03533148074632791 0.04137560451370231
0 0.7123858674077015 0.8968296614723267 0.039301310043668124 0.06985491671144546
0 0.5017864231838031 0.961579795808705 0.06351726875744343 0.04137560451370231
0 0.49940452560539894 0.9790435249865663 0.0666931321953156 0.03653949489521763
0 0.5619293370385073 0.9803868887694788 0.06232631996824137 0.03922622246104245
