3 0.5336538461538461 0.34775641025641024 0.012123745819397994 0.03365384615384615
3 0.5512123745819398 0.4166666666666667 0.016304347826086956 0.030448717948717948
3 0.56438127090301 0.44871794871794873 0.017558528428093644 0.020833333333333332
0 0.229933110367893 0.8213141025641025 0.03260869565217391 0.0625
0 0.2426839464882943 0.9006410256410257 0.025501672240802676 0.035256410256410256
0 0.15510033444816054 0.7544070512820513 0.030100334448160536 0.055288461538461536
0 0.18854515050167225 0.8581730769230769 0.04180602006688963 0.08653846153846154
0 0.20296822742474915 0.5356570512820513 0.018812709030100336 0.03125
0 0.2600334448160535 0.4439102564102564 0.05016722408026756 0.07852564102564102
0 0.13837792642140467 0.5713141025641025 0.039297658862876256 0.06570512820512821
0 0.09427257525083613 0.5765224358974359 0.022993311036789296 0.05048076923076923
0 0.18415551839464883 0.578125 0.03887959866220736 0.07612179487179487
0 0.16137123745819398 0.6097756410256411 0.030936454849498328 0.046474358974358976
0 0.2140468227424749 0.5757211538461539 0.03678929765886288 0.06971153846153846
0 0.24770066889632106 0.5604967948717948 0.041387959866220736 0.05689102564102564
0 0.342809364548495 0.3713942307692308 0.052675585284280936 0.07612179487179487
0 0.3605769230769231 0.2311698717948718 0.03469899665551839 0.08253205128205128
0 0.3451086956521739 0.042868589743589744 0.03887959866220736 0.06169871794871795
0 0.2959866220735786 0.08173076923076923 0.042642140468227424 0.049679487179487176
0 0.28887959866220736 0.5524839743589743 0.015050167224080268 0.05368589743589743
0 0.30581103678929766 0.5568910256410257 0.030518394648829432 0.06891025641025642
0 0.28365384615384615 0.6302083333333334 0.024665551839464884 0.03445512820512821
0 0.17391304347826086 0.6662660256410257 0.019230769230769232 0.044070512820512824
0 0.13357023411371238 0.7099358974358975 0.015468227424749164 0.04487179487179487
0 0.14443979933110368 0.6786858974358975 0.02717391304347826 0.04006410256410257
0 0.15656354515050167 0.6919070512820513 0.015468227424749164 0.04887820512820513
0 0.17349498327759197 0.7167467948717948 0.020066889632107024 0.04246794871794872
0 0.22428929765886288 0.7135416666666666 0.03887959866220736 0.06009615384615385
0 0.26275083612040134 0.3890224358974359 0.0338628762541806 0.05368589743589743
0 0.270066889632107 0.3573717948717949 0.03511705685618729 0.06891025641025642
0 0.2763377926421405 0.31650641025641024 0.04431438127090301 0.0625
0 0.2554347826086957 0.9787660256410257 0.038461538461538464 0.04246794871794872
0 0.18248327759197325 0.9595352564102564 0.05727424749163879 0.08092948717948718
2 0.14945652173913043 0.9042467948717948 0.012123745819397994 0.026442307692307692
3 0.7255434782608695 0.024439102564102564 0.012959866220735786 0.04246794871794872
3 0.7435200668896321 0.04567307692307692 0.008779264214046822 0.028846153846153848
3 0.7604515050167224 0.0673076923076923 0.010033444816053512 0.028846153846153848
3 0.7926421404682275 0.07011217948717949 0.010033444816053512 0.03125
3 0.7976588628762542 0.0673076923076923 0.010033444816053512 0.030448717948717948
3 0.7915969899665551 0.4375 0.018812709030100336 0.030448717948717948
1 0.8432274247491639 0.6486378205128205 0.010033444816053512 0.03125
1 0.8407190635451505 0.610176282051282 0.013377926421404682 0.01842948717948718
1 0.8365384615384616 0.6029647435897436 0.024247491638795988 0.036057692307692304
1 0.8336120401337793 0.5833333333333334 0.025919732441471572 0.035256410256410256
1 0.822324414715719 0.5280448717948718 0.03177257525083612 0.02403846153846154
1 0.8158444816053512 0.4951923076923077 0.02048494983277592 0.046474358974358976
1 0.8053929765886287 0.44350961538461536 0.028846153846153848 0.047275641025641024
1 0.8114548494983278 0.4595352564102564 0.026755852842809364 0.052083333333333336
1 0.8252508361204013 0.5428685897435898 0.024247491638795988 0.01842948717948718
1 0.8321488294314381 0.5921474358974359 0.023829431438127092 0.022435897435897436
3 0.8409280936454849 0.5620993589743589 0.012959866220735786 0.01842948717948718
1 0.7454013377926422 0.27403846153846156 0.00919732441471572 0.0625
1 0.7537625418060201 0.27844551282051283 0.010033444816053512 0.058493589743589744
1 0.7696488294314381 0.078125 0.030100334448160536 0.052083333333333336
