3 0.3264150943396226 0.9023713420787084 0.04622641509433962 0.031786074672048435
3 0.35188679245283017 0.8519172552976791 0.08867924528301886 0.059031281533804235
3 0.4375 0.8867305751765893 0.04858490566037736 0.042885973763874874
0 0.4712264150943396 0.7338546922300706 0.027358490566037737 0.03380423814328961
0 0.38702830188679244 0.5055499495459133 0.08537735849056603 0.05953582240161453
0 0.2846698113207547 0.5012613521695257 0.075 0.052976791120080725
0 0.26910377358490567 0.42558022199798184 0.03820754716981132 0.03985872855701312
0 0.4231132075471698 0.4079212916246216 0.035849056603773584 0.03884964682139253
0 0.45825471698113207 0.4704843592330979 0.05518867924528302 0.03481331987891019
0 0.5150943396226415 0.4853683148335015 0.040566037735849055 0.03733602421796166
0 0.566745283018868 0.47906155398587286 0.03915094339622641 0.0549949545913219
0 0.5915094339622642 0.4056508577194753 0.04245283018867924 0.045408678102926335
0 0.7212264150943396 0.4722502522704339 0.035849056603773584 0.03632694248234107
0 0.7556603773584906 0.5040363269424823 0.04433962264150943 0.04339051463168517
0 0.792688679245283 0.5711402623612513 0.04858490566037736 0.044399596367305755
0 0.8429245283018868 0.669021190716448 0.06886792452830189 0.07870837537840565
0 0.9037735849056604 0.7071140262361252 0.045283018867924525 0.04389505549949546
0 0.2205188679245283 0.4106962663975782 0.04009433962264151 0.039354187689202826
0 0.22382075471698112 0.260343087790111 0.028773584905660378 0.039354187689202826
0 0.11745283018867925 0.16347124117053483 0.05 0.04641775983854692
0 0.1169811320754717 0.06962663975782038 0.03962264150943396 0.044399596367305755
0 0.3278301886792453 0.8203834510595358 0.031132075471698113 0.027245206861755803
0 0.5724056603773585 0.5973763874873865 0.04764150943396227 0.04641775983854692
0 0.6058962264150943 0.4820887991927346 0.04575471698113207 0.046922300706357216
0 0.6308962264150944 0.4147325933400605 0.032547169811320754 0.033299697275479316
0 0.21014150943396226 0.34056508577194755 0.02122641509433962 0.02119071644803229
0 0.5047169811320755 0.7366296670030272 0.02547169811320755 0.03128153380423814
