0 0.2051792828685259 0.662598944591029 0.035856573705179286 0.07849604221635884
0 0.2693227091633466 0.7262532981530343 0.04780876494023904 0.059366754617414245
0 0.27629482071713146 0.6098284960422163 0.045816733067729085 0.09036939313984169
0 0.29880478087649404 0.6738126649076517 0.04302788844621514 0.06398416886543536
0 0.31593625498007966 0.587730870712401 0.04063745019920319 0.07387862796833773
0 0.3049800796812749 0.4703166226912929 0.03386454183266932 0.08839050131926121
0 0.3583665338645418 0.3575197889182058 0.03386454183266932 0.07783641160949868
0 0.4045816733067729 0.6968997361477572 0.05697211155378486 0.0679419525065963
0 0.45199203187250997 0.6490765171503958 0.06095617529880478 0.0870712401055409
0 0.5097609561752988 0.6968997361477572 0.047410358565737054 0.07453825857519789
0 0.4756972111553785 0.808377308707124 0.05896414342629482 0.07453825857519789
0 0.3970119521912351 0.9053430079155673 0.05776892430278884 0.08113456464379948
0 0.49342629482071715 0.9003957783641161 0.05139442231075697 0.06464379947229551
0 0.3286852589641434 0.8532321899736148 0.054183266932270914 0.08905013192612138
6 0.9031872509960159 0.2354881266490765 0.07808764940239044 0.15567282321899736
0 0.3705179282868526 0.4145778364116095 0.04701195219123506 0.04551451187335093
