3 0.06656073446327683 0.18385864374403058 0.010240112994350282 0.017191977077363897
3 0.07944915254237288 0.18911174785100288 0.018361581920903956 0.021012416427889206
3 0.11475988700564972 0.27435530085959886 0.012005649717514125 0.022445081184336198
3 0.11811440677966102 0.3333333333333333 0.012358757062146893 0.022922636103151862
3 0.10893361581920905 0.387774594078319 0.013064971751412429 0.021012416427889206
1 0.16666666666666666 0.416189111747851 0.031073446327683617 0.05873925501432665
3 0.2443502824858757 0.45248328557784145 0.022598870056497175 0.015759312320916905
3 0.2042725988700565 0.3832378223495702 0.011652542372881356 0.02148997134670487
3 0.10116525423728813 0.23376313276026742 0.025070621468926555 0.022445081184336198
3 0.09957627118644068 0.22707736389684813 0.012711864406779662 0.008118433619866285
3 0.09198446327683615 0.21227316141356256 0.016596045197740113 0.011938872970391595
3 0.2510593220338983 0.43600764087870103 0.012711864406779662 0.009551098376313277
3 0.2505296610169492 0.44149952244508117 0.013064971751412429 0.009073543457497613
3 0.2572387005649718 0.5501432664756447 0.013064971751412429 0.013371537726838587
3 0.2621822033898305 0.5787965616045845 0.01518361581920904 0.012416427889207259
1 0.9239053672316384 0.4878223495702006 0.007415254237288136 0.03199617956064948
1 0.9300847457627118 0.49474689589302767 0.007062146892655367 0.033428844317096466
1 0.9359110169491526 0.5033428844317096 0.006709039548022599 0.034383954154727794
1 0.9427966101694916 0.5031041069723018 0.007062146892655367 0.03677172874880611
1 0.9479166666666666 0.5050143266475645 0.006002824858757062 0.03677172874880611
1 0.9542725988700564 0.5038204393505253 0.007415254237288136 0.034383954154727794
1 0.959569209039548 0.4978510028653295 0.006002824858757062 0.03772683858643744
1 0.9652189265536724 0.4992836676217765 0.006709039548022599 0.03772683858643744
1 0.9712217514124294 0.5021489971346705 0.007415254237288136 0.03868194842406877
1 0.97704802259887 0.502865329512894 0.00847457627118644 0.038204393505253106
1 0.9844632768361582 0.5052531041069723 0.009887005649717515 0.034383954154727794
1 0.4844632768361582 0.8615090735434575 0.007062146892655367 0.008595988538681949
1 0.4330861581920904 0.8646131805157593 0.006002824858757062 0.009073543457497613
1 0.428319209039548 0.8658070678127985 0.006355932203389831 0.011461318051575931
1 0.4224929378531073 0.8660458452722063 0.005296610169491525 0.013849092645654251
1 0.723340395480226 0.8438395415472779 0.005296610169491525 0.013371537726838587
1 0.7424081920903954 0.8598376313276027 0.006709039548022599 0.011938872970391595
0 0.7281073446327684 0.9178605539637058 0.023305084745762712 0.06494746895893028
1 0.7018008474576272 0.9317096466093601 0.011652542372881356 0.0057306590257879654
1 0.6986228813559322 0.9367239732569246 0.009533898305084746 0.0071633237822349575
0 0.6131709039548022 0.9016236867239733 0.029307909604519775 0.04680038204393505
3 0.6366525423728814 0.9348137535816619 0.029661016949152543 0.04250238777459408
1 0.6290607344632768 0.9474689589302769 0.007415254237288136 0.012416427889207259
1 0.655367231638418 0.9543935052531041 0.01059322033898305 0.031041069723018146
3 0.669138418079096 0.9591690544412608 0.024717514124293787 0.02626552053486151
1 0.6765536723163842 0.981614135625597 0.007062146892655367 0.010983763132760267
1 0.6710805084745762 0.9782712511938872 0.003884180790960452 0.011938872970391595
1 0.6680790960451978 0.977316141356256 0.00423728813559322 0.010983763132760267
1 0.6656073446327684 0.9782712511938872 0.00423728813559322 0.01002865329512894
1 0.6618997175141242 0.9763610315186246 0.004590395480225989 0.01002865329512894
1 0.6587217514124294 0.9751671442215855 0.005296610169491525 0.010506208213944603
1 0.739406779661017 0.8478987583572111 0.028954802259887006 0.028175740210124166
3 0.4309675141242938 0.8545845272206304 0.01730225988700565 0.013849092645654251
1 0.4929378531073446 0.812559694364852 0.01059322033898305 0.0062082139446036294
1 0.4696327683615819 0.8612702960840497 0.007062146892655367 0.01002865329512894
3 0.4796963276836158 0.8488538681948424 0.029307909604519775 0.020534861509073542
2 0.4000706214689266 0.8483763132760267 0.009180790960451978 0.0052531041069723014
2 0.3829449152542373 0.8359598853868195 0.006709039548022599 0.008118433619866285
2 0.3915960451977401 0.8412129894937918 0.009180790960451978 0.0071633237822349575
2 0.3979519774011299 0.828080229226361 0.009180790960451978 0.004775549188156638
2 0.3882415254237288 0.8292741165234002 0.00882768361581921 0.0052531041069723014
2 0.3373940677966102 0.8056351480420249 0.008121468926553672 0.008595988538681949
2 0.3432203389830508 0.8118433619866284 0.014830508474576272 0.009551098376313277
2 0.3448093220338983 0.8216332378223495 0.014477401129943503 0.0062082139446036294
2 0.3202683615819209 0.7328080229226361 0.006355932203389831 0.010983763132760267
2 0.3176200564971751 0.7223018147086915 0.00882768361581921 0.010983763132760267
2 0.3631709039548023 0.8402578796561605 0.006709039548022599 0.009073543457497613
1 0.3905367231638418 0.8925501432664756 0.005649717514124294 0.012416427889207259
1 0.386475988700565 0.8882521489971347 0.003884180790960452 0.013371537726838587
2 0.3742937853107345 0.8691499522445081 0.007768361581920904 0.007640878701050621
2 0.3688206214689266 0.8538681948424068 0.008121468926553672 0.004775549188156638
2 0.3347457627118644 0.795367717287488 0.012711864406779662 0.0052531041069723014
2 0.4405014124293785 0.6554441260744985 0.007415254237288136 0.0062082139446036294
2 0.7621822033898306 0.6473256924546322 0.009533898305084746 0.011938872970391595
2 0.4482697740112994 0.5393982808022922 0.010240112994350282 0.011938872970391595
3 0.4975282485875706 0.35744985673352436 0.01059322033898305 0.014804202483285577
1 0.4807556497175141 0.37034383954154726 0.009533898305084746 0.014804202483285577
1 0.4952330508474576 0.3734479465138491 0.007415254237288136 0.01623686723973257
1 0.4989406779661017 0.38658070678127987 0.009887005649717515 0.0071633237822349575
1 0.4998234463276836 0.39040114613180515 0.00882768361581921 0.0052531041069723014
1 0.5017655367231638 0.394937917860554 0.009887005649717515 0.0066857688634192934
1 0.5026483050847458 0.39947468958930277 0.010946327683615819 0.009073543457497613
2 0.12482344632768362 0.06446991404011461 0.010946327683615819 0.011461318051575931
1 0.0993997175141243 0.0785577841451767 0.010240112994350282 0.011938872970391595
0 0.1271186440677966 0.11318051575931232 0.05014124293785311 0.054441260744985676
2 0.18043785310734464 0.1735912129894938 0.009180790960451978 0.010983763132760267
0 0.1551906779661017 0.18982808022922637 0.037076271186440676 0.03868194842406877
0 0.19456214689265536 0.13872970391595033 0.038135593220338986 0.054918815663801336
0 0.13576977401129944 0.04536771728748806 0.045550847457627115 0.055396370582617004
0 0.17478813559322035 0.023161413562559695 0.02824858757062147 0.0329512893982808
0 0.18485169491525424 0.07163323782234957 0.026483050847457626 0.030563514804202482
0 0.1875 0.048471824259789874 0.028954802259887006 0.025310410697230182
3 0.3112641242937853 0.32951289398280803 0.016596045197740113 0.018147086914995225
1 0.5963983050847458 0.9013849092645654 0.009180790960451978 0.0062082139446036294
1 0.590572033898305 0.8846704871060171 0.010240112994350282 0.0052531041069723014
1 0.590572033898305 0.8887297039159503 0.010946327683615819 0.0066857688634192934
1 0.5944562146892656 0.8944603629417383 0.00882768361581921 0.004775549188156638
1 0.5919844632768362 0.8770296084049666 0.006002824858757062 0.01002865329512894
3 0.6048728813559322 0.8717765042979942 0.011299435028248588 0.013849092645654251
3 0.5649717514124294 0.8311843361986628 0.018361581920903956 0.020534861509073542
0 0.6036370056497176 0.8118433619866284 0.04343220338983051 0.05921680993314231
0 0.5540254237288136 0.7643266475644699 0.033192090395480225 0.03199617956064948
0 0.5768008474576272 0.7655205348615091 0.025070621468926555 0.03724928366762178
0 0.5215395480225988 0.7425978987583572 0.03954802259887006 0.045845272206303724
0 0.4394420903954802 0.8003820439350525 0.03001412429378531 0.03151862464183381
0 0.4145480225988701 0.8144699140401146 0.021892655367231638 0.020534861509073542
0 0.4129590395480226 0.8003820439350525 0.02577683615819209 0.017191977077363897
0 0.3917725988700565 0.7564469914040115 0.024364406779661018 0.029608404966571154
0 0.461864406779661 0.7094078319006686 0.043785310734463276 0.059694364851957976
0 0.4254943502824859 0.7306590257879656 0.031073446327683617 0.02865329512893983
0 0.4092514124293785 0.7402101241642789 0.023305084745762712 0.02387774594078319
0 0.4244350282485876 0.6721585482330468 0.03531073446327684 0.031041069723018146
0 0.4002471751412429 0.6955587392550143 0.033545197740113 0.02626552053486151
0 0.4528601694915254 0.6284622731614136 0.034957627118644065 0.04871060171919771
0 0.4689265536723164 0.6528175740210124 0.03248587570621469 0.03247373447946514
0 0.4936440677966102 0.6977077363896849 0.03672316384180791 0.06303724928366762
0 0.4901129943502825 0.7545367717287488 0.03389830508474576 0.02865329512893983
3 0.4726341807909605 0.778414517669532 0.011652542372881356 0.014326647564469915
0 0.3758827683615819 0.7000955109837631 0.028601694915254237 0.04297994269340974
0 0.3659957627118644 0.7156160458452722 0.027189265536723163 0.05300859598853868
0 0.3433968926553672 0.7172874880611271 0.02365819209039548 0.033428844317096466
0 0.352930790960452 0.7382999044890163 0.0278954802259887 0.03247373447946514
0 0.3186793785310734 0.7848615090735435 0.03001412429378531 0.03868194842406877
0 0.3626412429378531 0.7867717287488061 0.03036723163841808 0.050143266475644696
0 0.3026129943502825 0.7361509073543457 0.03884180790960452 0.06924546322827126
0 0.2944915254237288 0.6413562559694365 0.026129943502824857 0.03151862464183381
0 0.3409251412429379 0.6396848137535817 0.020833333333333332 0.02913085004775549
0 0.3659957627118644 0.6623686723973257 0.026483050847457626 0.03247373447946514
0 0.359816384180791 0.5814231136580706 0.019067796610169493 0.03008595988538682
0 0.3421610169491525 0.6119866284622731 0.023305084745762712 0.034861509073543455
0 0.3354519774011299 0.5778414517669532 0.025423728813559324 0.03724928366762178
0 0.3395127118644068 0.5434574976122254 0.022951977401129944 0.034383954154727794
0 0.3306850282485876 0.516953199617956 0.011652542372881356 0.028175740210124166
0 0.3432203389830508 0.5176695319961796 0.018361581920903956 0.026743075453677174
0 0.3358050847457627 0.4940305635148042 0.026129943502824857 0.028175740210124166
0 0.3333333333333333 0.4340974212034384 0.023305084745762712 0.04775549188156638
0 0.3370409604519774 0.46370582617000955 0.01518361581920904 0.025787965616045846
0 0.298728813559322 0.4873447946513849 0.026129943502824857 0.03677172874880611
0 0.2959039548022599 0.5214899713467048 0.02401129943502825 0.04202483285577841
0 0.295021186440678 0.4603629417382999 0.024364406779661018 0.022922636103151862
0 0.2899011299435028 0.4369627507163324 0.018361581920903956 0.025787965616045846
0 0.295021186440678 0.41356255969436484 0.027189265536723163 0.021012416427889206
0 0.290430790960452 0.37225405921680993 0.029307909604519775 0.02148997134670487
0 0.2900776836158192 0.2793696275071633 0.02153954802259887 0.03247373447946514
0 0.1942090395480226 0.2913085004775549 0.03672316384180791 0.018147086914995225
0 0.2289901129943503 0.26528175740210125 0.0278954802259887 0.04154727793696275
0 0.240819209039548 0.2889207258834766 0.03248587570621469 0.03629417382999045
0 0.2685381355932203 0.32664756446991405 0.03637005649717514 0.045845272206303724
0 0.2535310734463277 0.3106494746895893 0.026129943502824857 0.03581661891117478
0 0.5150070621468926 0.4873447946513849 0.028601694915254237 0.04536771728748806
0 0.5393714689265536 0.4713467048710602 0.03425141242937853 0.026743075453677174
0 0.5305437853107344 0.5281757402101241 0.06744350282485875 0.061127029608404965
0 0.5820974576271186 0.5506208213944603 0.033545197740113 0.055396370582617004
0 0.3444562146892655 0.8400191021967526 0.028601694915254237 0.03151862464183381
0 0.3472810734463277 0.8660458452722063 0.0356638418079096 0.03772683858643744
0 0.3624646892655367 0.8899235912129895 0.02365819209039548 0.03390639923591213
0 0.6421257062146892 0.5324737344794651 0.055437853107344635 0.07067812798471824
0 0.6317090395480226 0.5811843361986628 0.04943502824858757 0.041069723018147083
0 0.2969632768361582 0.5921680993314231 0.033192090395480225 0.05253104106972302
0 0.4182556497175141 0.4395893027698185 0.03072033898305085 0.039637058261700095
3 0.3218573446327684 0.3753581661891118 0.010946327683615819 0.015281757402101241
0 0.2364053672316384 0.20845272206303725 0.01518361581920904 0.024355300859598854
0 0.247704802259887 0.23018147086914995 0.02153954802259887 0.026743075453677174
1 0.16666666666666666 0.40019102196752626 0.01694915254237288 0.026743075453677174
1 0.2699505649717514 0.6848137535816619 0.01730225988700565 0.011461318051575931
0 0.4348516949152542 0.5477554918815664 0.03425141242937853 0.04775549188156638
0 0.3984816384180791 0.41141356255969436 0.0356638418079096 0.04536771728748806
0 0.6320621468926554 0.6862464183381088 0.03036723163841808 0.04202483285577841
