0 0.23375634517766497 0.7035651408450704 0.047208121827411166 0.0409330985915493
0 0.35 0.7574823943661971 0.0532994923857868 0.03961267605633803
0 0.37360406091370557 0.7117077464788732 0.04365482233502538 0.03609154929577465
0 0.5182741116751269 0.9390404929577465 0.03959390862944162 0.037411971830985914
0 0.4878172588832487 0.851012323943662 0.04467005076142132 0.04357394366197183
0 0.5312182741116751 0.8923855633802817 0.047208121827411166 0.02068661971830986
0 0.5913705583756346 0.8532130281690141 0.05583756345177665 0.02420774647887324
0 0.6461928934010153 0.8857834507042254 0.03959390862944162 0.028609154929577465
0 0.6197969543147208 0.815580985915493 0.03350253807106599 0.03433098591549296
0 0.5609137055837563 0.7988556338028169 0.05685279187817259 0.03961267605633803
0 0.5794416243654822 0.7282130281690141 0.0532994923857868 0.061179577464788734
0 0.6464467005076142 0.7409771126760564 0.03705583756345178 0.03829225352112676
0 0.6467005076142132 0.6875 0.03553299492385787 0.03961267605633803
0 0.6802030456852792 0.6161971830985915 0.024365482233502538 0.013204225352112676
0 0.615736040609137 0.5996919014084507 0.04263959390862944 0.02772887323943662
0 0.5322335025380711 0.491637323943662 0.06040609137055838 0.045774647887323945
0 0.6395939086294417 0.4212147887323944 0.04467005076142132 0.03609154929577465
0 0.6352791878172589 0.4933978873239437 0.03604060913705584 0.045774647887323945
0 0.7020304568527919 0.47821302816901406 0.048730964467005075 0.03389084507042254
0 0.7096446700507614 0.3923855633802817 0.04568527918781726 0.035651408450704226
0 0.4479695431472081 0.367737676056338 0.04213197969543147 0.035651408450704226
0 0.39695431472081216 0.34066901408450706 0.04467005076142132 0.03433098591549296
0 0.7121827411167513 0.514524647887324 0.04365482233502538 0.027288732394366196
0 0.6588832487309645 0.31360035211267606 0.04365482233502538 0.05237676056338028
0 0.7596446700507614 0.31338028169014087 0.050253807106598984 0.043133802816901406
0 0.7926395939086295 0.26848591549295775 0.051269035532994923 0.043133802816901406
0 0.7510152284263959 0.23415492957746478 0.029949238578680204 0.03345070422535211
0 0.701015228426396 0.2722271126760563 0.047715736040609136 0.04181338028169014
0 0.5923857868020305 0.17649647887323944 0.04568527918781726 0.03697183098591549
0 0.5261421319796954 0.20532570422535212 0.04619289340101523 0.04533450704225352
4 0.26903553299492383 0.20158450704225353 0.02030456852791878 0.017605633802816902
0 0.265989847715736 0.2966549295774648 0.05888324873096447 0.045774647887323945
0 0.3538071065989848 0.2986355633802817 0.04365482233502538 0.042693661971830985
0 0.31522842639593907 0.3503521126760563 0.025380710659898477 0.020246478873239437
0 0.2814720812182741 0.0818661971830986 0.07360406091370558 0.07130281690140845
2 0.22055837563451777 0.042913732394366196 0.011675126903553299 0.013644366197183098
2 0.17741116751269034 0.13204225352112675 0.015736040609137057 0.02112676056338028
0 0.900253807106599 0.3981073943661972 0.030964467005076143 0.03917253521126761
0 0.8238578680203046 0.10585387323943662 0.049746192893401014 0.0488556338028169
0 0.3865482233502538 0.27992957746478875 0.04314720812182741 0.02992957746478873
0 0.7340101522842639 0.2607834507042254 0.02233502538071066 0.01716549295774648
0 0.7182741116751269 0.23943661971830985 0.018274111675126905 0.008802816901408451
0 0.7286802030456853 0.2268926056338028 0.015736040609137057 0.010123239436619719
0 0.5560913705583757 0.17099471830985916 0.030964467005076143 0.021566901408450703
0 0.601015228426396 0.5710827464788732 0.05482233502538071 0.04005281690140845
0 0.5690355329949238 0.5642605633802817 0.02131979695431472 0.011443661971830986
0 0.5159898477157361 0.7874119718309859 0.04213197969543147 0.03961267605633803
0 0.5637055837563452 0.9311179577464789 0.049238578680203045 0.030369718309859156
0 0.6025380710659899 0.9071302816901409 0.07106598984771574 0.058098591549295774
2 0.5901015228426396 0.8386883802816901 0.007614213197969543 0.009242957746478873
0 0.4451776649746193 0.8175616197183099 0.05279187817258883 0.04357394366197183
2 0.5713197969543147 0.8265845070422535 0.013705583756345178 0.007922535211267605
2 0.3931472081218274 0.7535211267605634 0.015736040609137057 0.008802816901408451
0 0.07588832487309645 0.6681338028169014 0.03807106598984772 0.03345070422535211
0 0.6335025380710659 0.4548855633802817 0.029441624365482234 0.019806338028169015
0 0.6875634517766498 0.6445862676056338 0.02284263959390863 0.014524647887323943
3 0.6756345177664974 0.6071742957746479 0.023350253807106598 0.011883802816901408
0 0.5101522842639594 0.8802816901408451 0.015228426395939087 0.016725352112676055
