0 0.014108082257293162 0.3258766626360339 0.027259684361549498 0.030229746070133012
0 0.08727881396461024 0.3105602579604998 0.028216164514586323 0.021362353889560662
0 0.00980392156862745 0.4091092301491334 0.017694882831181254 0.04514308746473196
0 0.056910569105691054 0.5282144296654575 0.028694404591104734 0.030229746070133012
0 0.18220946915351507 0.5211608222490931 0.052606408417025345 0.03466344216041919
0 0.06838833094213295 0.5818218460298267 0.028694404591104734 0.032648125755743655
0 0.2697274031563845 0.5709391374445788 0.05930176948828312 0.046352277307537285
0 0.38474414155906267 0.6197097944377267 0.04065040650406504 0.03345425231761386
0 0.22070779531324725 0.6207174526400645 0.04351984696317551 0.03788794840790004
0 0.3417025346724055 0.656590084643289 0.036824485891917745 0.036275695284159616
0 0.37565758010521283 0.6777509068923822 0.029172644667623145 0.04070939137444579
0 0.4371114299378288 0.6402660217654171 0.05547584887613582 0.044740024183796856
0 0.35318029650884747 0.6862152357920194 0.010999521759923482 0.020556227327690448
0 0.37709230033476804 0.7136235388956066 0.047345767575322814 0.03426037887948408
0 0.3866571018651363 0.7466747279322854 0.04160688665710186 0.03184199919387344
0 0.4878048780487805 0.7271261588069327 0.03825920612147298 0.02902055622732769
0 0.44787183165949307 0.7634018540910923 0.035868005738880916 0.03385731559854897
0 0.4012434241989479 0.7769044740024184 0.026781444285031087 0.03184199919387344
0 0.3718316594930655 0.7914147521160823 0.03778096604495457 0.03829101168883515
0 0.4502630320420851 0.805925030229746 0.0234337637494022 0.024586860137041516
0 0.4720229555236729 0.8182184602982668 0.026781444285031087 0.013704151551793631
0 0.4729794356767097 0.7881902458686014 0.050693448110951694 0.03184199919387344
0 0.5026303204208513 0.7994760177347844 0.03538976566236251 0.028617492946392584
0 0.3701578192252511 0.8413945989520355 0.03156384505021521 0.021362353889560662
0 0.576518412242946 0.7726723095525998 0.062649450023912 0.04030632809351068
0 0.6456241032998565 0.7893994357114067 0.054519368723098996 0.049576783555018135
0 0.5597800095648016 0.727932285368803 0.03299856527977044 0.025796049979846837
0 0.6848397895743663 0.7218863361547763 0.05738880918220947 0.03869407496977025
0 0.7295552367288379 0.7769044740024184 0.03969392635102822 0.026199113260781944
0 0.7883787661406025 0.7412333736396615 0.04543280726924916 0.03143893591293833
0 0.8417025346724055 0.7376058041112454 0.020086083213773313 0.0354695687222894
0 0.7711621233859397 0.685006045949214 0.025346724055475847 0.020556227327690448
0 0.7998565279770444 0.6721080209592906 0.036824485891917745 0.030229746070133012
0 0.8488761358201817 0.628174123337364 0.03156384505021521 0.026199113260781944
0 0.9395026303204208 0.6414752116082225 0.07890961262553801 0.026199113260781944
0 0.9916307986609277 0.6555824264409512 0.01673840267814443 0.05441354292623942
3 0.9490674318507891 0.4153567110036276 0.01291248206599713 0.013301088270858524
0 0.9925872788139646 0.5122934300685208 0.01482544237207078 0.0354695687222894
3 0.9057867049258728 0.6124546553808948 0.013390722142515544 0.010882708585247884
3 0.9586322333811573 0.6060056428859331 0.010999521759923482 0.008464328899637243
3 0.8833094213295074 0.8675937122128174 0.021999043519846963 0.01007658202337767
3 0.9421329507412721 0.892583635630794 0.018173122907699665 0.014913341394598953
3 0.7307508369201339 0.892583635630794 0.021042563366810138 0.017331721080209594
3 0.3749402199904352 0.9546553808948005 0.021042563366810138 0.014913341394598953
3 0.44069823051171686 0.9520354695687223 0.0196078431372549 0.013704151551793631
3 0.4997608799617408 0.9484079000403063 0.02391200382592061 0.014510278113663845
3 0.5729316116690578 0.9562676340185409 0.020086083213773313 0.01894397420395002
3 0.3168340506934481 0.3810963321241435 0.017694882831181254 0.014913341394598953
3 0.35915829746532757 0.37001209189842804 0.01912960306073649 0.013704151551793631
3 0.39287422285987567 0.3587263200322451 0.018651362984218076 0.014510278113663845
3 0.40722142515542803 0.33716243450221683 0.01673840267814443 0.017331721080209594
2 0.8495934959349594 0.6509471987101975 0.009086561453849833 0.006449012494961709
2 0.9230033476805356 0.6054010479645304 0.011477761836441894 0.010479645304312777
2 0.9402199904351984 0.594316807738815 0.006695361071257772 0.008464328899637243
2 0.6076040172166427 0.7410318419991939 0.010999521759923482 0.0068520757758968156
2 0.6011477761836442 0.798266827891979 0.00860832137733142 0.006045949214026602
2 0.6054519368723099 0.8391777509068924 0.004782400765184123 0.005642885933091495
0 0.2852702056432329 0.8387746876259573 0.00430416068866571 0.008061265618702136
1 0.27618364418938307 0.14651350261991133 0.04256336681013869 0.01894397420395002
1 0.2747489239598278 0.154776299879081 0.036824485891917745 0.018540910923014912
1 0.28742228598756575 0.1600161225312374 0.01912960306073649 0.010479645304312777
1 0.3952654232424677 0.10640870616686819 0.0234337637494022 0.015316404675534058
1 0.40028694404591103 0.10116888351471182 0.02773792443806791 0.019347037484885126
1 0.4096126255380201 0.09653365578395808 0.03778096604495457 0.031035872632003223
1 0.41559062649450024 0.09109230149133414 0.03538976566236251 0.03305118903667876
1 0.44308943089430897 0.08162031438935913 0.008130081300813009 0.03184199919387344
1 0.4531324725011956 0.08242644095122935 0.011956001912960305 0.031035872632003223
1 0.4634146341463415 0.08222490931076179 0.013390722142515544 0.024989923417976623
1 0.47058823529411764 0.08121725110842402 0.013390722142515544 0.027005239822652155
1 0.47537063605930174 0.07678355501813784 0.021999043519846963 0.03829101168883515
1 0.48493543758967 0.08141878274889158 0.013390722142515544 0.024989923417976623
1 0.49043519846963174 0.07940346634421604 0.0196078431372549 0.025796049979846837
1 0.49880439980870395 0.0773881499395405 0.02391200382592061 0.02902055622732769
1 0.5059780009564802 0.07416364369205965 0.021999043519846963 0.029826682789197905
1 0.517455762792922 0.06872228939943571 0.02295552367288379 0.029423619508262798
1 0.10521281683405069 0.177347843611447 0.006695361071257772 0.02015316404675534
1 0.18053562888570063 0.06590084643288996 0.04160688665710186 0.014913341394598953
1 0.1750358680057389 0.04494155582426441 0.02965088474414156 0.020556227327690448
1 0.17120994739359158 0.04232164449818621 0.01721664275466284 0.012898024989923419
1 0.16642754662840745 0.03305118903667876 0.021999043519846963 0.00886739218057235
1 0.15901482544237208 0.023377670294236194 0.01673840267814443 0.013704151551793631
1 0.1284074605451937 0.009068923821039904 0.013868962219033954 0.017331721080209594
3 0.8211382113821138 0.8623538895606611 0.020086083213773313 0.012494961708988311
1 0.7510760401721664 0.8833131801692866 0.011956001912960305 0.012494961708988311
1 0.9717838354854137 0.8371624345022168 0.026781444285031087 0.05723498589278517
1 0.9765662362505978 0.8230552196694881 0.015303682448589193 0.029826682789197905
1 0.9641319942611191 0.7698508665860541 0.006695361071257772 0.0177347843611447
1 0.9701099952175992 0.772067714631197 0.010999521759923482 0.024586860137041516
1 0.7403156384505022 0.58484482063684 0.013390722142515544 0.009673518742442563
1 0.8761358201817312 0.5255945183393793 0.012434241989478718 0.012091898428053204
1 0.9823051171688187 0.3978234582829504 0.005738880918220947 0.010479645304312777
1 0.9892395982783357 0.3974203950020153 0.00430416068866571 0.010479645304312777
1 0.9935437589670014 0.39983877468762596 0.0052606408417025345 0.01128577186618299
1 0.9983261597321855 0.39983877468762596 0.003347680535628886 0.01128577186618299
0 0.24892395982783358 0.6372430471584039 0.03969392635102822 0.037081821846029824
0 0.2730750836920134 0.6477226924627166 0.02965088474414156 0.03305118903667876
0 0.30248684839789575 0.651148730350665 0.047345767575322814 0.03829101168883515
0 0.587039693926351 0.7196694881096332 0.027259684361549498 0.029423619508262798
0 0.6131037780966045 0.7216848045143087 0.02582496413199426 0.024586860137041516
0 0.8208990913438546 0.6952841596130592 0.04160688665710186 0.0354695687222894
0 0.8553323768531803 0.6892382103990327 0.05499760879961741 0.04675534058847239
0 0.8845050215208035 0.6680773881499396 0.05404112864658058 0.049576783555018135
