3 0.32315668202764974 0.39446435682994824 0.01728110599078341 0.017124651533253685
3 0.29147465437788017 0.42970927917164475 0.016129032258064516 0.019115890083632018
2 0.32690092165898615 0.4332935085623258 0.01555299539170507 0.006371963361210673
3 0.3182603686635945 0.4651533253683791 0.02476958525345622 0.010354440461967344
3 0.42569124423963134 0.5246913580246914 0.024193548387096774 0.01632815611310235
1 0.3459101382488479 0.3490641178813222 0.016705069124423964 0.017124651533253685
0 0.5950460829493087 0.43548387096774194 0.04377880184331797 0.037833532457188374
0 0.6316244239631337 0.49741138988450817 0.028225806451612902 0.027877339705296694
0 0.652073732718894 0.46833930704898447 0.041474654377880185 0.03185981680605336
0 0.6840437788018433 0.4191557148546396 0.05011520737327189 0.04340900039824771
0 0.6290322580645161 0.3723616089207487 0.056451612903225805 0.035842293906810034
0 0.7183179723502304 0.36678614097968937 0.038018433179723504 0.027080844285145362
0 0.6774193548387096 0.2953006770211071 0.06105990783410138 0.03464755077658303
0 0.6679147465437788 0.3176025487853445 0.05011520737327189 0.03225806451612903
0 0.6494815668202765 0.33572281959378736 0.048963133640553 0.027877339705296694
0 0.7082373271889401 0.26682596575069695 0.039746543778801845 0.02309836718438869
0 0.7600806451612904 0.30824372759856633 0.03513824884792627 0.019912385503783353
0 0.806163594470046 0.3345280764635603 0.043202764976958526 0.030266825965750695
2 0.7465437788018433 0.2510951812027081 0.0069124423963133645 0.013142174432497013
2 0.785426267281106 0.09717244125846276 0.014400921658986175 0.010354440461967344
0 0.7266705069124424 0.1081242532855436 0.05241935483870968 0.03544404619673437
0 0.7056451612903226 0.14695340501792115 0.04377880184331797 0.026284348864994027
0 0.7128456221198156 0.1704500199123855 0.03398617511520737 0.027877339705296694
0 0.7079493087557603 0.2238152130625249 0.03917050691244239 0.021505376344086023
0 0.7716013824884793 0.1905615292712067 0.02707373271889401 0.022700119474313024
0 0.7831221198156681 0.2108721624850657 0.03513824884792627 0.026682596575069693
0 0.7845622119815668 0.23536439665471923 0.03917050691244239 0.027080844285145362
0 0.7917626728110599 0.2594583831142971 0.03859447004608295 0.02986857825567503
0 0.7923387096774194 0.2831541218637993 0.06048387096774194 0.035842293906810034
0 0.8001152073732719 0.11987256073277579 0.055299539170506916 0.04938271604938271
0 0.7816820276497696 0.15850258861011549 0.0576036866359447 0.037435284747112704
3 0.40351382488479265 0.19872560732775787 0.032834101382488476 0.013540422142572681
3 0.36463133640552997 0.4651533253683791 0.01152073732718894 0.014336917562724014
0 0.8533986175115207 0.4804858622062923 0.03398617511520737 0.027479091995221028
0 0.7476958525345622 0.5539625647152528 0.026497695852534562 0.026284348864994027
1 0.7116935483870968 0.828952608522501 0.020161290322580645 0.008363201911589008
0 0.9409562211981567 0.45698924731182794 0.02707373271889401 0.027479091995221028
0 0.8948732718894009 0.02648347272003186 0.054723502304147464 0.04818797291915571
0 0.9844470046082949 0.15332536837913183 0.03110599078341014 0.03345280764635603
0 0.3798963133640553 0.28335324571883713 0.022465437788018433 0.023496614894464356
