0 0.9022177419354839 0.06144278606965174 0.04502688172043011 0.035323383084577116
0 0.9102822580645161 0.09104477611940298 0.05443548387096774 0.03283582089552239
0 0.8387096774193549 0.1562189054726368 0.07123655913978495 0.03582089552238806
0 0.7993951612903226 0.19800995024875623 0.038306451612903226 0.020895522388059702
0 0.7526881720430108 0.4223880597014925 0.05913978494623656 0.041791044776119404
0 0.6165994623655914 0.505223880597015 0.03293010752688172 0.020398009950248756
0 0.6202956989247311 0.5233830845771145 0.03763440860215054 0.025870646766169153
0 0.6602822580645161 0.5888059701492537 0.06384408602150538 0.03631840796019901
0 0.6118951612903226 0.5502487562189055 0.05981182795698925 0.04079601990049751
0 0.550739247311828 0.5738805970149253 0.05577956989247312 0.038308457711442784
0 0.43581989247311825 0.6703980099502488 0.049059139784946235 0.04029850746268657
0 0.5141129032258065 0.6733830845771144 0.0456989247311828 0.038308457711442784
0 0.5826612903225806 0.7300995024875622 0.05913978494623656 0.06218905472636816
0 0.5651881720430108 0.6990049751243781 0.043010752688172046 0.01691542288557214
0 0.6421370967741935 0.7661691542288557 0.06384408602150538 0.05572139303482587
0 0.6854838709677419 0.7522388059701492 0.033602150537634407 0.023880597014925373
0 0.6145833333333334 0.7935323383084577 0.05174731182795699 0.03283582089552239
0 0.5372983870967742 0.8741293532338309 0.08938172043010753 0.030845771144278607
0 0.39381720430107525 0.9544776119402985 0.06989247311827956 0.04825870646766169
0 0.4314516129032258 0.8699004975124378 0.06182795698924731 0.03731343283582089
0 0.2842741935483871 0.9144278606965174 0.06854838709677419 0.041791044776119404
0 0.3719758064516129 0.9007462686567164 0.11088709677419355 0.06119402985074627
0 0.4375 0.7711442786069652 0.041666666666666664 0.04079601990049751
0 0.4842069892473118 0.8236318407960199 0.061155913978494625 0.05323383084577114
0 0.490255376344086 0.7203980099502487 0.04099462365591398 0.03582089552238806
0 0.5383064516129032 0.7398009950248756 0.051075268817204304 0.050746268656716415
0 0.5043682795698925 0.7569651741293533 0.043682795698924734 0.038308457711442784
0 0.5389784946236559 0.7728855721393035 0.043010752688172046 0.022388059701492536
0 0.33098118279569894 0.8813432835820896 0.046370967741935484 0.019402985074626865
