4 0.6631578947368421 0.36890547263681595 0.011948790896159318 0.023383084577114428
0 0.6312944523470839 0.21890547263681592 0.023897581792318635 0.04975124378109453
2 0.6369843527738265 0.02164179104477612 0.01422475106685633 0.013432835820895522
4 0.5995732574679943 0.09129353233830846 0.00995732574679943 0.014427860696517412
0 0.5914651493598863 0.07412935323383085 0.025604551920341393 0.04378109452736319
0 0.5763869132290185 0.08059701492537313 0.021052631578947368 0.03383084577114428
0 0.5623044096728307 0.04029850746268657 0.02930298719772404 0.04776119402985075
0 0.5502133712660029 0.05721393034825871 0.01991465149359886 0.042786069651741296
4 0.5352773826458037 0.04303482587064677 0.010526315789473684 0.017412935323383085
4 0.5254623044096728 0.014925373134328358 0.010810810810810811 0.01990049751243781
4 0.4906116642958748 0.04701492537313433 0.00995732574679943 0.012437810945273632
4 0.4557610241820768 0.0708955223880597 0.009672830725462305 0.017412935323383085
4 0.3654338549075391 0.16417910447761194 0.009388335704125178 0.014925373134328358
2 0.6015647226173542 0.018407960199004977 0.007681365576102418 0.009950248756218905
2 0.5813655761024182 0.03855721393034826 0.007681365576102418 0.010447761194029851
2 0.5950213371266003 0.04303482587064677 0.007112375533428165 0.013432835820895522
