0 0.382171226831421 0.940305635148042 0.07413945278022947 0.08118433619866285
0 0.4766107678729038 0.5682903533906399 0.05825242718446602 0.08404966571155682
0 0.4894086496028244 0.6427889207258835 0.06796116504854369 0.0725883476599809
0 0.4201235657546337 0.7793696275071633 0.07413945278022947 0.09169054441260745
0 0.6416593115622242 0.7435530085959885 0.05648720211827008 0.07927411652340019
0 0.4227714033539276 0.9116523400191022 0.07413945278022947 0.08691499522445081
0 0.17210944395410416 0.6184336198662846 0.0617828773168579 0.0830945558739255
0 0.21050308914386584 0.5768863419293219 0.05207413945278023 0.05921680993314231
0 0.47749338040600176 0.31709646609360076 0.05119152691968226 0.07449856733524356
0 0.6429832303618711 0.18290353390639924 0.05913503971756399 0.07736389684813753
0 0.590026478375993 0.4073543457497612 0.0820829655781112 0.08882521489971347
0 0.6738746690203001 0.47325692454632284 0.05913503971756399 0.07736389684813753
0 0.6293027360988526 0.6399235912129895 0.07237422771403354 0.08404966571155682
0 0.6897616946160635 0.600764087870105 0.03795233892321271 0.034383954154727794
0 0.7731685789938217 0.3099331423113658 0.05472197705207414 0.08118433619866285
0 0.703442188879082 0.1279847182425979 0.05472197705207414 0.08022922636103152
0 0.7140335392762577 0.08070678127984718 0.03177405119152692 0.027698185291308502
0 0.7917034421888791 0.044890162368672396 0.04766107678729038 0.0725883476599809
0 0.7691968225948809 0.2072588347659981 0.06266548984995587 0.08404966571155682
0 0.6544571932921448 0.27889207258834764 0.08384819064430715 0.08787010506208214
0 0.7030008826125331 0.28605539637058264 0.03442188879082083 0.039159503342884434
0 0.7678729037952339 0.4154727793696275 0.05472197705207414 0.04393505253104107
0 0.7166813768755517 0.8018147086914995 0.06001765225066196 0.06972301814708691
0 0.8420123565754634 0.1069723018147087 0.02824360105913504 0.030563514804202482
0 0.8000882612533098 0.19866284622731614 0.03442188879082083 0.10315186246418338
0 0.8106796116504854 0.3538681948424069 0.07325684024713151 0.041069723018147083
