0 0.7804545454545454 0.6366279069767442 0.0809090909090909 0.0872093023255814
0 0.7540909090909091 0.5736434108527132 0.06636363636363636 0.10271317829457365
0 0.5995454545454545 0.48401162790697677 0.07363636363636364 0.07267441860465117
0 0.5427272727272727 0.4326550387596899 0.10181818181818182 0.12112403100775193
0 0.8095454545454546 0.2320736434108527 0.08272727272727273 0.08624031007751938
0 0.5777272727272728 0.21753875968992248 0.060909090909090906 0.08817829457364341
0 0.38727272727272727 0.04844961240310078 0.06727272727272728 0.0755813953488372
0 0.44363636363636366 0.12451550387596899 0.08 0.08817829457364341
0 0.45045454545454544 0.1695736434108527 0.06272727272727273 0.05813953488372093
0 0.4713636363636364 0.24127906976744187 0.07909090909090909 0.0872093023255814
0 0.4036363636363636 0.19767441860465115 0.05090909090909091 0.04844961240310078
0 0.3327272727272727 0.2761627906976744 0.08545454545454545 0.10852713178294573
0 0.6468181818181818 0.4622093023255814 0.05181818181818182 0.06395348837209303
0 0.04681818181818182 0.07655038759689922 0.08818181818181818 0.08333333333333333
0 0.12090909090909091 0.04408914728682171 0.08545454545454545 0.07655038759689922
0 0.19 0.06153100775193798 0.0890909090909091 0.09205426356589147
0 0.24954545454545454 0.13565891472868216 0.10454545454545454 0.09496124031007752
0 0.5986363636363636 0.34205426356589147 0.06272727272727273 0.08333333333333333
0 0.6354545454545455 0.3231589147286822 0.06363636363636363 0.09786821705426356
0 0.6045454545454545 0.24612403100775193 0.034545454545454546 0.03488372093023256
0 0.5940909090909091 0.05862403100775194 0.07909090909090909 0.0939922480620155
0 0.4681818181818182 0.056686046511627904 0.07272727272727272 0.08236434108527131
0 0.9495454545454546 0.45978682170542634 0.08454545454545455 0.06492248062015504
