4 0.3207171314741036 0.24565637065637067 0.017928286852589643 0.016409266409266408
4 0.4113545816733068 0.2548262548262548 0.055776892430278883 0.06756756756756757
0 0.4063745019920319 0.14575289575289574 0.06573705179282868 0.07335907335907337
0 0.43177290836653387 0.04922779922779923 0.10258964143426295 0.09652509652509653
0 0.5483067729083665 0.08783783783783784 0.060756972111553786 0.06563706563706563
0 0.5174302788844621 0.17036679536679536 0.07270916334661355 0.06274131274131274
0 0.5921314741035857 0.2717181467181467 0.07071713147410359 0.08397683397683398
0 0.6125498007968128 0.430019305019305 0.099601593625498 0.05501930501930502
0 0.6822709163346613 0.45415057915057916 0.043824701195219126 0.03957528957528957
0 0.6807768924302788 0.38175675675675674 0.06872509960159362 0.05115830115830116
0 0.6399402390438247 0.3088803088803089 0.0647410358565737 0.0637065637065637
0 0.6638446215139442 0.2693050193050193 0.06274900398406374 0.055984555984555984
0 0.11603585657370517 0.2944015444015444 0.06673306772908366 0.10038610038610038
0 0.1648406374501992 0.10569498069498069 0.15637450199203187 0.1361003861003861
4 0.21414342629482072 0.18484555984555984 0.025896414342629483 0.02413127413127413
4 0.19372509960159362 0.20077220077220076 0.026892430278884463 0.02702702702702703
0 0.22858565737051792 0.6312741312741312 0.07669322709163347 0.07915057915057915
0 0.7768924302788844 0.48841698841698844 0.07370517928286853 0.07528957528957529
0 0.7380478087649402 0.3996138996138996 0.05776892430278884 0.06177606177606178
0 0.7116533864541833 0.3277027027027027 0.06872509960159362 0.07239382239382239
0 0.524402390438247 0.13465250965250966 0.07071713147410359 0.03957528957528957
0 0.449203187250996 0.30405405405405406 0.053784860557768925 0.04826254826254826
