0 0.687624750499002 0.8305322128851541 0.1377245508982036 0.1223155929038282
0 0.8093812375249501 0.8277310924369747 0.10179640718562874 0.08309990662931839
0 0.468063872255489 0.7432306255835668 0.14570858283433133 0.12511671335200747
0 0.5389221556886228 0.7100840336134454 0.07385229540918163 0.06816059757236227
0 0.21656686626746507 0.3104575163398693 0.11177644710578842 0.096171802054155
0 0.250998003992016 0.4126984126984127 0.1506986027944112 0.12698412698412698
0 0.3777445109780439 0.4668534080298786 0.15469061876247506 0.1437908496732026
0 0.33582834331337325 0.3800186741363212 0.09081836327345309 0.08216619981325864
0 0.41916167664670656 0.39775910364145656 0.10179640718562874 0.06722689075630252
0 0.4875249500998004 0.4635854341736695 0.06487025948103792 0.055088702147525676
0 0.46956087824351295 0.49673202614379086 0.0748502994011976 0.05228758169934641
0 0.07135728542914171 0.800186741363212 0.07684630738522955 0.07282913165266107
