0 0.5721507352941176 0.936247723132969 0.05606617647058824 0.0546448087431694
0 0.3993566176470588 0.7295081967213115 0.06525735294117647 0.06557377049180328
0 0.5087316176470589 0.7126593806921676 0.03768382352941176 0.05373406193078324
0 0.3648897058823529 0.6302367941712204 0.07720588235294118 0.08196721311475409
0 0.36213235294117646 0.535063752276867 0.04779411764705882 0.05373406193078324
0 0.4250919117647059 0.48770491803278687 0.078125 0.06830601092896176
0 0.4485294117647059 0.5573770491803278 0.058823529411764705 0.04371584699453552
0 0.4641544117647059 0.5979052823315119 0.04595588235294118 0.037340619307832425
0 0.4724264705882353 0.1889799635701275 0.058823529411764705 0.06648451730418943
0 0.4811580882352941 0.1111111111111111 0.08915441176470588 0.04189435336976321
0 0.5390625 0.05510018214936248 0.06158088235294118 0.040983606557377046
0 0.6001838235294118 0.04781420765027322 0.058823529411764705 0.06830601092896176
0 0.4250919117647059 0.36429872495446264 0.03952205882352941 0.04735883424408015
0 0.46369485294117646 0.34562841530054644 0.057904411764705885 0.0610200364298725
0 0.5344669117647058 0.5400728597449909 0.05974264705882353 0.056466302367941715
0 0.5036764705882353 0.5965391621129326 0.04779411764705882 0.052823315118397086
0 0.5188419117647058 0.6539162112932605 0.06158088235294118 0.060109289617486336
0 0.4255514705882353 0.6730418943533698 0.06066176470588235 0.051001821493624776
0 0.43612132352941174 0.6306921675774135 0.06709558823529412 0.05919854280510018
0 0.32215073529411764 0.8670309653916212 0.05974264705882353 0.07650273224043716
0 0.4875919117647059 0.5031876138433515 0.07077205882352941 0.07012750455373407
0 0.6052389705882353 0.9603825136612022 0.043198529411764705 0.05191256830601093
0 0.5900735294117647 0.2727686703096539 0.06066176470588235 0.05919854280510018
0 0.6364889705882353 0.28916211293260474 0.057904411764705885 0.06830601092896176
0 0.39705882352941174 0.563752276867031 0.04411764705882353 0.07103825136612021
0 0.5409007352941176 0.4262295081967213 0.06709558823529412 0.07103825136612021
