0 0.593921139101862 0.9650063051702396 0.059693318729463304 0.05233291298865069
0 0.5364184008762322 0.8496216897856242 0.0312157721796276 0.04728877679697352
0 0.4928806133625411 0.882093316519546 0.03066812705366922 0.031525851197982346
0 0.5156078860898138 0.7991803278688525 0.029025191675794086 0.04476670870113493
0 0.514512595837897 0.7468474148802018 0.02792990142387733 0.05737704918032787
0 0.5134173055859803 0.6034047919293821 0.029025191675794086 0.06809583858764187
0 0.5903614457831325 0.548234552332913 0.12157721796276014 0.12042875157629256
0 0.7313800657174151 0.569672131147541 0.06078860898138007 0.07629255989911728
0 0.7623220153340635 0.49810844892812106 0.056955093099671415 0.05548549810844893
0 0.7029025191675794 0.4691046658259773 0.06078860898138007 0.05674653215636822
0 0.6621029572836802 0.4255989911727617 0.044906900328587074 0.05422446406052964
0 0.4304490690032859 0.5627364438839849 0.04928806133625411 0.07629255989911728
0 0.3838992332968237 0.5422446406052963 0.029572836801752465 0.02648171500630517
0 0.5054764512595837 0.45807061790668346 0.044906900328587074 0.040983606557377046
0 0.5670865279299014 0.4650063051702396 0.06736035049288061 0.053593947036569986
0 0.6188389923329682 0.3609709962168979 0.029572836801752465 0.03215636822194199
4 0.6330777656078861 0.3480453972257251 0.01533406352683461 0.0201765447667087
4 0.4485213581599124 0.5186002522068096 0.013143483023001095 0.01197982345523329
4 0.3195509309967141 0.5063051702395964 0.01588170865279299 0.0201765447667087
0 0.36391018619934284 0.36317780580075665 0.029025191675794086 0.018915510718789406
0 0.6369112814895947 0.24180327868852458 0.03943044906900329 0.06494325346784363
0 0.5465498357064622 0.18915510718789408 0.0624315443592552 0.0617906683480454
3 0.5681818181818182 0.14596469104665827 0.02135815991237678 0.022068095838587643
0 0.27628696604600217 0.16298865069356872 0.03669222343921139 0.058638083228247165
0 0.2946330777656079 0.19514501891551073 0.02190580503833516 0.029634300126103404
0 0.33187294633077763 0.10655737704918032 0.044906900328587074 0.06431273644388398
0 0.3017524644030668 0.30170239596469106 0.040525739320920046 0.06116015132408575
0 0.3611719605695509 0.32313997477931905 0.03450164293537788 0.048549810844892814
0 0.3491237677984666 0.2556746532156368 0.039978094194961664 0.07629255989911728
4 0.25164293537787513 0.3237704918032787 0.013691128148959474 0.019546027742749054
4 0.21960569550930997 0.1532156368221942 0.01642935377875137 0.0201765447667087
4 0.26013143483023 0.06494325346784363 0.017524644030668127 0.01639344262295082
3 0.23740416210295728 0.13902900378310215 0.012595837897042717 0.03215636822194199
0 0.27053669222343923 0.2323455233291299 0.03723986856516977 0.0725094577553594
0 0.3302300109529025 0.033417402269861285 0.0416210295728368 0.06431273644388398
0 0.4646768893756846 0.8162042875157629 0.03450164293537788 0.12295081967213115
