0 0.2768670309653916 0.9340277777777778 0.08378870673952642 0.09027777777777778
0 0.2290528233151184 0.8814484126984127 0.09016393442622951 0.09623015873015874
0 0.1994535519125683 0.8387896825396826 0.061930783242258654 0.0763888888888889
0 0.24681238615664844 0.7946428571428571 0.08196721311475409 0.09126984126984126
0 0.23224043715846995 0.6875 0.060109289617486336 0.08134920634920635
0 0.3592896174863388 0.625 0.07012750455373407 0.051587301587301584
0 0.45081967213114754 0.6393849206349206 0.08743169398907104 0.09226190476190477
0 0.45491803278688525 0.7142857142857143 0.05555555555555555 0.06944444444444445
0 0.34335154826958103 0.7271825396825397 0.09836065573770492 0.0873015873015873
0 0.3843351548269581 0.7465277777777778 0.07832422586520947 0.060515873015873016
0 0.22859744990892533 0.5267857142857143 0.08925318761384335 0.0992063492063492
0 0.1785063752276867 0.59375 0.10018214936247723 0.1001984126984127
0 0.34790528233151186 0.45535714285714285 0.07103825136612021 0.0873015873015873
0 0.40209471766848814 0.42857142857142855 0.05555555555555555 0.05952380952380952
0 0.5154826958105647 0.6493055555555556 0.07832422586520947 0.0882936507936508
0 0.7172131147540983 0.8189484126984127 0.09744990892531877 0.11805555555555555
0 0.6771402550091075 0.748015873015873 0.09562841530054644 0.09523809523809523
0 0.6666666666666666 0.6185515873015873 0.08014571948998178 0.08432539682539683
0 0.7153916211293261 0.5307539682539683 0.075591985428051 0.09523809523809523
0 0.581511839708561 0.43898809523809523 0.075591985428051 0.08432539682539683
0 0.5628415300546448 0.5367063492063492 0.07468123861566485 0.08928571428571429
0 0.5887978142076503 0.5818452380952381 0.0482695810564663 0.04662698412698413
0 0.5860655737704918 0.6453373015873016 0.07377049180327869 0.08035714285714286
0 0.5469034608378871 0.7162698412698413 0.10109289617486339 0.08333333333333333
0 0.43624772313296906 0.8050595238095238 0.08378870673952642 0.06845238095238096
0 0.6256830601092896 0.8854166666666666 0.08561020036429873 0.12003968253968254
0 0.5673952641165756 0.9578373015873016 0.07103825136612021 0.05654761904761905
0 0.37841530054644806 0.9191468253968254 0.07923497267759563 0.09623015873015874
0 0.17395264116575593 0.9657738095238095 0.052823315118397086 0.05654761904761905
0 0.08424408014571949 0.8551587301587301 0.11384335154826958 0.14682539682539683
0 0.07604735883424409 0.6979166666666666 0.08652094717668488 0.09821428571428571
0 0.15801457194899818 0.7767857142857143 0.07194899817850638 0.08333333333333333
0 0.6224954462659381 0.5550595238095238 0.06284153005464481 0.06448412698412699
0 0.6762295081967213 0.3888888888888889 0.039162112932604735 0.037698412698412696
0 0.657103825136612 0.46577380952380953 0.05373406193078324 0.06646825396825397
0 0.6429872495446266 0.5153769841269841 0.051001821493624776 0.060515873015873016
