0 0.2871702637889688 0.8800186741363212 0.1498800959232614 0.1223155929038282
0 0.44004796163069543 0.8431372549019608 0.15827338129496402 0.08590102707749767
0 0.6402877697841727 0.7390289449112979 0.19184652278177458 0.09243697478991597
0 0.5821342925659473 0.8464052287581699 0.15227817745803357 0.08496732026143791
0 0.5599520383693045 0.6078431372549019 0.15347721822541965 0.0765639589169001
0 0.6546762589928058 0.6209150326797386 0.07194244604316546 0.08216619981325864
0 0.5575539568345323 0.4850606909430439 0.1486810551558753 0.11297852474323063
0 0.5719424460431655 0.37068160597572364 0.1630695443645084 0.11204481792717087
0 0.5947242206235012 0.09943977591036414 0.1750599520383693 0.11858076563958916
0 0.7571942446043165 0.056022408963585436 0.16666666666666666 0.10084033613445378
0 0.9166666666666666 0.16619981325863678 0.1642685851318945 0.11764705882352941
0 0.8081534772182254 0.4561157796451914 0.1630695443645084 0.10550887021475257
0 0.8699040767386091 0.4271708683473389 0.07314148681055156 0.051353874883286646
0 0.7248201438848921 0.43370681605975725 0.0803357314148681 0.08683473389355742
0 0.6528776978417267 0.5046685340802988 0.1091127098321343 0.09056956115779645
0 0.7422062350119905 0.8977591036414566 0.09352517985611511 0.10177404295051354
0 0.7170263788968825 0.9547152194211018 0.07913669064748201 0.040149393090569564
0 0.4904076738609113 0.9005602240896359 0.06954436450839328 0.051353874883286646
0 0.4172661870503597 0.6451914098972923 0.12949640287769784 0.11764705882352941
0 0.5083932853717026 0.6704014939309056 0.10551558752997602 0.0765639589169001
0 0.7086330935251799 0.8029878618113913 0.07434052757793765 0.04295051353874883
0 0.34772182254196643 0.6970121381886087 0.09112709832134293 0.07749766573295985
