0 0.5588235294117647 0.5016181229773463 0.16032295271049596 0.133764832793959
0 0.5426758938869666 0.633764832793959 0.14648212226066898 0.12837108953613807
0 0.6372549019607843 0.6591154261057174 0.10726643598615918 0.10787486515641856
0 0.7831603229527105 0.6008629989212514 0.1568627450980392 0.12297734627831715
0 0.8437139561707035 0.5685005393743258 0.06805074971164937 0.05609492988133765
0 0.5813148788927336 0.18878101402373246 0.16839677047289503 0.13160733549083065
0 0.7341407151095732 0.14023732470334413 0.16032295271049596 0.11650485436893204
0 0.8915801614763552 0.2664509169363538 0.16147635524798154 0.13592233009708737
0 0.5478662053056517 0.7783171521035599 0.14994232987312572 0.09169363538295577
0 0.6361014994232987 0.7934196332254585 0.0657439446366782 0.09385113268608414
0 0.6291810841983853 0.9282632146709816 0.20184544405997693 0.11326860841423948
0 0.40484429065743943 0.8230852211434736 0.12687427912341406 0.133764832793959
0 0.49653979238754326 0.8473570658036678 0.10265282583621683 0.07874865156418555
0 0.34256055363321797 0.88403451995685 0.08996539792387544 0.08522114347357065
0 0.7324106113033448 0.6553398058252428 0.08073817762399077 0.07011866235167206
0 0.776239907727797 0.3969795037756203 0.1061130334486736 0.12081984897518878
