0 0.8035381750465549 0.34714003944773175 0.0782122905027933 0.0650887573964497
0 0.7430167597765364 0.13214990138067062 0.08193668528864059 0.0670611439842209
0 0.2732774674115456 0.20216962524654833 0.051210428305400374 0.0650887573964497
0 0.11219739292364991 0.34763313609467456 0.04562383612662942 0.08579881656804733
0 0.7644320297951583 0.42258382642998027 0.08007448789571694 0.054240631163708086
0 0.8007448789571695 0.21055226824457593 0.0633147113594041 0.05226824457593689
0 0.6801675977653632 0.06607495069033531 0.06424581005586592 0.08086785009861933
0 0.6024208566108007 0.21104536489151873 0.0521415270018622 0.04339250493096647
0 0.6531657355679702 0.23964497041420119 0.06052141527001862 0.0611439842209073
0 0.7164804469273743 0.5078895463510849 0.07355679702048418 0.047337278106508875
3 0.8282122905027933 0.8002958579881657 0.030726256983240222 0.022682445759368838
3 0.7523277467411545 0.8353057199211046 0.03910614525139665 0.023668639053254437
3 0.6838919925512105 0.8732741617357002 0.043761638733705775 0.03451676528599606
3 0.6033519553072626 0.9142011834319527 0.0223463687150838 0.023668639053254437
8 0.7574487895716946 0.8624260355029586 0.05493482309124767 0.03451676528599606
3 0.5130353817504656 0.9240631163708086 0.035381750465549346 0.023668639053254437
8 0.5027932960893855 0.9620315581854043 0.0335195530726257 0.0621301775147929
0 0.7839851024208566 0.05325443786982249 0.05772811918063315 0.055226824457593686
0 0.7718808193668529 0.23865877712031558 0.027932960893854747 0.03550295857988166
3 0.930633147113594 0.8441814595660749 0.049348230912476726 0.0611439842209073
