0 0.6780104712041884 0.527502254283138 0.1343804537521815 0.1442741208295762
0 0.29930191972076786 0.47249774571686204 0.1169284467713787 0.12082957619477007
0 0.21335078534031413 0.5545536519386834 0.08638743455497382 0.09738503155996393
0 0.19415357766143107 0.4905320108205591 0.12478184991273997 0.04508566275924256
0 0.14267015706806283 0.4666366095581605 0.034031413612565446 0.031559963931469794
0 0.15881326352530542 0.5459873760144274 0.038394415357766144 0.06582506762849413
0 0.7334205933682374 0.4165915238954013 0.1212914485165794 0.09738503155996393
0 0.8555846422338569 0.29711451758340846 0.12827225130890052 0.12714156898106402
0 0.9175392670157068 0.4697926059513075 0.112565445026178 0.11000901713255185
0 0.8381326352530541 0.5419296663660956 0.11605584642233857 0.10820559062218214
0 0.9144851657940664 0.39404869251578 0.07155322862129145 0.06672678088367899
0 0.5903141361256544 0.6884580703336339 0.0462478184991274 0.06762849413886383
0 0.5239965095986039 0.7227231740306582 0.1300174520069808 0.1073038773669973
0 0.43106457242582896 0.7660054102795311 0.08551483420593368 0.09107303877366997
0 0.2299301919720768 0.8169522091974752 0.12303664921465969 0.12984670874661858
