0 0.25464684014869887 0.8712406015037594 0.06505576208178439 0.08270676691729323
0 0.45817843866171004 0.950187969924812 0.06133828996282528 0.08082706766917293
0 0.6403345724907064 0.6921992481203008 0.05390334572490706 0.07424812030075188
0 0.5641263940520446 0.6611842105263158 0.04460966542750929 0.03289473684210526
0 0.6380111524163569 0.6423872180451128 0.028810408921933085 0.02725563909774436
0 0.4595724907063197 0.7119360902255639 0.03438661710037175 0.042293233082706765
0 0.4711895910780669 0.8482142857142857 0.05018587360594796 0.03477443609022556
2 0.5171933085501859 0.49154135338345867 0.02695167286245353 0.03383458646616541
0 0.44702602230483274 0.28383458646616544 0.07063197026022305 0.08270676691729323
0 0.47072490706319703 0.22180451127819548 0.07899628252788105 0.05451127819548872
0 0.7221189591078067 0.02631578947368421 0.04275092936802974 0.03759398496240601
0 0.641728624535316 0.7532894736842105 0.04553903345724907 0.04981203007518797
0 0.29600371747211895 0.9055451127819549 0.05297397769516728 0.040413533834586464
