0 0.2636363636363636 0.8113948919449901 0.12545454545454546 0.11198428290766209
0 0.1940909090909091 0.6773084479371316 0.08272727272727273 0.09724950884086445
0 0.2459090909090909 0.6547151277013753 0.06818181818181818 0.0618860510805501
0 0.38954545454545453 0.7568762278978389 0.09 0.09724950884086445
0 0.3190909090909091 0.7426326129666012 0.05818181818181818 0.0825147347740668
0 0.6254545454545455 0.7819253438113949 0.06727272727272728 0.06286836935166994
0 0.5904545454545455 0.4720039292730845 0.06454545454545454 0.08546168958742632
0 0.6931818181818182 0.5054027504911591 0.08272727272727273 0.09724950884086445
0 0.2759090909090909 0.48035363457760316 0.07 0.09037328094302555
0 0.3054545454545455 0.518664047151277 0.07454545454545454 0.04911591355599214
0 0.4409090909090909 0.4130648330058939 0.08 0.08349705304518663
5 0.7195454545454546 0.3482318271119843 0.017272727272727273 0.018664047151277015
0 0.3609090909090909 0.1832023575638507 0.02909090909090909 0.036345776031434185
0 0.3927272727272727 0.22151277013752455 0.023636363636363636 0.02455795677799607
0 0.4254545454545455 0.17043222003929273 0.08363636363636363 0.09921414538310412
0 0.41818181818181815 0.09479371316306483 0.04363636363636364 0.05206286836935167
0 0.5113636363636364 0.17239685658153242 0.09909090909090909 0.11296660117878192
0 0.5577272727272727 0.768664047151277 0.07545454545454545 0.08742632612966601
0 0.5345454545454545 0.7180746561886051 0.07636363636363637 0.09037328094302555
0 0.44136363636363635 0.7460707269155207 0.046363636363636364 0.04616895874263261
