1 0.8259433962264151 0.6741198858230257 0.048113207547169815 0.03139866793529972
3 0.565566037735849 0.8553758325404377 0.03679245283018868 0.022835394862036156
3 0.25518867924528305 0.8896289248334919 0.038679245283018866 0.039961941008563276
3 0.0410377358490566 0.7821122740247384 0.05 0.05518553758325404
1 0.7561320754716981 0.20789724072312082 0.038679245283018866 0.016175071360608945
0 0.1481132075471698 0.8896289248334919 0.03207547169811321 0.024738344433872503
8 0.40849056603773587 0.0780209324452902 0.4075471698113208 0.1522359657469077
3 0.29056603773584905 0.14081826831588962 0.018867924528301886 0.022835394862036156
3 0.31839622641509435 0.12844909609895339 0.01981132075471698 0.02093244529019981
3 0.3650943396226415 0.109895337773549 0.02830188679245283 0.023786869647954328
3 0.39528301886792455 0.09705042816365367 0.018867924528301886 0.019029495718363463
3 0.42452830188679247 0.0889628924833492 0.022641509433962263 0.02759276879162702
3 0.18867924528301888 0.14747859181731685 0.018867924528301886 0.02093244529019981
