0 0.67 0.30097087378640774 0.051304347826086956 0.08349514563106795
0 0.6630434782608695 0.40485436893203886 0.05304347826086957 0.040776699029126215
0 0.3847826086956522 0.32669902912621357 0.049565217391304345 0.070873786407767
0 0.5456521739130434 0.18155339805825244 0.058260869565217394 0.07961165048543689
0 0.6039130434782609 0.12330097087378641 0.05304347826086957 0.07766990291262135
0 0.6660869565217391 0.20242718446601943 0.06434782608695652 0.08446601941747572
0 0.6939130434782609 0.03737864077669903 0.05217391304347826 0.07281553398058252
0 0.5539130434782609 0.27864077669902915 0.0782608695652174 0.08737864077669903
0 0.5739130434782609 0.4645631067961165 0.06086956521739131 0.0825242718446602
0 0.5382608695652173 0.7368932038834951 0.05217391304347826 0.07961165048543689
0 0.3243478260869565 0.7873786407766991 0.07304347826086957 0.09320388349514563
0 0.28608695652173916 0.9485436893203884 0.07478260869565218 0.07961165048543689
0 0.3217391304347826 0.9072815533980583 0.08 0.10582524271844661
0 0.61 0.7951456310679612 0.06 0.062135922330097085
0 0.5260869565217391 0.633495145631068 0.07478260869565218 0.09029126213592233
0 0.391304347826087 0.6470873786407767 0.06260869565217392 0.07281553398058252
0 0.38173913043478264 0.5723300970873786 0.059130434782608696 0.07864077669902912
0 0.08521739130434783 0.6427184466019418 0.059130434782608696 0.07961165048543689
0 0.12347826086956522 0.6019417475728155 0.04869565217391304 0.05631067961165048
0 0.6552173913043479 0.8441747572815534 0.042608695652173914 0.03398058252427184
0 0.5830434782608696 0.5922330097087378 0.03739130434782609 0.038834951456310676
0 0.5521739130434783 0.5655339805825242 0.036521739130434785 0.039805825242718446
0 0.7047826086956521 0.3466019417475728 0.07043478260869565 0.03495145631067961
0 0.7378260869565217 0.09466019417475728 0.028695652173913042 0.03398058252427184
0 0.6126086956521739 0.0766990291262136 0.03217391304347826 0.027184466019417475
0 0.49 0.4058252427184466 0.0808695652173913 0.0912621359223301
0 0.5017391304347826 0.44660194174757284 0.03826086956521739 0.036893203883495145
0 0.6682608695652174 0.4597087378640777 0.06695652173913043 0.06893203883495146
