4 0.4288128432615125 0.22579001019367992 0.010139416983523447 0.012232415902140673
0 0.5441487114490917 0.0779816513761468 0.03379805661174482 0.06218144750254842
0 0.5371778622729193 0.15316004077471967 0.03844528939585974 0.0728848114169215
0 0.5802703844528939 0.1906218144750255 0.02577101816645543 0.039755351681957186
0 0.5948457963667089 0.25101936799184504 0.030418250950570342 0.07900101936799185
0 0.6220954795099282 0.368756371049949 0.030840726658217153 0.04128440366972477
0 0.9277566539923955 0.6297145769622834 0.02619349387410224 0.042303771661569824
0 0.9376848331220955 0.5874108053007135 0.02323616392057457 0.033129459734964326
0 0.6476552598225602 0.6523955147808359 0.03126320236586396 0.04892966360856269
2 0.9034643008027038 0.8149847094801224 0.008027038445289396 0.0061162079510703364
