0 0.5365217391304348 0.7864157119476268 0.11304347826086956 0.088379705400982
0 0.4504347826086956 0.4746317512274959 0.07652173913043478 0.07364975450081833
0 0.4047826086956522 0.5392798690671031 0.11043478260869566 0.10474631751227496
0 0.5934782608695652 0.41202945990180034 0.10173913043478261 0.06137479541734861
0 0.5452173913043479 0.34615384615384615 0.06260869565217392 0.06710310965630115
0 0.6021739130434782 0.2193126022913257 0.12608695652173912 0.10965630114566285
0 0.2717391304347826 0.1497545008183306 0.14 0.1260229132569558
0 0.3334782608695652 0.11252045826513912 0.051304347826086956 0.045008183306055646
0 0.20173913043478262 0.43617021276595747 0.11652173913043479 0.09656301145662848
0 0.17521739130434782 0.5740589198036007 0.11565217391304349 0.09247135842880523
0 0.20956521739130435 0.7409983633387889 0.11478260869565217 0.08265139116202946
0 0.1691304347826087 0.8911620294599017 0.06173913043478261 0.07037643207855974
0 0.22565217391304349 0.8850245499181669 0.05304347826086957 0.0662847790507365
0 0.2952173913043478 0.9132569558101473 0.09652173913043478 0.08183306055646482
0 0.20695652173913043 0.9529459901800328 0.10782608695652174 0.07283142389525368
0 0.4291304347826087 0.8031914893617021 0.11565217391304349 0.08428805237315876
0 0.37565217391304345 0.8518821603927987 0.06434782608695652 0.06873977086743044
0 0.23956521739130435 0.6788052373158756 0.051304347826086956 0.04991816693944354
0 0.32913043478260867 0.6939443535188216 0.08434782608695653 0.09819967266775777
0 0.3617391304347826 0.6153846153846154 0.12 0.10638297872340426
0 0.07608695652173914 0.4439443535188216 0.09478260869565218 0.09738134206219312
0 0.861304347826087 0.4083469721767594 0.07565217391304348 0.04091653027823241
0 0.8686956521739131 0.46194762684124385 0.07130434782608695 0.08101472995090016
0 0.8391304347826087 0.516366612111293 0.04869565217391304 0.054009819967266774
0 0.53 0.5094108019639935 0.10695652173913044 0.06955810147299508
0 0.16608695652173913 0.6980360065466449 0.05391304347826087 0.049099836333878884
0 0.29347826086956524 0.6141571194762684 0.042608695652173914 0.04337152209492635
0 0.18695652173913044 0.5298690671031097 0.07130434782608695 0.04828150572831424
0 0.11782608695652173 0.9578559738134206 0.08260869565217391 0.06955810147299508
2 0.41695652173913045 0.4664484451718494 0.025217391304347827 0.031096563011456628
0 0.5669565217391305 0.2827332242225859 0.08695652173913043 0.05155482815057283
0 0.05 0.9500818330605565 0.07739130434782608 0.09656301145662848
0 0.6217391304347826 0.3473813420621931 0.10956521739130434 0.04991816693944354
0 0.3017391304347826 0.7487725040916531 0.04869565217391304 0.03600654664484452
0 0.33260869565217394 0.9476268412438625 0.0391304347826087 0.031096563011456628
