3 0.6307977736549165 0.765625 0.03339517625231911 0.0859375
3 0.5598330241187384 0.70751953125 0.07142857142857142 0.0263671875
3 0.5769944341372912 0.759765625 0.022263450834879406 0.0703125
3 0.462430426716141 0.81494140625 0.032467532467532464 0.0361328125
3 0.6029684601113172 0.84423828125 0.03339517625231911 0.0732421875
3 0.6354359925788498 0.84326171875 0.02040816326530612 0.0634765625
3 0.6600185528756958 0.708984375 0.02504638218923933 0.0234375
3 0.7235621521335807 0.7607421875 0.022263450834879406 0.037109375
3 0.8056586270871985 0.6669921875 0.07884972170686456 0.076171875
1 0.8297773654916512 0.59619140625 0.008348794063079777 0.0263671875
3 0.4512987012987013 0.53955078125 0.023191094619666047 0.0380859375
3 0.16697588126159554 0.291015625 0.03339517625231911 0.03515625
8 0.18089053803339517 0.2353515625 0.07421150278293136 0.08203125
3 0.7268089053803339 0.95263671875 0.02504638218923933 0.0380859375
3 0.39007421150278293 0.04345703125 0.039888682745825604 0.0458984375
3 0.7156771799628943 0.60107421875 0.03432282003710575 0.0380859375
3 0.7258812615955473 0.63427734375 0.03432282003710575 0.0283203125
1 0.8218923933209648 0.69189453125 0.03896103896103896 0.0419921875
1 0.838126159554731 0.63818359375 0.05473098330241188 0.0712890625
