3 0.03237095363079615 0.6061827956989247 0.022747156605424323 0.033154121863799284
3 0.4431321084864392 0.4413082437275986 0.05336832895888014 0.05465949820788531
3 0.626421697287839 0.40949820788530467 0.03499562554680665 0.03225806451612903
3 0.7677165354330708 0.392921146953405 0.048118985126859144 0.05465949820788531
3 0.9671916010498688 0.49507168458781364 0.03237095363079615 0.036738351254480286
0 0.8967629046369204 0.7818100358422939 0.06824146981627296 0.06003584229390681
1 0.7528433945756781 0.367831541218638 0.013123359580052493 0.02060931899641577
1 0.7957130358705162 0.3673835125448029 0.03587051618547681 0.034050179211469536
1 0.8451443569553806 0.36872759856630827 0.024496937882764653 0.042114695340501794
1 0.8333333333333334 0.36693548387096775 0.028871391076115485 0.036738351254480286
0 0.8700787401574803 0.492831541218638 0.028871391076115485 0.01971326164874552
