0 0.574523396880416 0.09145299145299145 0.06759098786828423 0.05811965811965812
0 0.47053726169844023 0.43504273504273505 0.05545927209705372 0.046153846153846156
0 0.5069324090121318 0.42264957264957265 0.043327556325823226 0.0452991452991453
0 0.5480935875216638 0.3923076923076923 0.06152512998266898 0.04957264957264957
0 0.45537261698440207 0.5042735042735043 0.08405545927209705 0.06153846153846154
0 0.3921143847487002 0.5128205128205128 0.0511265164644714 0.037606837606837605
0 0.34878682842287695 0.5303418803418803 0.03552859618717504 0.028205128205128206
0 0.37694974003466203 0.7102564102564103 0.08145580589254767 0.0547008547008547
0 0.25043327556325823 0.620940170940171 0.029462738301559793 0.024786324786324785
0 0.231369150779896 0.652991452991453 0.06412478336221837 0.05128205128205128
0 0.22400346620450606 0.6944444444444444 0.05285961871750433 0.04188034188034188
0 0.21490467937608318 0.7401709401709402 0.060658578856152515 0.04957264957264957
0 0.2673310225303293 0.7487179487179487 0.0511265164644714 0.041025641025641026
0 0.23050259965337955 0.7927350427350427 0.05719237435008666 0.04700854700854701
3 0.23570190641247835 0.823076923076923 0.019064124783362217 0.02564102564102564
0 0.2045060658578856 0.8384615384615385 0.05545927209705372 0.039316239316239315
0 0.23310225303292895 0.8717948717948718 0.05719237435008666 0.042735042735042736
0 0.31845753899480067 0.9111111111111111 0.0805892547660312 0.08888888888888889
0 0.5844887348353552 0.4982905982905983 0.05285961871750433 0.05299145299145299
3 0.5216637781629117 0.48162393162393163 0.019064124783362217 0.01623931623931624
