0 0.6291989664082688 0.5751730959446093 0.0611541774332472 0.07418397626112759
0 0.4384151593453919 0.44906033630069236 0.07062876830318691 0.08704253214638971
0 0.30275624461670975 0.5474777448071216 0.06976744186046512 0.0820969337289812
0 0.375968992248062 0.5885262116716122 0.04909560723514212 0.0751730959446093
0 0.3152454780361757 0.6706231454005934 0.09819121447028424 0.09099901088031652
0 0.35745047372954347 0.7418397626112759 0.07924203273040482 0.09891196834817013
0 0.5025839793281653 0.6295746785361028 0.08010335917312661 0.09990108803165183
0 0.5129198966408268 0.0712166172106825 0.0714900947459087 0.07319485657764589
0 0.28122308354866493 0.05637982195845697 0.06976744186046512 0.08704253214638971
0 0.330749354005168 0.26706231454005935 0.07062876830318691 0.07319485657764589
0 0.29026701119724374 0.34915924826904055 0.08613264427217916 0.09297725024727992
0 0.29285099052540914 0.29376854599406527 0.03789836347975883 0.04154302670623145
0 0.08397932816537468 0.4035608308605341 0.08010335917312661 0.0751730959446093
0 0.08053402239448751 0.4648862512363996 0.07838070628768304 0.0712166172106825
0 0.173557278208441 0.4658753709198813 0.07493540051679587 0.0791295746785361
0 0.13867355727820843 0.3768545994065282 0.04478897502153316 0.051434223541048464
0 0.25279931093884583 0.1913946587537092 0.07838070628768304 0.076162215628091
0 0.25107665805340224 0.38921859545004944 0.07493540051679587 0.08011869436201781
0 0.24074074074074073 0.5667655786350149 0.07493540051679587 0.06923837784371908
0 0.24763135228251507 0.8570722057368941 0.08871662360034453 0.0702274975272008
0 0.2368647717484927 0.8150346191889218 0.08957795004306632 0.04154302670623145
0 0.3970714900947459 0.8427299703264095 0.07579672695951765 0.06726013847675569
0 0.37553832902670115 0.9559841740850643 0.041343669250646 0.058358061325420374
0 0.5262704565030146 0.7883283877349159 0.08957795004306632 0.08110781404549951
0 0.5060292850990525 0.7077151335311572 0.09560723514211886 0.08011869436201781
0 0.44573643410852715 0.34619188921859545 0.0921619293712317 0.10089020771513353
0 0.8372093023255814 0.05539070227497527 0.07062876830318691 0.0751730959446093
0 0.830318690783807 0.1923837784371909 0.07751937984496124 0.0781404549950544
0 0.9237726098191215 0.18496538081107813 0.07665805340223945 0.0830860534124629
0 0.8837209302325582 0.10138476755687438 0.08957795004306632 0.08011869436201781
0 0.7579672695951766 0.16666666666666666 0.06890611541774333 0.076162215628091
0 0.7868217054263565 0.2354104846686449 0.06976744186046512 0.0751730959446093
0 0.694229112833764 0.18644906033630068 0.08096468561584841 0.08605341246290801
0 0.6838931955211025 0.22453016815034618 0.06890611541774333 0.06330365974282888
0 0.6563307493540051 0.2818991097922849 0.07235142118863049 0.08110781404549951
0 0.7080103359173127 0.3259149357072206 0.07062876830318691 0.08011869436201781
0 0.5930232558139535 0.2561819980217606 0.0611541774332472 0.03956478733926805
0 0.6201550387596899 0.3694362017804154 0.07407407407407407 0.0840751730959446
0 0.6886304909560723 0.41444114737883286 0.0714900947459087 0.0830860534124629
0 0.7558139534883721 0.39119683481701284 0.07665805340223945 0.0702274975272008
0 0.8199827734711456 0.35954500494559843 0.08613264427217916 0.10385756676557864
0 0.7144702842377261 0.5633036597428289 0.07321274763135228 0.0781404549950544
0 0.6154177433247201 0.6988130563798219 0.04909560723514212 0.08011869436201781
0 0.7428940568475452 0.6088031651829872 0.047372954349698536 0.06824925816023739
0 0.4582256675279931 0.8466864490603363 0.05167958656330749 0.05934718100890208
0 0.4177433247200689 0.917408506429278 0.06029285099052541 0.076162215628091
0 0.48320413436692505 0.933728981206726 0.08096468561584841 0.09099901088031652
0 0.40267011197243757 0.5128585558852621 0.06632213608957795 0.076162215628091
0 0.07838070628768304 0.1221562809099901 0.09819121447028424 0.06627101879327399
0 0.2756244616709733 0.73837784371909 0.08440999138673558 0.09990108803165183
0 0.5434969853574505 0.854104846686449 0.10852713178294573 0.10781404549950543
0 0.7441860465116279 0.4732937685459941 0.08096468561584841 0.0781404549950544
