3 0.12857142857142856 0.5772200772200772 0.05714285714285714 0.0444015444015444
3 0.25333333333333335 0.5217181467181468 0.03619047619047619 0.02413127413127413
3 0.49142857142857144 0.33156370656370654 0.03619047619047619 0.0222007722007722
3 0.5847619047619048 0.32287644787644787 0.022857142857142857 0.02413127413127413
3 0.669047619047619 0.28474903474903474 0.040952380952380955 0.032818532818532815
8 0.48142857142857143 0.37065637065637064 0.039047619047619046 0.06756756756756757
8 0.7476190476190476 0.2799227799227799 0.05904761904761905 0.032818532818532815
1 0.7585714285714286 0.2968146718146718 0.02761904761904762 0.010617760617760617
3 0.7409523809523809 0.2514478764478765 0.04 0.02413127413127413
3 0.8204761904761905 0.2171814671814672 0.03142857142857143 0.019305019305019305
3 0.9261904761904762 0.2673745173745174 0.05047619047619047 0.05791505791505792
1 0.3680952380952381 0.416988416988417 0.023809523809523808 0.013513513513513514
