0 0.381042654028436 0.6117256637168141 0.07772511848341232 0.08628318584070796
0 0.3123222748815166 0.5171460176991151 0.07488151658767772 0.07411504424778761
0 0.49146919431279623 0.35176991150442477 0.08056872037914692 0.084070796460177
0 0.5061611374407583 0.20575221238938052 0.08530805687203792 0.09070796460176991
0 0.37251184834123224 0.22732300884955753 0.0909952606635071 0.08075221238938053
0 0.3582938388625592 0.40707964601769914 0.08720379146919431 0.08185840707964602
0 0.43554502369668247 0.4469026548672566 0.07867298578199051 0.07300884955752213
0 0.4663507109004739 0.6421460176991151 0.1023696682464455 0.09623893805309734
0 0.44407582938388623 0.7699115044247787 0.11469194312796209 0.10619469026548672
0 0.6976303317535545 0.9430309734513275 0.07962085308056872 0.08296460176991151
0 0.22985781990521326 0.808075221238938 0.08625592417061612 0.08296460176991151
0 0.10995260663507109 0.6714601769911505 0.05308056872037915 0.06415929203539823
0 0.15545023696682464 0.6775442477876106 0.07014218009478673 0.08738938053097345
0 0.08578199052132701 0.9336283185840708 0.08436018957345971 0.11061946902654868
0 0.3464454976303318 0.9579646017699115 0.08056872037914692 0.07743362831858407
0 0.3962085308056872 0.8633849557522124 0.07772511848341232 0.06526548672566372
0 0.18862559241706162 0.8445796460176991 0.04928909952606635 0.0586283185840708
0 0.4308056872037915 0.30254424778761063 0.08056872037914692 0.06969026548672566
0 0.5895734597156398 0.20962389380530974 0.09289099526066351 0.07190265486725664
0 0.44407582938388623 0.1454646017699115 0.08056872037914692 0.07853982300884955
0 0.6791469194312796 0.29314159292035397 0.07677725118483412 0.05309734513274336
0 0.6203791469194313 0.27599557522123896 0.055924170616113746 0.04756637168141593
0 0.5255924170616114 0.49889380530973454 0.10900473933649289 0.07300884955752213
0 0.5748815165876777 0.558075221238938 0.04454976303317536 0.034292035398230086
0 0.1966824644549763 0.41261061946902655 0.1014218009478673 0.13938053097345132
0 0.057345971563981045 0.8030973451327433 0.10710900473933649 0.13053097345132744
0 0.752132701421801 0.9728982300884956 0.0976303317535545 0.051991150442477874
