0 0.04297224709042077 0.6570776255707762 0.06087735004476276 0.04657534246575343
0 0.30214861235452106 0.6698630136986301 0.05819158460161146 0.0776255707762557
0 0.37600716204118173 0.6589041095890411 0.05908683974932856 0.06484018264840183
4 0.24798567591763654 0.6762557077625571 0.012533572068039392 0.011872146118721462
0 0.2197851387645479 0.9420091324200913 0.05998209489704566 0.042922374429223746
0 0.10698299015219337 0.9415525114155251 0.05998209489704566 0.04200913242009133
0 0.3128916741271262 0.947945205479452 0.06893464637421665 0.052968036529680365
0 0.39122649955237243 0.7470319634703196 0.06624888093106536 0.038356164383561646
0 0.4825425246195166 0.7219178082191781 0.05908683974932856 0.048401826484018265
0 0.41047448522829005 0.8054794520547945 0.07251566696508505 0.04200913242009133
0 0.4646374216651746 0.7776255707762557 0.06624888093106536 0.06118721461187215
0 0.6096687555953447 0.8493150684931506 0.05729632945389436 0.045662100456621
0 0.5165622202327663 0.836986301369863 0.05550581915846016 0.04657534246575343
0 0.5411817367949866 0.6538812785388128 0.06356311548791406 0.047488584474885846
0 0.4982094897045658 0.3424657534246575 0.06535362578334826 0.052968036529680365
0 0.6016114592658908 0.2922374429223744 0.05371530886302596 0.058447488584474884
0 0.6177260519247986 0.5575342465753425 0.05729632945389436 0.039269406392694065
0 0.545658012533572 0.7525114155251141 0.049239033124440466 0.058447488584474884
0 0.3487018800358102 0.8324200913242009 0.05819158460161146 0.0502283105022831
0 0.42479856759176365 0.9041095890410958 0.05640107430617726 0.058447488584474884
0 0.5684870188003581 0.8168949771689498 0.06266786034019696 0.048401826484018265
0 0.8858549686660698 0.34840182648401824 0.052820053715308866 0.06484018264840183
0 0.6495076096687556 0.38904109589041097 0.05998209489704566 0.045662100456621
0 0.6436884512085944 0.46164383561643835 0.06087735004476276 0.05570776255707763
0 0.7014324082363473 0.5438356164383562 0.05640107430617726 0.03744292237442922
0 0.6638316920322291 0.5858447488584475 0.06177260519247986 0.048401826484018265
0 0.6051924798567592 0.5917808219178082 0.051924798567591766 0.03287671232876712
0 0.5805729632945389 0.5054794520547945 0.05819158460161146 0.06484018264840183
0 0.5568487018800358 0.3269406392694064 0.05729632945389436 0.047488584474885846
0 0.6557743957027753 0.2821917808219178 0.047448522829006266 0.0639269406392694
0 0.8957027752909579 0.1863013698630137 0.06535362578334826 0.045662100456621
0 0.9435989256938228 0.1178082191780822 0.05729632945389436 0.043835616438356165
0 0.8209489704565801 0.12968036529680366 0.06445837063563116 0.04200913242009133
0 0.927484333034915 0.07397260273972603 0.08236347358997315 0.04200913242009133
0 0.6790510295434199 0.19041095890410958 0.05640107430617726 0.06118721461187215
0 0.6709937332139659 0.8246575342465754 0.06356311548791406 0.09497716894977169
0 0.5438675022381378 0.6981735159817352 0.04207699194270367 0.0410958904109589
0 0.4619516562220233 0.6452054794520548 0.05550581915846016 0.053881278538812784
0 0.41987466427931963 0.6621004566210046 0.04118173679498657 0.049315068493150684
0 0.4847806624888093 0.8931506849315068 0.07967770814682185 0.06027397260273973
0 0.5828111011638317 0.7538812785388128 0.03401969561324977 0.0319634703196347
