3 0.032423208191126277 0.2253384912959381 0.025597269624573378 0.02321083172147002
0 0.3050341296928328 0.32059961315280466 0.05204778156996587 0.043520309477756286
0 0.4112627986348123 0.3786266924564797 0.05460750853242321 0.045454545454545456
0 0.35793515358361777 0.3984526112185687 0.05204778156996587 0.07736943907156674
0 0.19283276450511946 0.7132495164410058 0.09385665529010238 0.097678916827853
0 0.25554607508532423 0.7678916827852998 0.07423208191126279 0.09477756286266925
0 0.3366040955631399 0.7021276595744681 0.0537542662116041 0.0851063829787234
0 0.3447098976109215 0.6266924564796905 0.04436860068259386 0.06576402321083172
0 0.1992320819112628 0.9197292069632496 0.13225255972696245 0.12959381044487428
0 0.43387372013651876 0.7751450676982592 0.033276450511945395 0.0551257253384913
0 0.43430034129692835 0.7296905222437138 0.034129692832764506 0.033849129593810444
0 0.4970136518771331 0.6760154738878144 0.05204778156996587 0.06769825918762089
0 0.42235494880546076 0.8544487427466151 0.08361774744027303 0.09574468085106383
0 0.39078498293515357 0.5672147001934236 0.10238907849829351 0.08027079303675048
0 0.3438566552901024 0.23887814313346228 0.06996587030716724 0.10251450676982592
0 0.44069965870307165 0.1653771760154739 0.04692832764505119 0.07543520309477757
0 0.47994880546075086 0.41779497098646035 0.05716723549488054 0.06382978723404255
0 0.5388225255972696 0.5058027079303675 0.05716723549488054 0.05415860735009671
0 0.518344709897611 0.6228239845261122 0.0674061433447099 0.07156673114119923
0 0.5162116040955631 0.8776595744680851 0.05460750853242321 0.06479690522243714
0 0.49829351535836175 0.9235976789168279 0.05631399317406143 0.04061895551257253
0 0.49872013651877134 0.9627659574468085 0.06911262798634812 0.06866537717601548
0 0.41680887372013653 0.23597678916827852 0.06911262798634812 0.09864603481624758
0 0.5247440273037542 0.2746615087040619 0.04778156996587031 0.06382978723404255
0 0.5447952218430034 0.2079303675048356 0.05204778156996587 0.07156673114119923
0 0.5733788395904437 0.24274661508704062 0.03583617747440273 0.05029013539651837
0 0.7205631399317406 0.30174081237911027 0.06228668941979522 0.06576402321083172
0 0.6796075085324232 0.5009671179883946 0.05887372013651877 0.0735009671179884
0 0.6412116040955631 0.5570599613152805 0.0810580204778157 0.08897485493230174
0 0.6139078498293515 0.648936170212766 0.05716723549488054 0.06382978723404255
0 0.6087883959044369 0.46083172147001933 0.05887372013651877 0.06673114119922631
0 0.5806313993174061 0.4961315280464217 0.03498293515358362 0.03868471953578337
0 0.523037542662116 0.3776595744680851 0.05802047781569966 0.06673114119922631
0 0.6399317406143344 0.34961315280464217 0.059726962457337884 0.06866537717601548
0 0.6279863481228669 0.4086073500967118 0.052901023890784986 0.06479690522243714
0 0.6761945392491467 0.41731141199226307 0.05716723549488054 0.06479690522243714
0 0.6548634812286689 0.4511605415860735 0.028156996587030716 0.033849129593810444
0 0.7077645051194539 0.44680851063829785 0.050341296928327645 0.058027079303675046
0 0.9108361774744027 0.35493230174081236 0.09300341296928327 0.15473887814313347
0 0.7666382252559727 0.2369439071566731 0.07935153583617748 0.08897485493230174
0 0.814419795221843 0.27852998065764023 0.05716723549488054 0.059961315280464215
0 0.7738907849829352 0.33849129593810445 0.07337883959044368 0.07543520309477757
0 0.8395904436860068 0.38733075435203096 0.05802047781569966 0.05705996131528046
0 0.8331911262798635 0.44197292069632493 0.060580204778156996 0.05222437137330754
0 0.7440273037542662 0.4632495164410058 0.06143344709897611 0.08704061895551257
0 0.4014505119453925 0.937137330754352 0.06399317406143344 0.07543520309477757
