0 0.7546274323682961 0.7418639053254438 0.03322259136212625 0.04487179487179487
0 0.757000474608448 0.6713510848126233 0.022781205505457997 0.050788954635108484
0 0.730422401518747 0.63732741617357 0.037019458946369245 0.029092702169625246
0 0.897484575225439 0.6540927021696252 0.044613194114855245 0.03106508875739645
4 0.7187944945420028 0.5697731755424064 0.014712861888941622 0.014299802761341223
4 0.7600854295206455 0.6407790927021696 0.014712861888941622 0.015285996055226824
0 0.6627906976744186 0.5229289940828402 0.045087802562885616 0.05670611439842209
0 0.9556241101091599 0.22041420118343194 0.06027527289985762 0.05226824457593689
4 0.9451827242524917 0.19255424063116372 0.010915994304698624 0.014299802761341223
3 0.4091124822021832 0.015039447731755425 0.029425723777883245 0.029092702169625246
3 0.4983388704318937 0.03057199211045365 0.07783578547698149 0.05818540433925049
3 0.5135263407688657 0.07273175542406311 0.07973421926910298 0.06360946745562131
3 0.5140009492168961 0.1242603550295858 0.059800664451827246 0.05621301775147929
