1 0.274 0.5113636363636364 0.056 0.06385281385281386
1 0.261 0.44047619047619047 0.034 0.047619047619047616
1 0.295 0.604978354978355 0.05 0.06277056277056277
1 0.3025 0.6255411255411255 0.047 0.06277056277056277
3 0.028 0.4420995670995671 0.036 0.020562770562770564
0 0.55 0.42045454545454547 0.064 0.05735930735930736
0 0.586 0.11580086580086581 0.078 0.08441558441558442
0 0.427 0.2288961038961039 0.076 0.06601731601731602
0 0.538 0.3051948051948052 0.072 0.08225108225108226
0 0.61 0.24512987012987014 0.062 0.048701298701298704
0 0.6875 0.17857142857142858 0.063 0.07575757575757576
0 0.342 0.31872294372294374 0.042 0.050865800865800864
0 0.474 0.40313852813852813 0.062 0.05735930735930736
1 0.506 0.5898268398268398 0.028 0.01948051948051948
1 0.712 0.5211038961038961 0.058 0.03571428571428571
0 0.762 0.40313852813852813 0.07 0.07034632034632035
0 0.7475 0.26082251082251084 0.067 0.07142857142857142
0 0.746 0.3273809523809524 0.084 0.07467532467532467
1 0.7655 0.579004329004329 0.013 0.049783549783549784
1 0.7875 0.5221861471861472 0.065 0.016233766233766232
8 0.6235 0.6136363636363636 0.033 0.032467532467532464
8 0.6355 0.5698051948051948 0.045 0.031385281385281384
8 0.851 0.6239177489177489 0.034 0.06601731601731602
0 0.4645 0.12445887445887446 0.073 0.03896103896103896
3 0.1375 0.5027056277056277 0.053 0.06385281385281386
1 0.683 0.5551948051948052 0.04 0.021645021645021644
3 0.516 0.14339826839826839 0.042 0.044372294372294376
