0 0.4882882882882883 0.27450980392156865 0.06486486486486487 0.08029878618113913
0 0.5788288288288288 0.26563958916900093 0.0963963963963964 0.10550887021475257
0 0.49234234234234237 0.20681605975723621 0.04054054054054054 0.04388422035480859
0 0.5108108108108108 0.4757236227824463 0.08288288288288288 0.09056956115779645
0 0.35495495495495494 0.5672268907563025 0.07027027027027027 0.08683473389355742
0 0.3864864864864865 0.5994397759103641 0.07207207207207207 0.05228758169934641
0 0.7545045045045045 0.5354808590102708 0.08558558558558559 0.08683473389355742
0 0.6864864864864865 0.7964519140989729 0.07387387387387387 0.06162464985994398
0 0.4626126126126126 0.7913165266106442 0.0891891891891892 0.09243697478991597
0 0.3945945945945946 0.7857142857142857 0.05405405405405406 0.0718954248366013
0 0.34144144144144145 0.861811391223156 0.12072072072072072 0.09337068160597572
0 0.2756756756756757 0.7521008403361344 0.08288288288288288 0.08683473389355742
0 0.32207207207207206 0.7282913165266106 0.06756756756756757 0.05788982259570495
0 0.6581081081081082 0.5144724556489262 0.06756756756756757 0.08216619981325864
0 0.5734234234234235 0.7866479925303455 0.051351351351351354 0.06442577030812324
0 0.5085585585585586 0.7782446311858077 0.04594594594594595 0.047619047619047616
0 0.6252252252252253 0.7908496732026143 0.08108108108108109 0.08216619981325864
0 0.436036036036036 0.29411764705882354 0.02702702702702703 0.035480859010270774
0 0.468018018018018 0.323062558356676 0.01891891891891892 0.02054154995331466
