0 0.949047619047619 0.5190058479532164 0.06761904761904762 0.04580896686159844
0 0.8819047619047619 0.21783625730994152 0.07428571428571429 0.05165692007797271
0 0.6223809523809524 0.17884990253411306 0.06571428571428571 0.04580896686159844
0 0.42428571428571427 0.6442495126705653 0.058095238095238096 0.050682261208576995
0 0.38142857142857145 0.6364522417153996 0.03142857142857143 0.021442495126705652
0 0.5257142857142857 0.5818713450292398 0.06095238095238095 0.04678362573099415
0 0.5161904761904762 0.7266081871345029 0.06285714285714286 0.049707602339181284
0 0.6257142857142857 0.6515594541910331 0.03619047619047619 0.043859649122807015
0 0.6071428571428571 0.6086744639376218 0.058095238095238096 0.03996101364522417
0 0.5733333333333334 0.5350877192982456 0.06095238095238095 0.04483430799220273
0 0.7371428571428571 0.46539961013645226 0.05904761904761905 0.03996101364522417
0 0.6361904761904762 0.3333333333333333 0.07238095238095238 0.06237816764132553
4 0.8347619047619048 0.2124756335282651 0.014285714285714285 0.015594541910331383
0 0.5828571428571429 0.7241715399610137 0.07047619047619047 0.06042884990253411
0 0.11904761904761904 0.9395711500974658 0.08571428571428572 0.07992202729044834
0 0.7919047619047619 0.47612085769980506 0.06571428571428571 0.06530214424951267
0 0.6428571428571429 0.5297270955165692 0.07809523809523809 0.09844054580896686
0 0.4614285714285714 0.5609161793372319 0.06380952380952382 0.05360623781676413
0 0.6023809523809524 0.4439571150097466 0.05619047619047619 0.06335282651072124
0 0.6419047619047619 0.46345029239766083 0.0419047619047619 0.04580896686159844
0 0.6395238095238095 0.3961988304093567 0.04476190476190476 0.05360623781676413
0 0.7033333333333334 0.388401559454191 0.05047619047619047 0.0341130604288499
0 0.7714285714285715 0.3338206627680312 0.09333333333333334 0.08674463937621832
0 0.5828571428571429 0.1871345029239766 0.01904761904761905 0.025341130604288498
0 0.8433333333333334 0.2646198830409357 0.03333333333333333 0.02631578947368421
0 0.8766666666666667 0.2597465886939571 0.03142857142857143 0.022417153996101363
0 0.8933333333333333 0.5818713450292398 0.06476190476190476 0.0682261208576998
0 0.5361904761904762 0.7699805068226121 0.0380952380952381 0.03313840155945419
