3 0.10881801125703565 0.2015828677839851 0.01876172607879925 0.036312849162011177
3 0.124765478424015 0.473463687150838 0.03377110694183865 0.04189944134078212
3 0.22185741088180114 0.3538175046554935 0.07223264540337711 0.0260707635009311
3 0.2401500938086304 0.40502793296089384 0.028142589118198873 0.07635009310986965
3 0.30065666041275796 0.41852886405959033 0.036585365853658534 0.08472998137802606
3 0.2696998123827392 0.4925512104283054 0.03470919324577861 0.074487895716946
3 0.3053470919324578 0.4958100558659218 0.027204502814258912 0.06052141527001862
3 0.32926829268292684 0.36033519553072624 0.03189493433395872 0.0223463687150838
3 0.4807692307692308 0.3254189944134078 0.08348968105065666 0.07728119180633147
3 0.3982176360225141 0.42178770949720673 0.02345215759849906 0.035381750465549346
3 0.4057223264540338 0.611731843575419 0.027204502814258912 0.035381750465549346
3 0.8123827392120075 0.2770018621973929 0.054409005628517824 0.04003724394785847
3 0.9343339587242027 0.22579143389199255 0.0375234521575985 0.028864059590316574
1 0.5065666041275797 0.26629422718808193 0.009380863039399626 0.0260707635009311
3 0.3972795497185741 0.29236499068901306 0.03095684803001876 0.0297951582867784
3 0.3850844277673546 0.25558659217877094 0.029080675422138838 0.030726256983240222
1 0.49906191369606 0.35986964618249534 0.0450281425891182 0.038175046554934824
