3 0.38543371522094927 0.758399209486166 0.02127659574468085 0.07213438735177866
3 0.37152209492635024 0.7080039525691699 0.060556464811783964 0.0266798418972332
3 0.28518821603927985 0.8048418972332015 0.027004909983633387 0.036561264822134384
3 0.4341243862520458 0.8325098814229249 0.018821603927986905 0.06027667984189723
3 0.4316693944353519 0.758399209486166 0.030278232405891982 0.08794466403162056
3 0.4063011456628478 0.8374505928853755 0.028641571194762683 0.07015810276679842
3 0.5090016366612111 0.7450592885375494 0.02127659574468085 0.037549407114624504
3 0.5106382978723404 0.9313241106719368 0.02127659574468085 0.03458498023715415
3 0.5806055646481179 0.6605731225296443 0.0662847790507365 0.07806324110671936
3 0.5167757774140753 0.6264822134387352 0.020458265139116204 0.023715415019762844
3 0.5057283142389526 0.6002964426877471 0.02618657937806874 0.030632411067193676
1 0.601063829787234 0.5849802371541502 0.00900163666121113 0.02766798418972332
1 0.5936988543371522 0.6788537549407114 0.031914893617021274 0.039525691699604744
3 0.8514729950900164 0.5874505928853755 0.046644844517184945 0.042490118577075096
3 0.9549918166939444 0.5335968379446641 0.029459901800327332 0.029644268774703556
3 0.27823240589198034 0.5390316205533597 0.01800327332242226 0.03458498023715415
3 0.2295417348608838 0.05731225296442688 0.031914893617021274 0.043478260869565216
3 0.036824877250409165 0.3018774703557312 0.02618657937806874 0.030632411067193676
8 0.047872340425531915 0.25296442687747034 0.05810147299509002 0.0691699604743083
