0 0.8112803426939552 0.8721607454863133 0.05378391242265588 0.0681421083284799
0 0.8407900999524036 0.8080955154338963 0.0461684911946692 0.0529994175888177
0 0.7939076630176106 0.7775189283634246 0.05045216563541171 0.052417006406523005
0 0.757734412184674 0.737914967967385 0.035221323179438366 0.0512521840419336
0 0.6930033317467873 0.8491555037856727 0.10471204188481675 0.10716365754222482
0 0.6254164683484055 0.8925451368666278 0.026653974297953357 0.06231799650553291
0 0.5552118039029034 0.8497379149679674 0.038553069966682535 0.07105416423995341
0 0.5166587339362209 0.8308095515433896 0.025226082817705855 0.021549213744903904
0 0.6242265587815327 0.7606290040768783 0.038553069966682535 0.0384391380314502
0 0.6768205616373155 0.7693651718112988 0.06092336982389338 0.0512521840419336
4 0.5723465016658734 0.8095515433896331 0.009995240361732508 0.0128130460104834
4 0.46287482151356496 0.7947000582411182 0.01285102332222751 0.0180547466511357
0 0.7246549262256069 0.6764705882352942 0.02427415516420752 0.027373325567850902
4 0.7363160399809614 0.6645311589982528 0.013326987148976678 0.016307513104251603
0 0.7441694431223227 0.569015725101922 0.0318895763921942 0.05824111822947001
0 0.6689671584959543 0.516598718695399 0.05378391242265588 0.05358182877111241
3 0.6894336030461685 0.4775771694816541 0.017610661589719183 0.0221316249271986
0 0.49762018086625415 0.5663948747815958 0.034745359352689194 0.06930693069306931
0 0.5061875297477392 0.6659871869539895 0.025226082817705855 0.0192195690157251
0 0.5054735840076154 0.6287128712871287 0.029509757258448358 0.048340128130460104
0 0.4566872917658258 0.609784507862551 0.033793431699190864 0.05358182877111241
0 0.4321751546882437 0.5454280722189866 0.029509757258448358 0.06581246359930111
0 0.45287958115183247 0.5110658124635993 0.020466444550214184 0.028538147932440302
0 0.44121846739647785 0.4807804309842749 0.03236554021894336 0.0529994175888177
0 0.40671108995716326 0.45719277810133957 0.011899095668729176 0.026790914385556204
4 0.3898143741075678 0.470879440885265 0.012375059495478343 0.0168899242865463
4 0.41242265587815324 0.628130460104834 0.011899095668729176 0.0168899242865463
0 0.4895287958115183 0.430110658124636 0.03664921465968586 0.056493884682585906
4 0.4281294621608758 0.38963308095515437 0.011899095668729176 0.015142690739662202
4 0.4752498810090433 0.3159580663948748 0.01285102332222751 0.0168899242865463
0 0.4859590671108996 0.3532323820617356 0.028557829604950024 0.0448456610366919
0 0.49904807234650167 0.3846825859056494 0.015706806282722512 0.0168899242865463
0 0.50571156592099 0.29033197437390795 0.0318895763921942 0.0448456610366919
0 0.4362208472156116 0.30605707629586487 0.04712041884816754 0.06930693069306931
0 0.38077106139933364 0.15084449621432733 0.05045216563541171 0.08386721025043681
0 0.4464540694907187 0.12288875946418171 0.054259876249405044 0.0722189866045428
4 0.3500713945740124 0.09289458357600466 0.013802950975725845 0.0168899242865463
3 0.5030937648738696 0.1292952824694234 0.013326987148976678 0.026790914385556204
3 0.4930985245121371 0.10133954571927781 0.01618277010947168 0.032615026208503206
3 0.4493098524512137 0.07833430401863715 0.026653974297953357 0.023878858474082703
