0 0.32915057915057916 0.8827708703374778 0.05791505791505792 0.07282415630550622
0 0.4083011583011583 0.7486678507992895 0.07142857142857142 0.06216696269982238
0 0.3754826254826255 0.6558614564831261 0.07915057915057915 0.07371225577264653
0 0.37596525096525096 0.566607460035524 0.04922779922779923 0.047957371225577264
0 0.4391891891891892 0.5248667850799289 0.07528957528957529 0.06394316163410302
0 0.4826254826254826 0.39031971580817054 0.055984555984555984 0.0541740674955595
0 0.444015444015444 0.40852575488454707 0.04247104247104247 0.046181172291296625
0 0.4966216216216216 0.2477797513321492 0.05888030888030888 0.06216696269982238
0 0.5086872586872587 0.17939609236234458 0.09652509652509653 0.03907637655417407
0 0.5661196911196911 0.1269982238010657 0.06660231660231661 0.037300177619893425
0 0.6293436293436293 0.11101243339253997 0.06756756756756757 0.04085257548845471
0 0.6153474903474904 0.3308170515097691 0.06660231660231661 0.05772646536412078
0 0.5526061776061776 0.566607460035524 0.060810810810810814 0.0497335701598579
0 0.4623552123552124 0.5852575488454707 0.06563706563706563 0.04085257548845471
0 0.5222007722007722 0.7322380106571936 0.0444015444015444 0.04884547069271759
0 0.5333011583011583 0.6762877442273535 0.060810810810810814 0.05772646536412078
0 0.5024131274131274 0.6518650088809946 0.02413127413127413 0.02486678507992895
0 0.4782818532818533 0.6269982238010657 0.0472972972972973 0.035523978685612786
0 0.5207528957528957 0.6203374777975134 0.05115830115830116 0.050621669626998225
0 0.5 0.5395204262877442 0.0694980694980695 0.07548845470692718
0 0.4473938223938224 0.6531971580817052 0.06467181467181467 0.05950266429840142
0 0.43484555984555984 0.69449378330373 0.060810810810810814 0.0497335701598579
0 0.6037644787644788 0.9631438721136767 0.07239382239382239 0.05950266429840142
0 0.6607142857142857 0.34769094138543516 0.06274131274131274 0.06838365896980461
0 0.7374517374517374 0.0452930728241563 0.07722007722007722 0.06927175843694494
