3 0.16277985074626866 0.32142857142857145 0.036380597014925374 0.03088803088803089
3 0.3903917910447761 0.1274131274131274 0.036380597014925374 0.021235521235521235
8 0.3805970149253731 0.16747104247104247 0.03917910447761194 0.06853281853281853
3 0.48274253731343286 0.1192084942084942 0.02332089552238806 0.0222007722007722
3 0.5643656716417911 0.08252895752895753 0.04477611940298507 0.037644787644787646
3 0.632929104477612 0.045366795366795366 0.03824626865671642 0.023166023166023165
8 0.6399253731343284 0.07625482625482626 0.05783582089552239 0.03474903474903475
1 0.9640858208955224 0.15444015444015444 0.043843283582089554 0.055984555984555984
1 0.9720149253731343 0.1718146718146718 0.041044776119402986 0.05405405405405406
1 0.9407649253731343 0.07094594594594594 0.05317164179104478 0.05308880308880309
3 0.7094216417910447 0.01447876447876448 0.03264925373134328 0.023166023166023165
3 0.04197761194029851 0.3769305019305019 0.055970149253731345 0.0472972972972973
1 0.6515858208955224 0.09266409266409266 0.027052238805970148 0.009652509652509652
