3 0.4576048951048951 0.8529411764705882 0.044580419580419584 0.050980392156862744
3 0.3208041958041958 0.8754901960784314 0.03146853146853147 0.03529411764705882
3 0.14903846153846154 0.921078431372549 0.044580419580419584 0.05588235294117647
3 0.9143356643356644 0.8926470588235295 0.033216783216783216 0.024509803921568627
3 0.6416083916083916 0.9436274509803921 0.027972027972027972 0.03627450980392157
1 0.5152972027972028 0.30833333333333335 0.027097902097902096 0.014705882352941176
8 0.777972027972028 0.12745098039215685 0.3688811188811189 0.23921568627450981
3 0.8107517482517482 0.1514705882352941 0.020104895104895104 0.024509803921568627
3 0.784965034965035 0.15980392156862744 0.015734265734265736 0.01764705882352941
3 0.7596153846153846 0.17549019607843136 0.024475524475524476 0.021568627450980392
3 0.7163461538461539 0.19558823529411765 0.016608391608391608 0.020588235294117647
3 0.6927447552447552 0.20980392156862746 0.016608391608391608 0.021568627450980392
1 0.5292832167832168 0.8196078431372549 0.025349650349650348 0.047058823529411764
0 0.5537587412587412 0.9686274509803922 0.027097902097902096 0.023529411764705882
0 0.5288461538461539 0.9715686274509804 0.019230769230769232 0.025490196078431372
1 0.4431818181818182 0.8230392156862745 0.017482517482517484 0.022549019607843137
1 0.4807692307692308 0.8220588235294117 0.03496503496503497 0.03627450980392157
1 0.5152972027972028 0.817156862745098 0.0236013986013986 0.03235294117647059
