0 0.3654995730145175 0.6220472440944882 0.09222886421861656 0.1279527559055118
0 0.5508112724167379 0.45767716535433073 0.1502988898377455 0.1437007874015748
0 0.5230572160546542 0.3046259842519685 0.12894961571306576 0.13681102362204725
0 0.6400512382578992 0.2485236220472441 0.125533731853117 0.13484251968503938
0 0.5807002561912895 0.08612204724409449 0.11272416737830913 0.12696850393700787
0 0.4099060631938514 0.4744094488188976 0.05807002561912895 0.07874015748031496
0 0.3595217762596072 0.4812992125984252 0.09052092228864218 0.1141732283464567
0 0.2997438087105038 0.44143700787401574 0.107600341588386 0.1328740157480315
0 0.3753202391118702 0.33218503937007876 0.07941929974380871 0.1545275590551181
0 0.29803586678052946 0.2677165354330709 0.10418445772843724 0.10236220472440945
0 0.3112724167378309 0.359251968503937 0.0623398804440649 0.06496062992125984
0 0.2224594363791631 0.36515748031496065 0.11016225448334757 0.10433070866141732
0 0.34244235695986336 0.17273622047244094 0.11272416737830913 0.10137795275590551
0 0.30785653287788217 0.0610236220472441 0.0982066609735269 0.10433070866141732
0 0.1682322801024765 0.4281496062992126 0.07344150298889837 0.1141732283464567
0 0.2553373185311699 0.16338582677165353 0.07344150298889837 0.0610236220472441
0 0.2075149444918873 0.17864173228346455 0.04269854824935952 0.058070866141732284
0 0.20666097352690008 0.07874015748031496 0.11784799316823227 0.11614173228346457
