0 0.44344344344344344 0.705937794533459 0.1041041041041041 0.07163053722902922
0 0.7492492492492493 0.0824693685202639 0.06906906906906907 0.051837888784165884
0 0.6391391391391391 0.16022620169651272 0.06306306306306306 0.0471253534401508
0 0.6916916916916916 0.17106503298774742 0.04604604604604605 0.029217719132893498
0 0.6981981981981982 0.2064090480678605 0.06906906906906907 0.043355325164938736
0 0.7557557557557557 0.17907634307257306 0.06606606606606606 0.03770028275212064
0 0.6201201201201201 0.2587181903864279 0.07707707707707707 0.03864278982092366
0 0.57007007007007 0.3402450518378888 0.08108108108108109 0.05466540999057493
0 0.7167167167167167 0.3350612629594722 0.06606606606606606 0.03864278982092366
0 0.6586586586586587 0.35391140433553253 0.04004004004004004 0.0235626767200754
0 0.7597597597597597 0.3920829406220547 0.06006006006006006 0.04524033930254477
0 0.6181181181181181 0.4203581526861451 0.06106106106106106 0.03770028275212064
0 0.6811811811811812 0.4278982092365693 0.06506506506506507 0.058435438265786996
0 0.6806806806806807 0.4665409990574929 0.03803803803803804 0.033930254476908575
0 0.9119119119119119 0.03581526861451461 0.06806806806806807 0.05089538171536286
0 0.96996996996997 0.07445805843543826 0.06006006006006006 0.05655042412818096
0 0.5930930930930931 0.2884071630537229 0.02902902902902903 0.020735155513666354
