0 0.1981891348088531 0.04753199268738574 0.09859154929577464 0.07312614259597806
0 0.19617706237424548 0.4570383912248629 0.11468812877263582 0.0712979890310786
0 0.23038229376257546 0.600091407678245 0.13078470824949698 0.061243144424131625
0 0.6182092555331992 0.7152650822669104 0.1358148893360161 0.09414990859232175
0 0.5362173038229376 0.7600548446069469 0.13279678068410464 0.09597806215722121
0 0.5613682092555332 0.9003656307129799 0.03822937625754527 0.038391224862888484
0 0.31891348088531185 0.7774223034734917 0.11468812877263582 0.07586837294332724
0 0.1921529175050302 0.7413162705667276 0.11468812877263582 0.07495429616087751
0 0.05885311871227364 0.6713893967093236 0.11167002012072434 0.05393053016453382
0 0.11116700201207244 0.5475319926873857 0.08953722334004025 0.051188299817184646
0 0.2630784708249497 0.5379341864716636 0.04527162977867203 0.03016453382084095
0 0.48893360160965793 0.79981718464351 0.09456740442655935 0.07312614259597806
0 0.5754527162977867 0.9387568555758684 0.08048289738430583 0.054844606946983544
