0 0.3617533718689788 0.3510848126232742 0.07996146435452794 0.08086785009861933
0 0.17822736030828518 0.33530571992110453 0.05973025048169557 0.0631163708086785
0 0.17870905587668592 0.507396449704142 0.06069364161849711 0.05818540433925049
0 0.2451830443159923 0.36587771203155817 0.07610789980732177 0.08086785009861933
0 0.22928709055876687 0.23717948717948717 0.055876685934489405 0.0641025641025641
0 0.24036608863198458 0.15039447731755423 0.07225433526011561 0.05621301775147929
0 0.16233140655105974 0.17307692307692307 0.06454720616570328 0.08185404339250493
0 0.1936416184971098 0.22682445759368836 0.03275529865125241 0.04339250493096647
0 0.05973025048169557 0.40927021696252464 0.06936416184971098 0.0670611439842209
0 0.09393063583815028 0.46597633136094674 0.06840077071290944 0.038461538461538464
0 0.12283236994219653 0.27958579881656803 0.04335260115606936 0.05029585798816568
0 0.10982658959537572 0.33579881656804733 0.06551059730250482 0.038461538461538464
