1 0.4382716049382716 0.04153027823240589 0.04040404040404041 0.009410801963993453
1 0.4391133557800225 0.048895253682487726 0.04208754208754209 0.008592471358428805
1 0.44276094276094274 0.05523731587561375 0.04040404040404041 0.008183306055646482
1 0.44107744107744107 0.06239770867430442 0.04152637485970819 0.007774140752864157
1 0.4393939393939394 0.07037643207855974 0.04040404040404041 0.006546644844517185
1 0.4346240179573513 0.07712765957446809 0.04208754208754209 0.007774140752864157
1 0.43630751964085296 0.0851063829787234 0.03872053872053872 0.008183306055646482
1 0.4298540965207632 0.09124386252045827 0.03928170594837262 0.006546644844517185
1 0.4152637485970819 0.10024549918166939 0.03928170594837262 0.007364975450081833
1 0.40347923681257014 0.10822422258592472 0.04040404040404041 0.01104746317512275
1 0.7934904601571269 0.5765139116202946 0.015712682379349047 0.023731587561374796
1 0.8106060606060606 0.564443535188216 0.020763187429854096 0.020049099836333878
1 0.8148148148148148 0.5785597381342062 0.016835016835016835 0.0057283142389525366
1 0.8179012345679012 0.5826513911620295 0.010662177328843996 0.007364975450081833
1 0.8369809203142536 0.5777414075286416 0.014029180695847363 0.010638297872340425
1 0.8341750841750841 0.5315057283142389 0.009539842873176206 0.012274959083469721
1 0.9046015712682379 0.5439852700490998 0.007856341189674524 0.01104746317512275
1 0.8470819304152637 0.568126022913257 0.005050505050505051 0.006955810147299509
1 0.7188552188552189 0.6608019639934534 0.008978675645342313 0.00900163666121113
1 0.7210998877665544 0.6648936170212766 0.01122334455667789 0.008183306055646482
1 0.7205387205387206 0.6698036006546645 0.010101010101010102 0.006546644844517185
1 0.7213804713804713 0.6749181669394435 0.011784511784511785 0.005319148936170213
1 0.7292368125701459 0.7049918166939444 0.02974186307519641 0.007364975450081833
1 0.7516835016835017 0.6878068739770867 0.01627384960718294 0.004909983633387889
1 0.7693602693602694 0.70069558101473 0.01122334455667789 0.0036824877250409165
1 0.7780583613916947 0.7346563011456628 0.015151515151515152 0.004500818330605565
1 0.7497194163860831 0.7444762684124386 0.01122334455667789 0.009410801963993453
1 0.7483164983164983 0.7489770867430442 0.007295173961840628 0.008592471358428805
1 0.8268799102132436 0.7692307692307693 0.006172839506172839 0.010638297872340425
1 0.8322109988776656 0.7720949263502455 0.005611672278338945 0.010638297872340425
1 0.8361391694725028 0.7745499181669394 0.003367003367003367 0.010638297872340425
1 0.8411896745230079 0.7749590834697218 0.006734006734006734 0.010638297872340425
1 0.8448372615039281 0.7776186579378068 0.010662177328843996 0.007774140752864157
1 0.8473625140291807 0.7800736497545008 0.012345679012345678 0.0061374795417348605
1 0.8108866442199776 0.8490180032733224 0.004489337822671156 0.009819967266775777
1 0.7881593714927049 0.8353109656301145 0.008417508417508417 0.02495908346972177
1 0.7772166105499438 0.8385842880523732 0.007856341189674524 0.012684124386252046
1 0.7716049382716049 0.8408346972176759 0.005611672278338945 0.01309328968903437
1 0.542648709315376 0.9476268412438625 0.015712682379349047 0.031914893617021274
1 0.5277777777777778 0.9455810147299509 0.011784511784511785 0.022913256955810146
3 0.4671717171717172 0.9351472995090017 0.023007856341189674 0.006955810147299509
1 0.3557800224466891 0.9308510638297872 0.008978675645342313 0.016366612111292964
1 0.3490460157126824 0.929214402618658 0.006734006734006734 0.019639934533551555
1 0.33698092031425364 0.9279869067103109 0.012906846240179574 0.019639934533551555
1 0.15432098765432098 0.5910392798690671 0.005611672278338945 0.01104746317512275
1 0.16189674523007858 0.5920621931260229 0.005050505050505051 0.011456628477905073
1 0.16582491582491582 0.5939034369885434 0.005050505050505051 0.011865793780687398
1 0.17115600448933782 0.5941080196399345 0.005611672278338945 0.010638297872340425
1 0.17592592592592593 0.5928805237315876 0.006172839506172839 0.012274959083469721
1 0.18153759820426488 0.5930851063829787 0.005050505050505051 0.013502454991816694
1 0.18518518518518517 0.5926759410801964 0.006734006734006734 0.01104746317512275
1 0.19051627384960718 0.5926759410801964 0.005050505050505051 0.012684124386252046
1 0.19584736251402918 0.592266775777414 0.010101010101010102 0.008592471358428805
3 0.7477553310886644 0.5973813420621932 0.024130190796857465 0.016366612111292964
3 0.8919753086419753 0.5308919803600655 0.051066217732884396 0.035597381342062195
3 0.8409090909090909 0.5533960720130933 0.05667789001122334 0.02905073649754501
3 0.7522446689113356 0.7039689034369886 0.01964085297418631 0.027414075286415714
3 0.7640291806958474 0.7342471358428805 0.014029180695847363 0.017594108019639936
3 0.8212682379349046 0.7872340425531915 0.03872053872053872 0.027823240589198037
3 0.8106060606060606 0.837152209492635 0.03872053872053872 0.013911620294599018
3 0.11447811447811448 0.6082242225859247 0.014590347923681257 0.012684124386252046
1 0.11840628507295174 0.9662438625204582 0.008978675645342313 0.017594108019639936
1 0.12682379349046016 0.9666530278232406 0.015712682379349047 0.02905073649754501
0 0.8692480359147026 0.3997545008183306 0.05723905723905724 0.01718494271685761
0 0.29208754208754206 0.8927986906710311 0.04994388327721661 0.036824877250409165
0 0.20650953984287318 0.8592471358428805 0.12121212121212122 0.0662847790507365
0 0.2881593714927048 0.8621112929623568 0.044332210998877665 0.02127659574468085
0 0.32968574635241304 0.861088379705401 0.01627384960718294 0.016775777414075287
0 0.37570145903479235 0.8760229132569558 0.058922558922558925 0.028641571194762683
0 0.43574635241301907 0.8817512274959084 0.037598204264870934 0.024549918166939442
0 0.4671717171717172 0.8856382978723404 0.02749719416386083 0.010229132569558102
0 0.4957912457912458 0.897708674304419 0.03423120089786756 0.031096563011456628
0 0.4696969696969697 0.8754091653027823 0.02244668911335578 0.016775777414075287
0 0.553030303030303 0.8950490998363339 0.08698092031425365 0.042962356792144024
0 0.6186868686868687 0.8799099836333879 0.04994388327721661 0.027414075286415714
0 0.6891133557800224 0.8578150572831423 0.03928170594837262 0.033960720130932896
0 0.6717171717171717 0.8019639934533551 0.03254769921436588 0.04091653027823241
0 0.7519640852974186 0.7935761047463176 0.04040404040404041 0.035597381342062195
0 0.6321548821548821 0.8277414075286416 0.04882154882154882 0.027823240589198037
0 0.67003367003367 0.7673895253682488 0.03591470258136925 0.029869067103109655
0 0.6658249158249159 0.7371112929623568 0.03872053872053872 0.030687397708674305
0 0.7098765432098766 0.7354746317512275 0.02244668911335578 0.030687397708674305
3 0.6498316498316499 0.6933306055646481 0.010101010101010102 0.007774140752864157
0 0.5721099887766554 0.737315875613748 0.03535353535353535 0.03436988543371522
0 0.5824915824915825 0.7616612111292962 0.026936026936026935 0.015957446808510637
0 0.6240179573512907 0.6650981996726678 0.031425364758698095 0.03477905073649754
0 0.6144781144781145 0.6211129296235679 0.05948372615039282 0.05155482815057283
0 0.6560044893378226 0.5750818330605565 0.05723905723905724 0.06178396072013093
0 0.7157687991021324 0.5347790507364976 0.0712682379349046 0.04337152209492635
0 0.574635241301908 0.46583469721767595 0.03928170594837262 0.02495908346972177
0 0.4444444444444444 0.4613338788870704 0.038159371492704826 0.047872340425531915
0 0.3891694725028058 0.4472176759410802 0.06790123456790123 0.05973813420621931
0 0.3961840628507295 0.5137070376432079 0.06397306397306397 0.03887070376432079
0 0.3549382716049383 0.5701718494271686 0.057800224466891134 0.07405891980360066
0 0.3049943883277217 0.5742635024549918 0.04769921436588103 0.05932896890343699
0 0.3546576879910213 0.689443535188216 0.05948372615039282 0.036824877250409165
0 0.47053872053872053 0.675531914893617 0.08698092031425365 0.04828150572831424
0 0.5513468013468014 0.6460720130932897 0.07014590347923681 0.030278232405891982
0 0.558361391694725 0.6851472995090017 0.07631874298540965 0.046235679214402615
0 0.5016835016835017 0.7297463175122749 0.03254769921436588 0.033960720130932896
0 0.5137485970819304 0.763911620294599 0.051066217732884396 0.038461538461538464
0 0.5339506172839507 0.8394026186579379 0.04769921436588103 0.02495908346972177
0 0.5718294051627385 0.8277414075286416 0.04826038159371493 0.029459901800327332
0 0.5420875420875421 0.8046235679214403 0.06621773288439955 0.029869067103109655
0 0.5982042648709316 0.7868248772504092 0.037037037037037035 0.02618657937806874
0 0.5 0.7974631751227496 0.0920314253647587 0.040098199672667756
0 0.46520763187429853 0.8138297872340425 0.029180695847362513 0.020458265139116204
0 0.4494949494949495 0.828355155482815 0.04040404040404041 0.027414075286415714
0 0.4079685746352413 0.820785597381342 0.04152637485970819 0.03518821603927987
0 0.37429854096520765 0.7894844517184942 0.03367003367003367 0.015957446808510637
0 0.36560044893378224 0.8226268412438625 0.04657687991021325 0.03314238952536825
0 0.2595398428731762 0.8044189852700491 0.02974186307519641 0.027823240589198037
0 0.1893939393939394 0.7974631751227496 0.04994388327721661 0.020458265139116204
0 0.2309203142536476 0.8019639934533551 0.03647586980920314 0.019639934533551555
0 0.19865319865319866 0.777823240589198 0.04264870931537598 0.02618657937806874
0 0.1804152637485971 0.7099018003273322 0.057800224466891134 0.040098199672667756
0 0.21997755331088664 0.7021276595744681 0.050505050505050504 0.04091653027823241
3 0.05723905723905724 0.80810147299509 0.017957351290684626 0.011456628477905073
3 0.11896745230078563 0.8031914893617021 0.012345679012345678 0.007364975450081833
2 0.07716049382716049 0.801759410801964 0.014029180695847363 0.009410801963993453
2 0.09820426487093153 0.7898936170212766 0.010101010101010102 0.006955810147299509
2 0.7331649831649831 0.7346563011456628 0.007295173961840628 0.01104746317512275
2 0.7354096520763187 0.7594108019639935 0.005050505050505051 0.00900163666121113
2 0.7334455667789002 0.7698445171849427 0.008978675645342313 0.009410801963993453
2 0.7250280583613917 0.7813011456628478 0.006734006734006734 0.009410801963993453
2 0.6933221099887766 0.7590016366612111 0.008417508417508417 0.012274959083469721
2 0.6907968574635241 0.8023731587561375 0.007856341189674524 0.016366612111292964
2 0.7042648709315376 0.8003273322422259 0.005611672278338945 0.010638297872340425
2 0.7283950617283951 0.7974631751227496 0.004489337822671156 0.009819967266775777
2 0.702020202020202 0.8140343698854338 0.006734006734006734 0.008592471358428805
2 0.7328843995510662 0.8140343698854338 0.01122334455667789 0.004500818330605565
2 0.7079124579124579 0.8179214402618658 0.007295173961840628 0.007364975450081833
0 0.611672278338945 0.8160801963993454 0.025813692480359147 0.015957446808510637
2 0.22081930415263748 0.6614157119476268 0.009539842873176206 0.0061374795417348605
0 0.2079124579124579 0.676759410801964 0.010662177328843996 0.007364975450081833
2 0.35241301907968575 0.6779869067103109 0.013468013468013467 0.006546644844517185
2 0.2946127946127946 0.7080605564648118 0.01122334455667789 0.006955810147299509
2 0.27413019079685746 0.6976268412438625 0.009539842873176206 0.006546644844517185
2 0.3496071829405163 0.6573240589198036 0.008978675645342313 0.0061374795417348605
0 0.01711560044893378 0.8657937806873978 0.02861952861952862 0.02536824877250409
0 0.04040404040404041 0.8574058919803601 0.04601571268237935 0.03805237315875614
0 0.06874298540965208 0.8414484451718495 0.03423120089786756 0.02414075286415712
0 0.11363636363636363 0.8377659574468085 0.05218855218855219 0.027414075286415714
0 0.29180695847362514 0.8054418985270049 0.037037037037037035 0.02823240589198036
0 0.32491582491582494 0.8099427168576104 0.038159371492704826 0.022504091653027823
0 0.7239057239057239 0.8555646481178396 0.04489337822671156 0.03518821603927987
0 0.7516835016835017 0.8443126022913257 0.03872053872053872 0.027414075286415714
