0 0.5518134715025906 0.46905393457117595 0.11053540587219343 0.10698496905393456
0 0.6390328151986183 0.40318302387267907 0.1157167530224525 0.10963748894783377
0 0.633419689119171 0.32847038019451813 0.07167530224525043 0.0645446507515473
0 0.5798791018998273 0.23209549071618038 0.12521588946459414 0.1282051282051282
0 0.45509499136442144 0.3421750663129973 0.12780656303972365 0.10079575596816977
0 0.3946459412780656 0.4451812555260831 0.1381692573402418 0.14235190097259062
0 0.231433506044905 0.6237842617152962 0.12607944732297063 0.10344827586206896
0 0.3069948186528497 0.601237842617153 0.06303972366148532 0.07780725022104333
0 0.13601036269430053 0.6609195402298851 0.07858376511226252 0.08930150309460655
0 0.049654576856649396 0.671971706454465 0.09585492227979274 0.125552608311229
