0 0.5686274509803921 0.1937229437229437 0.05803921568627451 0.03823953823953824
0 0.5392156862745098 0.22474747474747475 0.03215686274509804 0.032467532467532464
0 0.456078431372549 0.2334054834054834 0.05411764705882353 0.05988455988455989
0 0.5564705882352942 0.06277056277056277 0.058823529411764705 0.05916305916305916
0 0.45294117647058824 0.11147186147186147 0.07607843137254902 0.07142857142857142
0 0.5517647058823529 0.26875901875901875 0.08549019607843138 0.06277056277056277
0 0.5870588235294117 0.2846320346320346 0.06509803921568627 0.04401154401154401
0 0.6454901960784314 0.20634920634920634 0.0784313725490196 0.06782106782106782
0 0.6490196078431373 0.26082251082251084 0.04470588235294118 0.045454545454545456
0 0.6313725490196078 0.32936507936507936 0.07215686274509804 0.048340548340548344
0 0.49333333333333335 0.42063492063492064 0.06901960784313725 0.06060606060606061
0 0.45215686274509803 0.3787878787878788 0.07764705882352942 0.06926406926406926
0 0.4666666666666667 0.3152958152958153 0.07215686274509804 0.06060606060606061
0 0.45294117647058824 0.4967532467532468 0.0603921568627451 0.05411255411255411
0 0.5011764705882353 0.556998556998557 0.06745098039215686 0.06349206349206349
0 0.46705882352941175 0.6114718614718615 0.04470588235294118 0.0367965367965368
0 0.6172549019607844 0.6352813852813853 0.054901960784313725 0.06277056277056277
0 0.523921568627451 0.6486291486291487 0.07215686274509804 0.06493506493506493
0 0.5803921568627451 0.8001443001443002 0.0988235294117647 0.08946608946608947
0 0.635686274509804 0.8416305916305916 0.06352941176470588 0.05988455988455989
0 0.6780392156862745 0.8272005772005772 0.04941176470588235 0.046897546897546896
0 0.6572549019607843 0.7261904761904762 0.0784313725490196 0.08585858585858586
0 0.6054901960784314 0.46645021645021645 0.08627450980392157 0.10173160173160173
0 0.6286274509803922 0.5111832611832612 0.06196078431372549 0.07864357864357864
0 0.5690196078431372 0.42063492063492064 0.08705882352941176 0.10101010101010101
0 0.7690196078431373 0.9155844155844156 0.0603921568627451 0.07503607503607504
0 0.7949019607843137 0.9653679653679653 0.06509803921568627 0.06060606060606061
0 0.8231372549019608 0.6533189033189033 0.06823529411764706 0.06998556998556998
0 0.7462745098039215 0.4458874458874459 0.06196078431372549 0.04329004329004329
0 0.796078431372549 0.3939393939393939 0.0784313725490196 0.08802308802308802
0 0.8776470588235294 0.3481240981240981 0.0815686274509804 0.0873015873015873
0 0.8352941176470589 0.29365079365079366 0.07058823529411765 0.07215007215007214
0 0.7290196078431372 0.26875901875901875 0.08705882352941176 0.06277056277056277
0 0.7011764705882353 0.21825396825396826 0.06588235294117648 0.06132756132756133
0 0.7447058823529412 0.13203463203463203 0.06509803921568627 0.06926406926406926
0 0.7658823529411765 0.16774891774891776 0.04156862745098039 0.03535353535353535
0 0.7627450980392156 0.21284271284271283 0.06352941176470588 0.05627705627705628
0 0.7956862745098039 0.1479076479076479 0.050980392156862744 0.049062049062049064
0 0.8341176470588235 0.1994949494949495 0.06823529411764706 0.06132756132756133
0 0.8290196078431372 0.23809523809523808 0.07058823529411765 0.03751803751803752
0 0.8717647058823529 0.14862914862914864 0.0792156862745098 0.09956709956709957
0 0.7623529411764706 0.06277056277056277 0.06745098039215686 0.06349206349206349
0 0.6031372549019608 0.04329004329004329 0.04549019607843137 0.04329004329004329
0 0.4243137254901961 0.6684704184704184 0.11607843137254902 0.08008658008658008
0 0.33176470588235296 0.5559163059163059 0.08784313725490196 0.0670995670995671
0 0.4074509803921569 0.4440836940836941 0.050980392156862744 0.045454545454545456
0 0.27647058823529413 0.5 0.07294117647058823 0.06926406926406926
0 0.2196078431372549 0.48773448773448774 0.07529411764705882 0.06060606060606061
0 0.15411764705882353 0.509018759018759 0.0792156862745098 0.06421356421356421
0 0.06627450980392156 0.4213564213564214 0.07764705882352942 0.0735930735930736
0 0.09058823529411765 0.5274170274170275 0.07764705882352942 0.06204906204906205
0 0.1223529411764706 0.35858585858585856 0.04862745098039216 0.04329004329004329
0 0.16901960784313724 0.4018759018759019 0.08862745098039215 0.07792207792207792
0 0.31882352941176473 0.23412698412698413 0.07450980392156863 0.07142857142857142
0 0.32666666666666666 0.35173160173160173 0.1011764705882353 0.1075036075036075
0 0.3898039215686275 0.288961038961039 0.06745098039215686 0.0772005772005772
0 0.40784313725490196 0.1590909090909091 0.08470588235294117 0.06998556998556998
0 0.8274509803921568 0.08513708513708514 0.05019607843137255 0.046176046176046176
0 0.8427450980392157 0.0284992784992785 0.03215686274509804 0.02958152958152958
0 0.8137254901960784 0.12229437229437229 0.04627450980392157 0.046897546897546896
0 0.48470588235294115 0.14754689754689754 0.05803921568627451 0.05266955266955267
