5 0.4045608108108108 0.6476063829787234 0.02195945945945946 0.034574468085106384
3 0.6549831081081081 0.5093085106382979 0.10726351351351351 0.20124113475177305
3 0.7065033783783784 0.7207446808510638 0.10219594594594594 0.05851063829787234
3 0.6790540540540541 0.5961879432624113 0.09121621621621621 0.15868794326241134
0 0.5709459459459459 0.37189716312056736 0.125 0.16400709219858156
0 0.19383445945945946 0.07180851063829788 0.11908783783783784 0.11170212765957446
0 0.7141047297297297 0.16932624113475178 0.06503378378378379 0.08687943262411348
0 0.6317567567567568 0.22650709219858156 0.08108108108108109 0.06826241134751773
0 0.6566722972972973 0.9410460992907801 0.056587837837837836 0.05585106382978723
0 0.6414695945945946 0.7362588652482269 0.032939189189189186 0.054078014184397165
0 0.893581081081081 0.19547872340425532 0.02533783783783784 0.03280141843971631
0 0.9075168918918919 0.16134751773049646 0.032939189189189186 0.03900709219858156
0 0.8834459459459459 0.08643617021276596 0.060810810810810814 0.08244680851063829
6 0.6385135135135135 0.1675531914893617 0.08783783783783784 0.07801418439716312
3 0.5688344594594594 0.1400709219858156 0.0633445945945946 0.04609929078014184
3 0.6338682432432432 0.30230496453900707 0.13935810810810811 0.16666666666666666
