0 0.8099489795918368 0.9166666666666666 0.07908163265306123 0.07021996615905245
3 0.3762755102040816 0.6370558375634517 0.045068027210884355 0.050761421319796954
0 0.6564625850340136 0.1598984771573604 0.06972789115646258 0.06091370558375635
0 0.560374149659864 0.18401015228426396 0.06462585034013606 0.0583756345177665
0 0.5880102040816326 0.233502538071066 0.036564625850340135 0.0338409475465313
0 0.5191326530612245 0.39382402707275804 0.06547619047619048 0.06345177664974619
0 0.4914965986394558 0.37140439932318103 0.05442176870748299 0.06429780033840947
0 0.45408163265306123 0.35279187817258884 0.061224489795918366 0.06598984771573604
0 0.40008503401360546 0.3637901861252115 0.058673469387755105 0.0676818950930626
0 0.5106292517006803 0.3066835871404399 0.07738095238095238 0.08544839255499154
0 0.4732142857142857 0.1865482233502538 0.07568027210884354 0.07021996615905245
0 0.4340986394557823 0.24407783417935702 0.06037414965986394 0.046531302876480544
0 0.38052721088435376 0.2952622673434856 0.070578231292517 0.07106598984771574
0 0.3567176870748299 0.36548223350253806 0.05187074829931973 0.05583756345177665
0 0.39200680272108845 0.43316412859560066 0.025510204081632654 0.028764805414551606
0 0.23554421768707484 0.19373942470389172 0.08333333333333333 0.08460236886632826
0 0.2606292517006803 0.24153976311336717 0.06717687074829932 0.05668358714043993
0 0.3090986394557823 0.31175972927241963 0.07738095238095238 0.06345177664974619
0 0.336734693877551 0.24576988155668358 0.0782312925170068 0.06514382402707276
0 0.32695578231292516 0.37944162436548223 0.05357142857142857 0.04991539763113367
0 0.7100340136054422 0.07571912013536379 0.05102040816326531 0.046531302876480544
4 0.1602891156462585 0.2868020304568528 0.03316326530612245 0.030456852791878174
4 0.0663265306122449 0.15905245346869712 0.030612244897959183 0.032148900169204735
