5 0.6116928446771379 0.3532272325375774 0.017452006980802792 0.016799292661361626
3 0.2238219895287958 0.9022988505747126 0.09511343804537521 0.15826702033598586
3 0.1967713787085515 0.8152077807250221 0.10907504363001745 0.20159151193633953
0 0.10951134380453752 0.6830238726790451 0.11954624781849912 0.16003536693191867
3 0.1156195462478185 0.4504862953138815 0.0636998254799302 0.04155614500442087
3 0.1775741710296684 0.6118479221927497 0.15270506108202445 0.16091954022988506
0 0.262652705061082 0.47701149425287354 0.06980802792321117 0.08222811671087533
0 0.4363001745200698 0.39699381078691426 0.06457242582897033 0.08488063660477453
3 0.556282722513089 0.248894783377542 0.06195462478184991 0.04862953138815208
0 0.4642233856893543 0.46993810786914236 0.034904013961605584 0.03978779840848806
0 0.4493891797556719 0.5075154730327144 0.02443280977312391 0.03183023872679045
6 0.18673647469458987 0.4796640141467728 0.08900523560209424 0.07515473032714412
3 0.1762652705061082 0.5358090185676393 0.08551483420593368 0.060123784261715295
