0 0.38403614457831325 0.9488802336903602 0.06927710843373494 0.0827653359298929
0 0.2821285140562249 0.675267770204479 0.0642570281124498 0.08471275559883155
0 0.5451807228915663 0.7974683544303798 0.05622489959839357 0.07205452775073028
0 0.48895582329317266 0.7229795520934762 0.0642570281124498 0.0827653359298929
0 0.4508032128514056 0.8875365141187926 0.06224899598393574 0.07497565725413827
0 0.5180722891566265 0.9547224926971762 0.07028112449799197 0.0866601752677702
0 0.5532128514056225 0.928919182083739 0.03614457831325301 0.09737098344693282
0 0.5953815261044176 0.8407984420642648 0.030120481927710843 0.03213242453748783
0 0.6716867469879518 0.44644595910418694 0.060240963855421686 0.08081791626095423
0 0.6706827309236948 0.3943524829600779 0.0321285140562249 0.029211295034079845
0 0.5973895582329317 0.42210321324245376 0.04819277108433735 0.03213242453748783
2 0.5451807228915663 0.2546251217137293 0.02610441767068273 0.034079844206426485
0 0.4678714859437751 0.06523855890944498 0.07429718875502007 0.0759493670886076
0 0.677710843373494 0.5082765335929893 0.04618473895582329 0.054527750730282376
0 0.501004016064257 0.621713729308666 0.050200803212851405 0.03213242453748783
0 0.4422690763052209 0.9600778967867576 0.04718875502008032 0.035053554040895815
0 0.5135542168674698 0.5199610516066212 0.09738955823293173 0.10905550146056475
