0 0.5221920289855072 0.5331010452961672 0.057065217391304345 0.06097560975609756
0 0.416213768115942 0.445993031358885 0.058876811594202896 0.0627177700348432
0 0.5258152173913043 0.22343205574912892 0.08242753623188406 0.08449477351916376
0 0.6254528985507246 0.08449477351916376 0.09148550724637682 0.07665505226480836
0 0.11820652173913043 0.29747386759581884 0.057065217391304345 0.08275261324041812
4 0.7309782608695652 0.9503484320557491 0.025362318840579712 0.024390243902439025
0 0.8201992753623188 0.8741289198606271 0.04800724637681159 0.06707317073170732
0 0.9316123188405797 0.1402439024390244 0.049818840579710144 0.05749128919860627
0 0.8383152173913043 0.12761324041811847 0.020833333333333332 0.02003484320557491
0 0.8686594202898551 0.14329268292682926 0.028985507246376812 0.023519163763066203
