4 0.48095703125 0.29936594202898553 0.0166015625 0.015398550724637682
0 0.5615234375 0.29438405797101447 0.07421875 0.05615942028985507
0 0.57568359375 0.39492753623188404 0.0732421875 0.04891304347826087
0 0.91650390625 0.322463768115942 0.0830078125 0.07971014492753623
4 0.79052734375 0.018115942028985508 0.0302734375 0.02717391304347826
0 0.89453125 0.1331521739130435 0.048828125 0.03804347826086957
0 0.9267578125 0.19429347826086957 0.064453125 0.06431159420289854
3 0.91162109375 0.4633152173913043 0.0537109375 0.03894927536231884
0 0.720703125 0.8491847826086957 0.095703125 0.03894927536231884
0 0.60302734375 0.9021739130434783 0.0634765625 0.03985507246376811
0 0.6845703125 0.9578804347826086 0.068359375 0.042572463768115944
0 0.73291015625 0.8922101449275363 0.0634765625 0.041666666666666664
0 0.455078125 0.96875 0.0625 0.0552536231884058
3 0.96240234375 0.49773550724637683 0.0517578125 0.049818840579710144
