0 0.5267379679144385 0.8164179104477612 0.09803921568627451 0.09651741293532339
0 0.5984848484848485 0.799502487562189 0.04188948306595366 0.056716417910447764
0 0.5503565062388592 0.6457711442786069 0.040106951871657755 0.03980099502487562
0 0.5476827094474154 0.051741293532338306 0.09358288770053476 0.10149253731343283
0 0.696524064171123 0.17761194029850746 0.07219251336898395 0.0945273631840796
0 0.7272727272727273 0.2263681592039801 0.049910873440285206 0.04477611940298507
0 0.8262032085561497 0.24228855721393036 0.0338680926916221 0.03880597014925373
0 0.9135472370766489 0.21393034825870647 0.062388591800356503 0.09154228855721393
0 0.9073083778966132 0.12288557213930348 0.06417112299465241 0.08855721393034825
0 0.8948306595365418 0.3920398009950249 0.0570409982174688 0.041791044776119404
