0 0.2706043956043956 0.40466531440162273 0.06868131868131869 0.04665314401622718
0 0.2467948717948718 0.6029411764705882 0.06868131868131869 0.04969574036511156
0 0.46382783882783885 0.4716024340770791 0.07051282051282051 0.056795131845841784
0 0.6190476190476191 0.45689655172413796 0.07142857142857142 0.06795131845841786
0 0.38278388278388276 0.6997971602434077 0.06227106227106227 0.07099391480730223
3 0.3489010989010989 0.8747464503042597 0.047619047619047616 0.02738336713995943
3 0.3383699633699634 0.9011156186612576 0.03205128205128205 0.015212981744421906
3 0.489010989010989 0.7550709939148073 0.027472527472527472 0.0436105476673428
3 0.7394688644688645 0.6110547667342799 0.039377289377289376 0.02738336713995943
3 0.8658424908424909 0.14553752535496958 0.037545787545787544 0.03144016227180527
