0 0.3895522388059702 0.6404040404040404 0.046766169154228855 0.046464646464646465
0 0.3049751243781095 0.6878787878787879 0.09253731343283582 0.10909090909090909
0 0.3308457711442786 0.6409090909090909 0.05472636815920398 0.05353535353535353
0 0.33930348258706466 0.5434343434343434 0.09950248756218906 0.10101010101010101
0 0.3716417910447761 0.5909090909090909 0.056716417910447764 0.050505050505050504
0 0.4388059701492537 0.4580808080808081 0.04378109452736319 0.047474747474747475
0 0.5522388059701493 0.6095959595959596 0.1054726368159204 0.1101010101010101
0 0.6039800995024875 0.6075757575757575 0.061691542288557215 0.06767676767676768
0 0.508955223880597 0.5535353535353535 0.04875621890547264 0.044444444444444446
0 0.4810945273631841 0.5237373737373737 0.0626865671641791 0.06363636363636363
0 0.8830845771144279 0.9489898989898989 0.09651741293532339 0.09595959595959595
0 0.926865671641791 0.9383838383838384 0.09054726368159204 0.07676767676767676
0 0.8243781094527363 0.6818181818181818 0.1044776119402985 0.08888888888888889
