0 0.5164492342597845 0.1254295532646048 0.06976744186046512 0.035509736540664374
0 0.43590470788428815 0.1563573883161512 0.052750992626205334 0.058419243986254296
0 0.43732274532047644 0.08934707903780069 0.04424276800907544 0.045055364642993506
0 0.5195689166193987 0.21630393279877816 0.04424276800907544 0.019473081328751432
0 0.5368689733408962 0.22985872470408553 0.06296086216676121 0.022909507445589918
0 0.5422575155984118 0.24818633066055745 0.04537719795802609 0.019854906452844597
0 0.5173000567214975 0.356815578465063 0.018150879183210438 0.01718213058419244
0 0.524390243902439 0.368270332187858 0.019852524106636415 0.011836578846888126
0 0.5397050482132728 0.35853379152348225 0.023255813953488372 0.016036655211912942
0 0.5524673851389676 0.3709431080565101 0.019285309132161088 0.01794578083237877
0 0.5584231423709586 0.38697976326842304 0.060692002268859895 0.034746086292478044
0 0.6134429948950653 0.41676212294768994 0.035734543391945546 0.021764032073310423
0 0.6355643788996029 0.3602520045819015 0.01191151446398185 0.008781977854142803
0 0.6593874078275667 0.4623902252768232 0.0652297220646625 0.0672012218403971
0 0.6537152580828134 0.527873234058801 0.02665910380034033 0.014127529591447117
0 0.6009642654566081 0.5118365788468882 0.035734543391945546 0.03169148529973272
0 0.5482132728304028 0.49579992363497516 0.06636415201361316 0.054600992745322645
0 0.5660805445263755 0.4555173730431462 0.04310833806012479 0.029018709431080564
0 0.5354509359047079 0.4215349369988545 0.07827566647759501 0.046582665139366174
0 0.4875212705615428 0.4925544100801833 0.015314804310833806 0.013745704467353952
0 0.5229722064662508 0.5385643375334097 0.04197390811117414 0.021764032073310423
0 0.5184344866704481 0.5502100038182512 0.02949517867271696 0.024436807941962582
0 0.5527509926262053 0.6153111874761359 0.04254112308564946 0.035509736540664374
0 0.5224049914917753 0.6594119893088966 0.049914917753828704 0.027491408934707903
0 0.49602949517867273 0.5738831615120275 0.05955757231990925 0.046582665139366174
0 0.43448667044809985 0.5141275295914471 0.04310833806012479 0.041618938526155023
0 0.43051616562677253 0.6093928980526919 0.017016449234259785 0.019091256204658267
0 0.41605218377765174 0.646811760213822 0.027793533749290982 0.03436426116838488
0 0.4239931934203063 0.6290568919434899 0.025524673851389675 0.01718213058419244
0 0.5124787294384572 0.7718594883543337 0.033465683494044246 0.027109583810614738
0 0.6001134429948951 0.7581137838869798 0.0760068065796937 0.034746086292478044
0 0.6165626772546795 0.7972508591065293 0.055587067498581964 0.03589156166475754
0 0.653998865570051 0.8163421153111875 0.06466250709018719 0.043528064146620846
0 0.6610890527509926 0.8558610156548301 0.04480998298355077 0.037800687285223365
0 0.7007941009642654 0.8676975945017182 0.03800340328984685 0.02787323405880107
0 0.6922858763471356 0.8356242840778924 0.041406693136698806 0.033982436044291714
0 0.586783891094725 0.8379152348224513 0.04821327283040272 0.06071019473081329
0 0.5212705615428247 0.812905689194349 0.0476460578559274 0.042000763650248185
0 0.6670448099829835 0.8919434898816342 0.046511627906976744 0.022909507445589918
0 0.6695972773681225 0.9165712103856434 0.06182643221781055 0.041618938526155023
0 0.6554169030062393 0.9421534936998854 0.05955757231990925 0.022527682321496753
0 0.5958593306863301 0.8873615883925162 0.02665910380034033 0.018327605956471937
0 0.5224049914917753 0.8974799541809851 0.04537719795802609 0.05154639175257732
0 0.5153148043108338 0.9595265368461244 0.04254112308564946 0.06414662084765177
0 0.5751559841179807 0.9725085910652921 0.04537719795802609 0.038182512409316534
0 0.6420873511060692 0.9725085910652921 0.04083947816222348 0.026727758686521573
0 0.41349971639251276 0.9087437953417334 0.06012478729438457 0.032073310423825885
0 0.34855360181508793 0.9730813287514318 0.04821327283040272 0.04009163802978236
0 0.29126488939308 0.9749904543718977 0.05048213272830403 0.043146239022527684
0 0.21412365286443563 0.9830087819778541 0.09472490073737946 0.033982436044291714
0 0.19256948383437322 0.9614356624665903 0.07884288145207033 0.06338297059946545
0 0.33437322745320475 0.8944253531882398 0.20249574588769143 0.10194730813287514
0 0.4299489506522972 0.8155784650630011 0.030629608621667612 0.025964108438335243
0 0.3264322178105502 0.7617411225658648 0.06749858196256381 0.044291714394807176
0 0.3153715258082813 0.6849942726231386 0.0476460578559274 0.08476517754868271
0 0.3729438457175269 0.6977854142802596 0.025524673851389675 0.016418480336006108
0 0.32870107770845153 0.6296296296296297 0.0652297220646625 0.032836960672012215
0 0.3278502552467385 0.5935471554028255 0.06466250709018719 0.026345933562428408
0 0.3749290981281906 0.5778923253150057 0.027226318774815655 0.034746086292478044
0 0.4047078842881452 0.4782359679266896 0.05388542257515598 0.03169148529973272
0 0.4384571752694271 0.46964490263459335 0.0476460578559274 0.029782359679266894
0 0.3346568349404424 0.5588010691103474 0.05672149744753262 0.025582283314242078
0 0.33068633011911513 0.5362733867888507 0.06466250709018719 0.021000381825124093
0 0.3777651730005672 0.5192821687667049 0.013613159387407828 0.012982054219167621
0 0.3340896199659671 0.5026727758686521 0.06579693703913783 0.045437189767086675
0 0.38145207033465683 0.44578083237877053 0.06182643221781055 0.045437189767086675
0 0.3196256381168463 0.4639175257731959 0.06976744186046512 0.045819014891179836
0 0.34429948950652295 0.39805269186712483 0.04310833806012479 0.0286368843069874
0 0.26290414066931367 0.38029782359679265 0.10720363017583664 0.11912943871706758
0 0.3048780487804878 0.3360061092019855 0.09585933068633012 0.09545628102329133
0 0.21781055019852524 0.31538755250095457 0.049914917753828704 0.027491408934707903
0 0.3258650028360749 0.2741504390988927 0.05048213272830403 0.029782359679266894
0 0.3732274532047646 0.26594119893088963 0.05899035734543392 0.041618938526155023
2 0.3326715825297788 0.306032836960672 0.016449234259784458 0.01718213058419244
0 0.24588769143505387 0.2785414280259641 0.07997731140102099 0.044673539518900345
0 0.3598979013045944 0.2269950362733868 0.0368689733408962 0.02787323405880107
0 0.40754395916052183 0.2588774341351661 0.033465683494044246 0.029782359679266894
0 0.4716392512762337 0.28675066819396716 0.04254112308564946 0.038182512409316534
0 0.4775950085082246 0.3193967163039328 0.03176403857061826 0.0286368843069874
0 0.4784458309699376 0.25181366933944255 0.04254112308564946 0.034746086292478044
0 0.4540555870674986 0.2258495609011073 0.052750992626205334 0.026345933562428408
0 0.4498014747589336 0.18957617411225658 0.024957458876914352 0.020236731576937762
0 0.3301191151446398 0.1827033218785796 0.061259217243335225 0.047728140511645666
0 0.3054452637549631 0.20504009163802978 0.03233125354509359 0.019854906452844597
0 0.2739648326715825 0.22088583428789615 0.03516732841747022 0.024818633066055747
0 0.24333522404991492 0.24284077892325315 0.038570618264322176 0.021382206949217258
0 0.2280204197390811 0.23501336387934327 0.02836074872376631 0.014127529591447117
0 0.24163357912648895 0.1970217640320733 0.055587067498581964 0.03436426116838488
0 0.21412365286443563 0.18423062237495227 0.028927963698241632 0.014891179839633447
0 0.38060124787294386 0.08457426498663612 0.06579693703913783 0.046964490263459335
0 0.24532047646057856 0.12943871706758306 0.04367555303460011 0.028255059182894234
3 0.23170731707317074 0.1552119129438717 0.014180374361883154 0.016418480336006108
0 0.14180374361883152 0.13363879343260787 0.16903006239364718 0.039709812905689194
0 0.15087918321043675 0.16800305460099274 0.032898468519568916 0.026727758686521573
0 0.16534316505955757 0.20523100420007637 0.08451503119682359 0.038564337533409696
0 0.1344299489506523 0.09469263077510501 0.02041973908111174 0.010691103474608629
0 0.1505955757231991 0.09545628102329133 0.009642654566080544 0.010691103474608629
0 0.16222348269994327 0.09507445589919816 0.011344299489506523 0.008400152730049638
0 0.1106069200226886 0.09488354333715159 0.012478729438457176 0.008018327605956471
0 0.028927963698241632 0.12142038946162657 0.05672149744753262 0.030546009927453228
0 0.0836642087351106 0.24474990454371898 0.041406693136698806 0.025200458190148912
0 0.032898468519568916 0.2334860633829706 0.06466250709018719 0.043146239022527684
0 0.08990357345433919 0.2943871706758305 0.06296086216676121 0.03665521191294387
0 0.009642654566080544 0.2896143566246659 0.018150879183210438 0.03169148529973272
0 0.1466250709018718 0.33505154639175255 0.07997731140102099 0.053073692248949984
0 0.1812251843448667 0.3864070255822833 0.06182643221781055 0.045055364642993506
0 0.20930232558139536 0.41008018327605955 0.03743618831537152 0.021382206949217258
0 0.20901871809415767 0.4350897289041619 0.06182643221781055 0.033982436044291714
0 0.23908111174134997 0.44978999618174875 0.03233125354509359 0.018327605956471937
0 0.24446965399886558 0.4812905689194349 0.055587067498581964 0.02940053455517373
0 0.24220079410096426 0.5131729667812142 0.05672149744753262 0.029018709431080564
0 0.23766307430516165 0.5435280641466208 0.05331820760068066 0.034746086292478044
0 0.23624503686897333 0.6909125620465827 0.055019852524106634 0.06529209621993128
0 0.24276800907543958 0.740168003054601 0.03970504821327283 0.02940053455517373
0 0.2396483267158253 0.7668957617411226 0.028927963698241632 0.022527682321496753
0 0.2158252977878616 0.8062237495227186 0.02665910380034033 0.030164184803360063
0 0.24078275666477594 0.804696449026346 0.03233125354509359 0.059182894234440626
0 0.2410663641520136 0.855479190530737 0.03516732841747022 0.039327987781596026
0 0.13698241633579125 0.9471172203130966 0.047078842881452074 0.026345933562428408
0 0.16392512762336925 0.9358533791523482 0.022688598979013045 0.016800305460099276
0 0.07203630175836642 0.9702176403207331 0.07487237663074305 0.032836960672012215
0 0.02098695405558707 0.9858724704085529 0.04083947816222348 0.028255059182894234
0 0.008508224617129892 0.9194348988163421 0.01588201928530913 0.023673157693776252
0 0.03885422575155984 0.9117983963344788 0.041406693136698806 0.023673157693776252
0 0.09188882586500284 0.8906071019473081 0.06012478729438457 0.038564337533409696
0 0.060692002268859895 0.8608247422680413 0.06920022688598979 0.047728140511645666
0 0.03545093590470788 0.8291332569683085 0.05955757231990925 0.033982436044291714
0 0.12308564946114578 0.843069873997709 0.10663641520136131 0.10232913325696831
0 0.20079410096426545 0.8816342115311188 0.038570618264322176 0.023673157693776252
0 0.1888825865002836 0.8507063764795724 0.036301758366420876 0.022145857197403588
0 0.1789563244469654 0.8100420007636503 0.04480998298355077 0.023291332569683087
0 0.1758366420873511 0.8327605956471936 0.02836074872376631 0.025964108438335243
0 0.1514463981849121 0.7823596792668958 0.04083947816222348 0.021382206949217258
0 0.16534316505955757 0.7665139366170294 0.01871809415768576 0.013363879343260786
0 0.1866137266023823 0.7745322642229858 0.026091888825865002 0.020236731576937762
0 0.06636415201361316 0.7747231767850324 0.04310833806012479 0.019854906452844597
0 0.07657402155416904 0.789614356624666 0.03516732841747022 0.019854906452844597
0 0.10635280771412366 0.7808323787705231 0.03800340328984685 0.022145857197403588
0 0.09897901304594442 0.7617411225658648 0.03119682359614294 0.015273004963726614
0 0.019568916619398753 0.7999236349751814 0.03800340328984685 0.021382206949217258
0 0.012762336925694838 0.7800687285223368 0.024390243902439025 0.029782359679266894
0 0.14577424844015882 0.6972126765941199 0.05899035734543392 0.022909507445589918
0 0.055587067498581964 0.7352042764413899 0.09302325581395349 0.0286368843069874
0 0.01020986954055587 0.6935853379152348 0.01020986954055587 0.008018327605956471
0 0.17328417470221213 0.6252386407025582 0.04821327283040272 0.046200840015273005
0 0.06778218944980148 0.6420389461626576 0.05615428247305729 0.021764032073310423
0 0.12393647192285877 0.6344024436807942 0.039137833238797506 0.027109583810614738
0 0.06948383437322746 0.6172203130966017 0.04254112308564946 0.020236731576937762
0 0.17413499716392514 0.5616647575410462 0.04537719795802609 0.051164566628484155
0 0.17640385706182643 0.5211912943871707 0.0476460578559274 0.012982054219167621
0 0.1191151446398185 0.5861015654830087 0.04424276800907544 0.03512791141657121
0 0.06466250709018719 0.5899198167239404 0.030629608621667612 0.03360061092019855
0 0.014180374361883154 0.6036655211912944 0.027226318774815655 0.019091256204658267
0 0.059841179807146906 0.565864833906071 0.033465683494044246 0.014509354715540282
0 0.060408394781622236 0.5460099274532264 0.030062393647192286 0.022145857197403588
0 0.04821327283040272 0.5227185948835433 0.04197390811117414 0.022909507445589918
0 0.12223482699943279 0.5257731958762887 0.04367555303460011 0.044291714394807176
0 0.12166761202495746 0.5588010691103474 0.039137833238797506 0.01718213058419244
0 0.017016449234259785 0.5811378388697976 0.019285309132161088 0.011454753722794959
0 0.009926262053318207 0.5488736158839251 0.01871809415768576 0.018709431080565102
2 0.008791832104367556 0.48949980908743795 0.008508224617129892 0.009163802978235968
0 0.14804310833806011 0.45208094692630774 0.07714123652864435 0.08705612829324169
0 0.11401020986954055 0.47556319205803743 0.05331820760068066 0.042382588774341354
0 0.09671015314804311 0.4587628865979381 0.019852524106636415 0.014891179839633447
0 0.04083947816222348 0.45570828560519283 0.07146908678389109 0.0286368843069874
0 0.05246738513896767 0.49427262313860254 0.06636415201361316 0.025582283314242078
0 0.028077141236528644 0.4746086292478045 0.03119682359614294 0.020618556701030927
0 0.07657402155416904 0.42229858724704084 0.05331820760068066 0.03665521191294387
0 0.014180374361883154 0.42917143948071784 0.027226318774815655 0.020618556701030927
0 0.029778786159954624 0.4150439098892707 0.03119682359614294 0.022909507445589918
0 0.12535450935904707 0.40034364261168387 0.02949517867271696 0.011836578846888126
0 0.10465116279069768 0.3745704467353952 0.04367555303460011 0.041237113402061855
0 0.033749290981281904 0.3848797250859107 0.06636415201361316 0.03360061092019855
0 0.057855927396483264 0.39156166475754106 0.0476460578559274 0.021764032073310423
0 0.09103800340328985 0.36368843069873996 0.05388542257515598 0.04009163802978236
0 0.06352807714123652 0.3340969835815197 0.05445263754963131 0.03360061092019855
0 0.7855927396483268 0.8585337915234822 0.036301758366420876 0.018709431080565102
0 0.8218944980147476 0.473463153875525 0.012478729438457176 0.013745704467353952
1 0.8162223482699943 0.7277586865215732 0.009075439591605219 0.017563955708285606
1 0.9920589903573455 0.7191676212294769 0.01588201928530913 0.011836578846888126
1 0.9929098128190584 0.7273768613974799 0.014180374361883154 0.012218403970981291
1 0.9092456040839478 0.6393661702940053 0.0476460578559274 0.014891179839633447
1 0.9061259217243335 0.6218022145857197 0.030062393647192286 0.01794578083237877
1 0.9041406693136699 0.6168384879725086 0.019285309132161088 0.008781977854142803
1 0.8998865570051049 0.6093928980526919 0.02098695405558707 0.006872852233676976
1 0.891378332387975 0.5988927071401298 0.02098695405558707 0.008018327605956471
1 0.8615995462280204 0.58323787705231 0.01020986954055587 0.015654830087819777
1 0.844299489506523 0.5339824360442917 0.013045944412932501 0.004200076365024819
1 0.8474191718661372 0.5429553264604811 0.011344299489506523 0.006872852233676976
1 0.8502552467385139 0.5460099274532264 0.012478729438457176 0.004581901489117984
1 0.8496880317640386 0.5486827033218786 0.013613159387407828 0.0038182512409316535
1 0.8519568916619399 0.5517373043146239 0.013613159387407828 0.0030546009927453228
1 0.8488372093023255 0.43909889270714014 0.003970504821327283 0.010691103474608629
1 0.8576290414066932 0.4419625811378389 0.01588201928530913 0.013363879343260786
1 0.8692569483834374 0.4543718976708667 0.019852524106636415 0.012982054219167621
1 0.8769143505388542 0.45666284841542576 0.02836074872376631 0.016036655211912942
1 0.8825865002836075 0.460672012218404 0.02041973908111174 0.011836578846888126
1 0.8919455473624504 0.46525391370752195 0.013045944412932501 0.014127529591447117
1 0.7226318774815655 0.2787323405880107 0.017016449234259785 0.007636502481863307
1 0.7169597277368123 0.28560519282168767 0.01474758933635848 0.012218403970981291
1 0.7178105501985252 0.2920962199312715 0.01871809415768576 0.009163802978235968
1 0.7152580828133863 0.29705994654448264 0.019285309132161088 0.008400152730049638
1 0.7132728304027226 0.30126002290950743 0.01758366420873511 0.005345551737304314
1 0.7231990924560409 0.30813287514318444 0.02949517867271696 0.0038182512409316535
1 0.7263187748156551 0.3148148148148148 0.02098695405558707 0.004200076365024819
1 0.7291548496880318 0.3182512409316533 0.010777084515031198 0.002672775868652157
1 0.7370958593306863 0.3193967163039328 0.02212138400453772 0.007254677357770141
1 0.7387975042541123 0.3237877052310042 0.01758366420873511 0.0061092019854906456
1 0.735677821894498 0.32760595647193586 0.012478729438457176 0.0038182512409316535
1 0.7492909812819059 0.32569683085147005 0.011344299489506523 0.015273004963726614
1 0.7558139534883721 0.3258877434135166 0.01191151446398185 0.013363879343260786
1 0.7637549631310266 0.33505154639175255 0.02212138400453772 0.006491027109583811
1 0.7864435621100397 0.35337915234822453 0.014180374361883154 0.015654830087819777
1 0.7958026091888826 0.3547155402825506 0.013613159387407828 0.018327605956471937
1 0.8366420873511061 0.3722794959908362 0.013613159387407828 0.022909507445589918
1 0.8428814520703346 0.37877052310042003 0.019285309132161088 0.025964108438335243
1 0.6888825865002836 0.1775486827033219 0.02212138400453772 0.007636502481863307
1 0.712138400453772 0.1884306987399771 0.009642654566080544 0.01718213058419244
1 0.7305728871242201 0.1958762886597938 0.01588201928530913 0.015273004963726614
1 0.683494044242768 0.14051164566628485 0.01588201928530913 0.006872852233676976
1 0.6920022688598979 0.12619320351279115 0.019285309132161088 0.013363879343260786
2 0.28077141236528647 0.6208476517754868 0.005672149744753261 0.011454753722794959
2 0.19597277368122518 0.3361970217640321 0.016449234259784458 0.016418480336006108
2 0.48043108338060125 0.021954944635357007 0.01588201928530913 0.007254677357770141
2 0.48099829835507657 0.032073310423825885 0.01588201928530913 0.008400152730049638
0 0.43505388542257517 0.5473463153875525 0.038570618264322176 0.0286368843069874
0 0.43448667044809985 0.5712103856433753 0.04083947816222348 0.021382206949217258
0 0.2521270561542825 0.5780832378770523 0.025524673851389675 0.032836960672012215
0 0.24163357912648895 0.6244749904543719 0.04310833806012479 0.06147384497899962
0 0.23000567214974477 0.6435662466590302 0.03800340328984685 0.024818633066055747
0 0.46823596142938173 0.6135929744177167 0.06409529211571185 0.049637266132111495
0 0.45065229722064665 0.6531118747613593 0.04594441293250142 0.042382588774341354
0 0.4336358479863868 0.6823214967544865 0.035734543391945546 0.026727758686521573
0 0.38882586500283606 0.766704849179076 0.047078842881452074 0.037418862161130204
0 0.313953488372093 0.8083237877052311 0.052750992626205334 0.042764413898434515
0 0.3091321610890527 0.853188239786178 0.06012478729438457 0.041618938526155023
0 0.36443562110039707 0.8283696067201222 0.047078842881452074 0.049255441008018326
0 0.11145774248440159 0.2520045819014891 0.035734543391945546 0.026727758686521573
0 0.14605785592739648 0.26288659793814434 0.055019852524106634 0.034746086292478044
0 0.17782189449801475 0.27357770141275295 0.04821327283040272 0.036273386788850705
0 0.32756664775950084 0.10862924780450553 0.04594441293250142 0.026345933562428408
0 0.30090754395916053 0.1265750286368843 0.04594441293250142 0.030927835051546393
0 0.5053885422575156 0.16151202749140894 0.04537719795802609 0.037418862161130204
0 0.5363017583664209 0.26613211149293625 0.04367555303460011 0.016800305460099276
0 0.5377197958026092 0.30966017563955706 0.0760068065796937 0.07025582283314243
