5 0.36573236889692584 0.5599128540305011 0.0081374321880651 0.0196078431372549
0 0.7219710669077758 0.866557734204793 0.07504520795660036 0.10348583877995643
0 0.8829113924050633 0.7717864923747276 0.07866184448462929 0.09041394335511982
0 0.8530741410488246 0.5196078431372549 0.06600361663652803 0.09368191721132897
0 0.8575949367088608 0.43790849673202614 0.04430379746835443 0.054466230936819175
0 0.8028933092224232 0.5392156862745098 0.03074141048824593 0.0392156862745098
0 0.8358951175406871 0.576797385620915 0.022603978300180832 0.02505446623093682
0 0.9452983725135624 0.5136165577342048 0.09674502712477397 0.11655773420479303
5 0.9665461121157324 0.795751633986928 0.012658227848101266 0.016339869281045753
0 0.7549728752260397 0.9046840958605664 0.06690777576853527 0.06427015250544663
