0 0.04682779456193353 0.8546209761163032 0.06143001007049345 0.04776739356178609
0 0.0689828801611279 0.6666666666666666 0.07150050352467271 0.09968847352024922
0 0.06243705941591138 0.5737279335410177 0.07653575025176233 0.09449636552440291
0 0.25226586102719034 0.6220145379023884 0.09164149043303121 0.0976116303219107
0 0.36304128902316213 0.5332294911734164 0.07150050352467271 0.09657320872274143
0 0.4229607250755287 0.5887850467289719 0.044310171198388724 0.03946002076843198
0 0.19234642497482377 0.3987538940809969 0.094662638469285 0.0976116303219107
0 0.23716012084592145 0.37954309449636553 0.09164149043303121 0.07372793354101766
0 0.13141993957703926 0.11474558670820353 0.09365558912386707 0.07372793354101766
0 0.19687814702920442 0.11630321910695743 0.07754279959718026 0.05399792315680166
