0 0.8008032128514057 0.9274193548387096 0.06746987951807229 0.06835637480798772
0 0.7738955823293173 0.8771121351766513 0.060240963855421686 0.08294930875576037
0 0.6445783132530121 0.8271889400921659 0.061847389558232935 0.05837173579109063
0 0.6843373493975904 0.8072196620583717 0.05301204819277108 0.05222734254992319
0 0.593574297188755 0.7949308755760369 0.09317269076305221 0.0967741935483871
0 0.5433734939759036 0.6670506912442397 0.0714859437751004 0.06989247311827956
0 0.4718875502008032 0.5337941628264209 0.058634538152610445 0.05683563748079877
0 0.42530120481927713 0.48655913978494625 0.04417670682730924 0.042242703533026116
0 0.4863453815261044 0.358678955453149 0.06987951807228916 0.06605222734254992
0 0.6441767068273092 0.35407066052227343 0.07228915662650602 0.055299539170506916
0 0.7582329317269076 0.4535330261136713 0.06104417670682731 0.040706605222734255
0 0.5943775100401606 0.43855606758832566 0.06265060240963856 0.0629800307219662
0 0.5176706827309236 0.5848694316436251 0.06506024096385542 0.06374807987711213
0 0.5389558232931727 0.5353302611367128 0.06104417670682731 0.06144393241167435
0 0.3008032128514056 0.5564516129032258 0.07309236947791165 0.07142857142857142
0 0.3542168674698795 0.6144393241167435 0.08353413654618475 0.0629800307219662
0 0.42811244979919677 0.706221198156682 0.08032128514056225 0.07450076804915515
0 0.6598393574297189 0.7342549923195084 0.06506024096385542 0.06758832565284179
0 0.6281124497991968 0.6382488479262672 0.04979919678714859 0.06605222734254992
0 0.6188755020080321 0.48003072196620583 0.0891566265060241 0.10138248847926268
0 0.6421686746987951 0.5234254992319508 0.06345381526104418 0.07142857142857142
0 0.5742971887550201 0.11827956989247312 0.05461847389558233 0.06451612903225806
0 0.4738955823293173 0.17780337941628263 0.07710843373493977 0.07296466973886329
0 0.42409638554216866 0.22734254992319508 0.07710843373493977 0.07680491551459294
0 0.3393574297188755 0.30798771121351765 0.06827309236947791 0.0629800307219662
0 0.3493975903614458 0.41589861751152074 0.10120481927710843 0.10829493087557604
0 0.40963855421686746 0.3563748079877112 0.06746987951807229 0.06451612903225806
0 0.18393574297188756 0.5791090629800307 0.078714859437751 0.06758832565284179
0 0.24497991967871485 0.5518433179723502 0.07389558232931727 0.06374807987711213
0 0.19076305220883535 0.48425499231950847 0.0746987951807229 0.065284178187404
0 0.09839357429718876 0.5134408602150538 0.0746987951807229 0.07603686635944701
0 0.12048192771084337 0.6102150537634409 0.07550200803212852 0.08525345622119816
0 0.47670682730923697 0.2857142857142857 0.04899598393574297 0.059907834101382486
0 0.5819277108433735 0.23003072196620583 0.060240963855421686 0.040706605222734255
0 0.808433734939759 0.4009216589861751 0.07951807228915662 0.08755760368663594
0 0.885140562248996 0.3513824884792627 0.07550200803212852 0.09293394777265745
0 0.8502008032128514 0.30184331797235026 0.07630522088353414 0.07373271889400922
0 0.6582329317269077 0.23387096774193547 0.07309236947791165 0.06835637480798772
0 0.6634538152610442 0.2887864823348694 0.04819277108433735 0.047619047619047616
0 0.5662650602409639 0.31105990783410137 0.08514056224899598 0.07526881720430108
0 0.6032128514056225 0.31298003072196623 0.0642570281124498 0.04377880184331797
0 0.5550200803212851 0.2642089093701997 0.030522088353413655 0.030721966205837174
0 0.619277108433735 0.09523809523809523 0.04176706827309237 0.043010752688172046
0 0.755421686746988 0.1543778801843318 0.06827309236947791 0.06758832565284179
0 0.8052208835341366 0.16551459293394777 0.05381526104417671 0.05145929339477726
0 0.880722891566265 0.15053763440860216 0.07791164658634538 0.09984639016897082
0 0.8413654618473896 0.20583717357910905 0.06506024096385542 0.06144393241167435
0 0.8373493975903614 0.24692780337941628 0.06987951807228916 0.042242703533026116
0 0.7405622489959839 0.2857142857142857 0.08674698795180723 0.059907834101382486
0 0.7136546184738956 0.239247311827957 0.06666666666666667 0.06374807987711213
0 0.7779116465863454 0.24539170506912442 0.0714859437751004 0.08832565284178187
0 0.7726907630522089 0.08294930875576037 0.06907630522088354 0.06912442396313365
0 0.8325301204819278 0.11674347158218126 0.05381526104417671 0.07987711213517665
0 0.4710843373493976 0.4216589861751152 0.0746987951807229 0.06912442396313365
0 0.5112449799196788 0.4539170506912442 0.06666666666666667 0.059907834101382486
0 0.8301204819277108 0.6321044546850998 0.06666666666666667 0.0706605222734255
0 0.936144578313253 0.7684331797235023 0.06827309236947791 0.04531490015360983
0 0.785140562248996 0.19086021505376344 0.05381526104417671 0.04377880184331797
