3 0.5345088161209068 0.9776310183212612 0.014105793450881612 0.028547081380485728
3 0.9022670025188917 0.021729867916489135 0.027204030226700253 0.023008095440988495
3 0.8596977329974811 0.030251384746484873 0.021662468513853905 0.01278227524499361
3 0.8125944584382871 0.018747337025990626 0.020151133501259445 0.01533873029399233
3 0.10125944584382872 0.9448231785257776 0.01712846347607053 0.016616957818491693
3 0.12216624685138538 0.8378781423093311 0.012594458438287154 0.015764806135492117
3 0.18690176322418137 0.7935662547933532 0.02216624685138539 0.016616957818491693
3 0.004785894206549119 0.962079250106519 0.008564231738035265 0.018747337025990626
1 0.5574307304785894 0.9861525351512569 0.011586901763224182 0.008095440988495952
1 0.5788413098236775 0.9972305070302514 0.01309823677581864 0.005538985939497231
