4 0.5483506552191595 0.9887606318347509 0.01762313601446001 0.0212636695018226
3 0.6290103931314958 0.9550425273390036 0.10212381382738364 0.07411907654921021
3 0.6814279258924537 0.948359659781288 0.010845006778129237 0.020656136087484813
3 0.5987347492092182 0.9067436208991495 0.0921825576140985 0.08809234507897934
3 0.5779484862178039 0.8608748481166464 0.0894713059195662 0.08626974483596597
3 0.5485765928603705 0.81865127582017 0.06687754179846363 0.07108140947752126
0 0.473791233619521 0.7360267314702309 0.02937189335743335 0.05164034021871203
0 0.4270221418888387 0.6452004860267315 0.030727519204699502 0.06318347509113001
0 0.42069588793492996 0.5561968408262454 0.019882512426570267 0.03341433778857837
0 0.45232715770447357 0.548906439854192 0.022593764121102575 0.050425273390036454
0 0.41211025756891095 0.4957472660996355 0.021690013556258474 0.023086269744835967
0 0.39177586985991864 0.45534629404617255 0.0298237686398554 0.06743620899149454
0 0.43108901943063715 0.370595382746051 0.04699502937189336 0.0583232077764277
0 0.36511522819701764 0.15066828675577157 0.022593764121102575 0.05103280680437424
0 0.36714866696791687 0.20413122721749696 0.02033438770899232 0.04374240583232078
0 0.38477180298237684 0.25303766707168895 0.02394938996836873 0.043134872417982986
0 0.34726615454134657 0.2825030376670717 0.025756891098056935 0.031591737545565005
0 0.3635336647085404 0.02551640340218712 0.024853140533212834 0.04860267314702309
0 0.32738364211477633 0.2232685297691373 0.02937189335743335 0.11603888213851762
