8 0.1462701121404193 0.2789449112978525 0.07606045831301804 0.1984126984126984
8 0.18746952705997075 0.45168067226890757 0.0560702096538274 0.14425770308123248
8 0.21989273525109704 0.6024743230625583 0.057532910775231594 0.1395891690009337
8 0.24914675767918087 0.7593370681605975 0.05460750853242321 0.1395891690009337
3 0.26474890297415893 0.8314659197012139 0.017552413456850317 0.012138188608776844
3 0.22769380789858606 0.6750700280112045 0.013651877133105802 0.011204481792717087
3 0.2401267674305217 0.6760037348272643 0.01218917601170161 0.017740429505135387
3 0.24353973671379814 0.6227824463118581 0.01121404193076548 0.025210084033613446
3 0.20941004388103365 0.5245098039215687 0.016089712335446125 0.01353874883286648
3 0.17552413456850316 0.37488328664799253 0.01657727937591419 0.013071895424836602
3 0.11725987323256948 0.17600373482726425 0.010238907849829351 0.01027077497665733
1 0.9295465626523647 0.7439309056956116 0.024865919063871283 0.03221288515406162
1 0.8337396392003901 0.31139122315592904 0.025353486104339348 0.02334267040149393
1 0.8625060945880059 0.22829131652661064 0.02925402242808386 0.008403361344537815
1 0.8622623110677718 0.23739495798319327 0.029741589468551925 0.01727357609710551
1 0.8795709410043882 0.1900093370681606 0.028278888347147733 0.014939309056956116
3 0.8705509507557289 0.05228758169934641 0.019990248659190638 0.015873015873015872
