0 0.18575851393188855 0.1646143875567077 0.05056759545923633 0.059624108878807515
0 0.14654282765737875 0.19863901490602723 0.033023735810113516 0.034348671419313026
0 0.15479876160990713 0.262151652624757 0.04643962848297214 0.05508749189889825
0 0.20768833849329205 0.3185353208036293 0.0521155830753354 0.05897602073882048
0 0.24819401444788441 0.2767336357744653 0.0392156862745098 0.05184705119896306
0 0.2773477812177503 0.24497731691510044 0.03869969040247678 0.053143227478937134
0 0.2260061919504644 0.21840570317563188 0.043343653250773995 0.04536616979909268
0 0.1932404540763674 0.24530136098509397 0.03663570691434469 0.053791315618924175
0 0.15015479876160992 0.423201555411536 0.06604747162022703 0.06351263771872975
0 0.22497420020639836 0.3882047958522359 0.03715170278637771 0.04536616979909268
0 0.27321981424148606 0.3632534024627349 0.04179566563467492 0.04860661049902787
0 0.32430340557275544 0.3097861309138043 0.07688338493292053 0.0881399870382372
0 0.34726522187822495 0.3606610499027868 0.05675954592363261 0.08360337005832794
0 0.29437564499484004 0.5174983797796501 0.04489164086687306 0.05897602073882048
0 0.21259029927760578 0.5586519766688269 0.022703818369453045 0.03499675955930007
0 0.22884416924664602 0.5369410239792611 0.03973168214654283 0.049902786779001944
0 0.37280701754385964 0.4818535320803629 0.037667698658410735 0.04342190537913156
0 0.24226006191950464 0.6348023331173039 0.058307533539731685 0.06416072585871678
0 0.30314757481940147 0.6438755670771225 0.047987616099071206 0.03694102397926118
0 0.34545923632610936 0.7015554115359689 0.04489164086687306 0.053791315618924175
0 0.37745098039215685 0.6817887232663642 0.019091847265221878 0.03499675955930007
0 0.3973168214654283 0.6694750486066104 0.0392156862745098 0.0440699935191186
0 0.43550051599587203 0.7083603370058328 0.018575851393188854 0.031108230719377836
0 0.4215686274509804 0.7589112119248218 0.04231166150670795 0.04277381723914452
0 0.5018059855521155 0.7673363577446533 0.03973168214654283 0.03499675955930007
0 0.49226006191950467 0.81399870382372 0.04437564499484004 0.057031756318859365
0 0.43214654282765735 0.8340894361633182 0.03973168214654283 0.050550874918988985
0 0.38983488132094946 0.8344134802333117 0.02218782249742002 0.03305249513933895
0 0.25748194014447884 0.8123784834737524 0.05159958720330237 0.07453013609850939
0 0.5743034055727554 0.8036292935839274 0.07223942208462332 0.10110174983797797
0 0.38080495356037153 0.8859364873622813 0.043343653250773995 0.0492546986390149
0 0.4040247678018576 0.9053791315618924 0.04024767801857585 0.06221646143875567
0 0.6034571723426213 0.778353856124433 0.04489164086687306 0.04795852235904083
0 0.6179050567595459 0.814646791963707 0.019091847265221878 0.037589112119248216
0 0.6666666666666666 0.7686325340246274 0.048503611971104234 0.05184705119896306
0 0.6857585139318886 0.7310434219053791 0.021671826625386997 0.031108230719377836
0 0.6086171310629515 0.6497083603370059 0.0717234262125903 0.10304601425793908
0 0.6331269349845201 0.8823720025923526 0.02786377708978328 0.049902786779001944
0 0.6676986584107327 0.8804277381723914 0.03199174406604747 0.047310434219053794
0 0.6713106295149639 0.6717433570965652 0.033023735810113516 0.06675307841866494
0 0.7185242518059856 0.8130265716137395 0.029411764705882353 0.02268308489954634
0 0.7094943240454077 0.7747893713545042 0.03715170278637771 0.04860661049902787
0 0.7128482972136223 0.6756318859364874 0.03663570691434469 0.08360337005832794
0 0.7383900928792569 0.7342838626053143 0.03199174406604747 0.05832793259883344
3 0.6246130030959752 0.5972132209980557 0.024251805985552117 0.027867790019442645
0 0.6573787409700722 0.5861957226182761 0.0392156862745098 0.04082955281918341
0 0.7092363261093911 0.5683732987686325 0.04076367389060888 0.06221646143875567
0 0.6062951496388029 0.5466623460790667 0.038183694530443756 0.02916396629941672
0 0.6302889576883385 0.5443940375891121 0.012899896800825593 0.029812054439403757
0 0.531733746130031 0.6208684381075826 0.03973168214654283 0.0440699935191186
0 0.5668214654282766 0.5628645495787427 0.021155830753353973 0.04471808165910564
0 0.5420536635706914 0.5573558003888529 0.033539731682146544 0.027219701879455604
0 0.4716202270381837 0.6069345430978613 0.05056759545923633 0.053791315618924175
0 0.4419504643962848 0.6173039533376539 0.02218782249742002 0.04082955281918341
0 0.5079979360165119 0.5787427090084252 0.04179566563467492 0.0492546986390149
0 0.47368421052631576 0.5554115359688918 0.03611971104231166 0.029812054439403757
0 0.5159958720330238 0.4935191186001296 0.04231166150670795 0.04601425793907971
0 0.5559855521155831 0.46046662346079065 0.04179566563467492 0.04212572909915749
0 0.5531475748194015 0.4909267660401815 0.018575851393188854 0.0304601425793908
0 0.5433436532507739 0.5171743357096565 0.02786377708978328 0.04795852235904083
0 0.6555727554179567 0.47375243033052494 0.037667698658410735 0.0440699935191186
0 0.5902992776057792 0.4364873622812703 0.04231166150670795 0.047310434219053794
0 0.5686274509803921 0.4024627349319507 0.043343653250773995 0.050550874918988985
0 0.4953560371517028 0.4419961114711601 0.04437564499484004 0.046662346079066754
0 0.47316821465428277 0.4734283862605314 0.026831785345717233 0.03823720025923526
0 0.4664602683178535 0.2475696694750486 0.047471620227038186 0.04536616979909268
0 0.5033539731682146 0.21743357096565133 0.04592363261093911 0.047310434219053794
0 0.54437564499484 0.2187297472456254 0.0392156862745098 0.04601425793907971
0 0.5149638802889577 0.29228775113415423 0.0412796697626419 0.04536616979909268
0 0.4785861713106295 0.3084899546338302 0.03663570691434469 0.031108230719377836
0 0.47987616099071206 0.3373298768632534 0.0392156862745098 0.03953337653920933
0 0.5208978328173375 0.33311730395333766 0.04076367389060888 0.04795852235904083
0 0.5748194014447885 0.3460790667530784 0.0608875128998968 0.053143227478937134
0 0.4757481940144479 0.3846403110823072 0.0412796697626419 0.04082955281918341
0 0.5250257997936016 0.4199611147116008 0.03973168214654283 0.04795852235904083
0 0.5386996904024768 0.7268308489954634 0.0412796697626419 0.04860661049902787
0 0.4971620227038184 0.6451717433570966 0.03973168214654283 0.04082955281918341
0 0.5116099071207431 0.6902138690861958 0.04076367389060888 0.050550874918988985
