0 0.8962310327949095 0.5773294908741594 0.049926578560939794 0.10951008645533142
0 0.9769946157611356 0.4241114313160423 0.034263338228095935 0.08165225744476465
0 0.938570729319628 0.3366954851104707 0.03671071953010279 0.04707012487992315
0 0.8854625550660793 0.31412103746397696 0.05384238864415076 0.08069164265129683
0 0.9375917767988252 0.15658021133525457 0.041605482134116495 0.08261287223823247
0 0.8710230053842388 0.20893371757925072 0.04454233969652472 0.05475504322766571
0 0.8406754772393539 0.06243996157540826 0.024963289280469897 0.04418828049951969
0 0.447870778267254 0.8823246878001921 0.024473813020068527 0.08741594620557157
2 0.30959373470386686 0.7108549471661864 0.016152716593245228 0.026897214217098942
0 0.46500244738130203 0.7012487992315082 0.033284385707293196 0.1037463976945245
0 0.36588350465002445 0.6993275696445725 0.02594224180127264 0.040345821325648415
0 0.38742046010768477 0.654178674351585 0.023005384238864415 0.03650336215177714
0 0.3568281938325991 0.6258405379442843 0.04503181595692609 0.07588856868395773
0 0.40748898678414097 0.6253602305475504 0.040626529613313755 0.09029779058597502
0 0.42976015663240336 0.5581171950048031 0.043073910915320604 0.11143131604226705
0 0.4789525208027411 0.48222862632084534 0.050416054821341164 0.09990393852065321
0 0.521781693587861 0.38904899135446686 0.049926578560939794 0.1037463976945245
0 0.38742046010768477 0.43948126801152737 0.03573176700930005 0.08549471661863593
0 0.28928046989721 0.5220941402497599 0.055800293685756244 0.11815561959654179
0 0.3656387665198238 0.3126801152737752 0.04601076847772883 0.11623439000960614
0 0.40063631913852177 0.33957732949087416 0.039647577092511016 0.11047070124879924
0 0.43269701419481155 0.36407300672430354 0.04601076847772883 0.12103746397694524
0 0.5682819383259912 0.24495677233429394 0.040137053352912386 0.06724303554274735
0 0.5638766519823789 0.18011527377521613 0.06461086637298091 0.10854947166186359
0 0.5643661282427802 0.08021133525456292 0.05286343612334802 0.11047070124879924
0 0.20337738619676946 0.0792507204610951 0.02594224180127264 0.07396733909702209
0 0.6426823299069995 0.2367915465898175 0.049926578560939794 0.07780979827089338
0 0.3790993636808615 0.9121037463976945 0.049437102300538424 0.16234390009606148
