0 0.45370831259333 0.9620622568093385 0.0353409656545545 0.06679636835278858
0 0.4467396714783474 0.8664072632944229 0.022399203583872575 0.03761348897535668
0 0.48232951717272277 0.8576523994811932 0.02687904430064709 0.05382619974059663
0 0.41687406669985066 0.7613488975356679 0.02936784469885515 0.06874189364461739
0 0.4385266301642608 0.8038261997405967 0.025883524141363863 0.023994811932555125
0 0.46142359382777504 0.6712062256809338 0.0507715281234445 0.05966277561608301
0 0.4116475858636137 0.545071335927367 0.02687904430064709 0.04474708171206226
0 0.39198606271777003 0.49286640726329445 0.0233947237431558 0.04798962386511025
0 0.3917371826779492 0.438715953307393 0.023892483822797413 0.05901426718547341
0 0.3708312593330015 0.5755512321660181 0.02687904430064709 0.031776913099870296
0 0.39148830263812845 0.29507133592736706 0.024390243902439025 0.07003891050583658
0 0.4586859133897461 0.24221789883268482 0.10900945744151319 0.11867704280155641
0 0.5838725734196117 0.26621271076523995 0.0547536087605774 0.07457846952010376
0 0.6110004977600796 0.1929312581063554 0.04728720756595321 0.05771725032425422
0 0.5609756097560976 0.16277561608300908 0.051767048282727726 0.058365758754863814
0 0.5236436037829766 0.11575875486381323 0.04081632653061224 0.05382619974059663
0 0.48705823792931807 0.051232166018158234 0.024390243902439025 0.0324254215304799
4 0.49875559980089595 0.037937743190661476 0.011946241911398706 0.01880674448767834
4 0.335490293678447 0.20622568093385213 0.011946241911398706 0.01297016861219196
4 0.22000995520159283 0.18482490272373542 0.014932802389248382 0.019455252918287938
0 0.3198108511697362 0.248378728923476 0.042309606769537086 0.07652399481193256
0 0.2787456445993031 0.22568093385214008 0.025883524141363863 0.02464332036316472
0 0.2610751617720259 0.04474708171206226 0.028372324539571926 0.02464332036316472
0 0.38825286212045795 0.14591439688715954 0.045793927327028375 0.04539559014267185
0 0.44001991040318567 0.15304798962386512 0.06470881035340965 0.04798962386511025
0 0.34967645594823293 0.5110246433203631 0.03434544549527128 0.12840466926070038
