3 0.03618072714436993 0.5591805766312595 0.01729615248852806 0.027314112291350532
3 0.08559830568302153 0.5576631259484067 0.015178256265442993 0.03338391502276176
3 0.12989763501588422 0.5550075872534143 0.017649135192375574 0.02503793626707132
3 0.1833745146487822 0.5766312594840668 0.013060360042357924 0.03945371775417299
3 0.3069184609954112 0.47116843702579664 0.01941404871161313 0.0409711684370258
1 0.3201553123896929 0.45106221547799696 0.009883515707730321 0.02503793626707132
3 0.3729262266148959 0.4169195751138088 0.016590187080833037 0.023520485584218515
3 0.41899046946699614 0.4320940819423369 0.017649135192375574 0.02503793626707132
3 0.4620543593363925 0.48482549317147194 0.014825273561595482 0.025796661608497723
1 0.4857042004941758 0.38391502276176026 0.018355100600070597 0.10925644916540213
1 0.49099894105188846 0.3554628224582701 0.011295446523120367 0.05386949924127466
1 0.48358630427109073 0.2522761760242792 0.0063536886692552065 0.03110773899848255
1 0.4881750794211084 0.2522761760242792 0.008471584892340275 0.05386949924127466
1 0.7072008471584892 0.20675265553869498 0.018708083303918106 0.011380880121396054
1 0.7454994705259442 0.2279969650986343 0.0070596540769502295 0.0417298937784522
1 0.7534415813625133 0.2340667678300455 0.011648429226967879 0.05690440060698027
1 0.6230144722908577 0.19461305007587254 0.004235792446170138 0.015933232169954476
1 0.6314860571831981 0.19233687405159333 0.0035298270384751147 0.03110773899848255
1 0.6357218496293682 0.19840667678300455 0.0056477232615601836 0.02959028831562974
1 0.9283445111189552 0.05918057663125948 0.004235792446170138 0.021244309559939303
1 0.9138722202612072 0.03186646433990895 0.004941757853865161 0.04400606980273141
1 0.9069890575361808 0.03793626707132018 0.006000705965407695 0.02276176024279211
3 0.9285210024708789 0.03414264036418816 0.02435580656547829 0.03186646433990895
0 0.8921637839745853 0.03793626707132018 0.02717966819625838 0.05614567526555387
0 0.8729262266148958 0.05842185128983308 0.027532650900105895 0.06980273141122914
0 0.8517472643840451 0.06449165402124431 0.026826685492410872 0.06069802731411229
0 0.8014472290857748 0.09749620637329287 0.02717966819625838 0.05842185128983308
0 0.8143310977762089 0.012139605462822459 0.032474408753971055 0.02276176024279211
0 0.7530885986586657 0.12974203338391502 0.07730321214260501 0.09256449165402124
0 0.7640310624779386 0.021244309559939303 0.054006353688669254 0.0409711684370258
0 0.7352629721143664 0.03566009104704097 0.007765619484645252 0.01669195751138088
0 0.7276738439816449 0.03148710166919575 0.006706671373102718 0.015933232169954476
0 0.6856689022237911 0.09142640364188163 0.02717966819625838 0.04779969650986343
0 0.7063183903988705 0.09939301972685888 0.01694316978468055 0.02276176024279211
0 0.7068478644546418 0.082701062215478 0.010236498411577833 0.030349013657056147
0 0.7158489234027533 0.08687405159332322 0.007765619484645252 0.028072837632776935
0 0.6487822096717261 0.08535660091047041 0.03882809742322626 0.07663125948406677
0 0.5418284504059301 0.057283763277693474 0.07906812566184257 0.11001517450682853
0 0.5949523473349806 0.055007587253414265 0.027885633603953405 0.05690440060698027
0 0.4745852453229792 0.0409711684370258 0.02435580656547829 0.0637329286798179
0 0.4401694316978468 0.0417298937784522 0.06353688669255206 0.0819423368740516
0 0.400988351570773 0.06980273141122914 0.03459230497705612 0.10015174506828528
0 0.39251676667843277 0.16009104704097116 0.014119308153900459 0.07283763277693475
0 0.37751500176491354 0.07625189681335356 0.032827391457818565 0.06600910470409711
0 0.3051535474761737 0.22534142640364188 0.02717966819625838 0.04704097116843703
0 0.34362866219555244 0.0629742033383915 0.021531944934698198 0.042488619119878605
0 0.2763854571126015 0.11836115326251896 0.04588775150017649 0.0819423368740516
2 0.21761383692199082 0.15060698027314112 0.008118602188492764 0.012898330804248861
2 0.20755382986233675 0.2473444613050076 0.007765619484645252 0.010622154779969651
2 0.21108365690081185 0.26251896813353565 0.0063536886692552065 0.010622154779969651
2 0.21355453582774445 0.3220789074355083 0.007765619484645252 0.012898330804248861
0 0.24426403106247793 0.24127465857359637 0.04235792446170138 0.10318664643399089
0 0.19519943522767386 0.20637329286798178 0.04800564772326156 0.08042488619119878
0 0.1814331097776209 0.11760242792109256 0.02188492763854571 0.05311077389984825
0 0.1291916696081892 0.11494688922610015 0.028238616307800918 0.05842185128983308
0 0.13783974585245323 0.253793626707132 0.025767737380868336 0.05083459787556904
0 0.10589481115425343 0.26858877086494687 0.0338863395693611 0.06676783004552352
0 0.10836569008118602 0.19840667678300455 0.05082950935404165 0.11001517450682853
0 0.03653370984821744 0.3190440060698027 0.02647370278856336 0.044764795144157814
0 0.038298623367454994 0.22078907435508346 0.02647370278856336 0.07132018209408195
0 0.06441934345217085 0.20182094081942337 0.015884221673138015 0.05918057663125948
0 0.05153547476173667 0.13846737481031868 0.0338863395693611 0.05842185128983308
0 0.04553476879632898 0.07397572078907436 0.03459230497705612 0.06600910470409711
0 0.01200141193081539 0.06069802731411229 0.009177550300035298 0.03490136570561457
0 0.0370631839039887 0.0204855842185129 0.04094599364631133 0.03945371775417299
0 0.2029650547123191 0.1062215477996965 0.02117896223085069 0.0622154779969651
0 0.22308506883162724 0.11001517450682853 0.017649135192375574 0.048558421851289835
0 0.35139428168019765 0.16881638846737482 0.03494528768090364 0.0629742033383915
