0 0.09676577986437142 0.6939510321651464 0.04225352112676056 0.04944791166586654
0 0.12832550860719874 0.785405664906385 0.02190923317683881 0.02784445511281805
0 0.11919666145018258 0.7364378300528085 0.03599374021909233 0.050888142102736435
0 0.16118935837245696 0.7220355256841094 0.011476264997391758 0.014402304368698993
3 0.37219613980177363 0.7040326452232357 0.02556077203964528 0.016802688430148822
0 0.3202921231090245 0.6838694191070571 0.020865936358894107 0.014882381180988958
0 0.33098591549295775 0.6670667306769084 0.019300991131977047 0.024483917426788286
3 0.5738132498695879 0.8091694671147384 0.0198226395409494 0.017762842054728757
3 0.5863328116849243 0.8876620259241479 0.0198226395409494 0.019203072491598656
3 0.5375586854460094 0.9229476716274604 0.024517475221700575 0.01872299567930869
3 0.4066249347939489 0.9361497839654345 0.023474178403755867 0.019203072491598656
3 0.27021387584767864 0.9762361977916466 0.02608242044861763 0.014882381180988958
3 0.2081377151799687 0.9462313970235238 0.0198226395409494 0.02112337974075852
3 0.0714658320292123 0.9498319731156986 0.023995826812728223 0.014882381180988958
1 0.2949921752738654 0.9407105136821892 0.022430881585811163 0.011041766682669226
1 0.28925404277516953 0.9270283245319251 0.010954616588419406 0.00672107537205953
