0 0.4390414146114472 0.6135922330097088 0.05072126570497906 0.11941747572815534
0 0.45463006049325266 0.908252427184466 0.04001861330851559 0.04854368932038835
0 0.501628664495114 0.887621359223301 0.0577012563983248 0.07233009708737864
0 0.3483015355979525 0.9211165048543689 0.03396928804094928 0.025728155339805825
0 0.3822708236389018 0.9383495145631068 0.020009306654257795 0.018446601941747572
0 0.3306188925081433 0.7393203883495145 0.10283852954862727 0.07281553398058252
0 0.21800837598883202 0.8618932038834951 0.05444392740809679 0.0703883495145631
0 0.1814797580269893 0.903883495145631 0.08655188459748721 0.11747572815533981
0 0.14402047463936715 0.9245145631067961 0.037691949744067005 0.0354368932038835
0 0.11772917636109818 0.8859223300970874 0.021405304792926943 0.013592233009708738
0 0.13610981852024198 0.8466019417475729 0.04048394602140531 0.04271844660194175
0 0.1181945090739879 0.8303398058252427 0.03257328990228013 0.032524271844660196
0 0.03140995812005584 0.7342233009708737 0.036761284318287575 0.05
0 0.018613308515588647 0.5427184466019418 0.03350395532805956 0.06601941747572816
0 0.1642624476500698 0.5567961165048544 0.02791996277338297 0.03398058252427184
0 0.2263843648208469 0.3978155339805825 0.036761284318287575 0.0412621359223301
0 0.2047463936714751 0.4337378640776699 0.051186598417868774 0.03155339805825243
0 0.05141926477431363 0.4432038834951456 0.03396928804094928 0.04174757281553398
0 0.06537924616100511 0.3133495145631068 0.05072126570497906 0.052912621359223304
0 0.18683108422522104 0.2570388349514563 0.07305723592368543 0.05776699029126214
0 0.1665891112145184 0.30655339805825244 0.04094927873429502 0.04902912621359223
0 0.26384364820846906 0.20242718446601943 0.03350395532805956 0.03300970873786408
0 0.16914844113541183 0.02354368932038835 0.03210795718939041 0.04514563106796116
0 0.09678920428106096 0.011407766990291262 0.042810609585853886 0.017961165048543688
0 0.8029315960912052 0.032766990291262135 0.048859934853420196 0.04223300970873786
0 0.7238250348999534 0.05242718446601942 0.07212657049790601 0.043689320388349516
0 0.9106561191251745 0.0987864077669903 0.0949278734295021 0.0412621359223301
0 0.8380642159143787 0.0441747572815534 0.026989297347603535 0.03398058252427184
0 0.886924150767799 0.06334951456310679 0.068869241507678 0.05776699029126214
0 0.8822708236389019 0.01650485436893204 0.1330851558864588 0.03203883495145631
